State Code,District Code,India/States,Division,Group,Class,NIC Name,Main Workers - Total -  Persons,Main Workers - Total - Males,Main Workers - Total - Females,Main Workers - Rural -  Persons,Main Workers - Rural - Males,Main Workers - Rural - Females,Main Workers - Urban -  Persons,Main Workers - Urban - Males,Main Workers - Urban - Females,Marginal Workers - Total -  Persons,Marginal Workers - Total - Males,Marginal Workers - Total - Females,Marginal Workers - Rural -  Persons,Marginal Workers - Rural - Males,Marginal Workers - Rural - Females,Marginal Workers - Urban -  Persons,Marginal Workers - Urban - Males,Marginal Workers - Urban - Females
`05,`000,STATE - UTTARAKHAND,`00,`000,`0000,Total,25550,18567,6983,19338,13584,5754,6212,4983,1229,9406,4510,4896,8290,3998,4292,1116,512,604
`05,`000,STATE - UTTARAKHAND,`01,`000,`0000,"Crop and animal production, hunting and related service activities",988,608,380,890,522,368,98,86,12,1023,331,692,990,324,666,33,7,26
`05,`000,STATE - UTTARAKHAND,`01,`011,`0000,Growing of non-perennial crops,238,174,64,182,126,56,56,48,8,277,129,148,264,124,140,13,5,8
`05,`000,STATE - UTTARAKHAND,`01,`011,`0111,"Growing of cereals (except rice), leguminous crops and oil seeds",102,76,26,92,70,22,10,6,4,135,65,70,132,64,68,3,1,2
`05,`000,STATE - UTTARAKHAND,`01,`011,`0112,Growing of rice,4,2,2,2,0,2,2,2,0,0,0,0,0,0,0,0,0,0
`05,`000,STATE - UTTARAKHAND,`01,`011,`0113,"Growing of vegetables and melons, roots and tubers",26,10,16,26,10,16,0,0,0,60,22,38,60,22,38,0,0,0
`05,`000,STATE - UTTARAKHAND,`01,`011,`0114,Growing of sugar cane,2,2,0,2,2,0,0,0,0,10,4,6,10,4,6,0,0,0
`05,`000,STATE - UTTARAKHAND,`01,`011,`0116,Growing of fibre crops,50,38,12,40,28,12,10,10,0,50,28,22,48,26,22,2,2,0
`05,`000,STATE - UTTARAKHAND,`01,`011,`0119,Growing of other non-perennial crop,54,46,8,20,16,4,34,30,4,22,10,12,14,8,6,8,2,6
`05,`000,STATE - UTTARAKHAND,`01,`012,`0000,Growing of perennial crops,46,26,20,42,22,20,4,4,0,22,18,4,20,16,4,2,2,0
`05,`000,STATE - UTTARAKHAND,`01,`012,`0122,Growing of tropical and subtropical fruits,2,2,0,2,2,0,0,0,0,0,0,0,0,0,0,0,0,0
`05,`000,STATE - UTTARAKHAND,`01,`012,`0124,Growing of pome fruits and stone fruits,2,2,0,2,2,0,0,0,0,0,0,0,0,0,0,0,0,0
`05,`000,STATE - UTTARAKHAND,`01,`012,`0125,Growing of other tree and bush fruits and nuts,2,2,0,2,2,0,0,0,0,0,0,0,0,0,0,0,0,0
`05,`000,STATE - UTTARAKHAND,`01,`012,`0127,Growing of beverage crops,20,6,14,20,6,14,0,0,0,12,8,4,12,8,4,0,0,0
`05,`000,STATE - UTTARAKHAND,`01,`012,`0128,"Growing of spices, aromatic, drug and pharmaceutical crops",2,2,0,0,0,0,2,2,0,0,0,0,0,0,0,0,0,0
`05,`000,STATE - UTTARAKHAND,`01,`012,`0129,Growing of other perennial crops,18,12,6,16,10,6,2,2,0,10,10,0,8,8,0,2,2,0
`05,`000,STATE - UTTARAKHAND,`01,`013,`0000,Plant propagation,6,4,2,6,4,2,0,0,0,2,2,0,2,2,0,0,0,0
`05,`000,STATE - UTTARAKHAND,`01,`013,`0130,Plant propagation,6,4,2,6,4,2,0,0,0,2,2,0,2,2,0,0,0,0
`05,`000,STATE - UTTARAKHAND,`01,`014,`0000,Animal production,498,256,242,484,244,240,14,12,2,540,118,422,526,118,408,14,0,14
`05,`000,STATE - UTTARAKHAND,`01,`014,`0141,Raising of cattle and buffaloes,222,58,164,216,54,162,6,4,2,206,36,170,194,36,158,12,0,12
`05,`000,STATE - UTTARAKHAND,`01,`014,`0144,Raising of sheep and goats,146,120,26,140,114,26,6,6,0,48,28,20,48,28,20,0,0,0
`05,`000,STATE - UTTARAKHAND,`01,`014,`0146,Raising of poultry,12,10,2,12,10,2,0,0,0,8,4,4,8,4,4,0,0,0
`05,`000,STATE - UTTARAKHAND,`01,`014,`0149,Raising of other animals,118,68,50,116,66,50,2,2,0,278,50,228,276,50,226,2,0,2
`05,`000,STATE - UTTARAKHAND,`01,`015,`0000,Mixed farming,82,48,34,80,48,32,2,0,2,36,14,22,36,14,22,0,0,0
`05,`000,STATE - UTTARAKHAND,`01,`015,`0150,Mixed farming,82,48,34,80,48,32,2,0,2,36,14,22,36,14,22,0,0,0
`05,`000,STATE - UTTARAKHAND,`01,`016,`0000,Support activities to agriculture and post-harvest crop activities,118,100,18,96,78,18,22,22,0,146,50,96,142,50,92,4,0,4
`05,`000,STATE - UTTARAKHAND,`01,`016,`0161,Support activities for crop production,56,50,6,50,44,6,6,6,0,62,22,40,62,22,40,0,0,0
`05,`000,STATE - UTTARAKHAND,`01,`016,`0162,Support activities for animal production,2,0,2,2,0,2,0,0,0,0,0,0,0,0,0,0,0,0
`05,`000,STATE - UTTARAKHAND,`01,`016,`0163,Post-harvest crop activities,60,50,10,44,34,10,16,16,0,84,28,56,80,28,52,4,0,4
`05,`000,STATE - UTTARAKHAND,`02,`000,`0000,Forestry and logging,52,50,2,48,46,2,4,4,0,74,24,50,74,24,50,0,0,0
`05,`000,STATE - UTTARAKHAND,`02,`021,`0000,Silviculture and other forestry activities,18,16,2,16,14,2,2,2,0,8,8,0,8,8,0,0,0,0
`05,`000,STATE - UTTARAKHAND,`02,`021,`0210,Silviculture and other forestry activities,18,16,2,16,14,2,2,2,0,8,8,0,8,8,0,0,0,0
`05,`000,STATE - UTTARAKHAND,`02,`022,`0000,Logging,18,18,0,16,16,0,2,2,0,50,8,42,50,8,42,0,0,0
`05,`000,STATE - UTTARAKHAND,`02,`022,`0220,Logging,18,18,0,16,16,0,2,2,0,50,8,42,50,8,42,0,0,0
`05,`000,STATE - UTTARAKHAND,`02,`023,`0000,Gathering of non-wood forest products,8,8,0,8,8,0,0,0,0,16,8,8,16,8,8,0,0,0
`05,`000,STATE - UTTARAKHAND,`02,`023,`0230,Gathering of non-wood forest products,8,8,0,8,8,0,0,0,0,16,8,8,16,8,8,0,0,0
`05,`000,STATE - UTTARAKHAND,`02,`024,`0000,Support services to forestry,8,8,0,8,8,0,0,0,0,0,0,0,0,0,0,0,0,0
`05,`000,STATE - UTTARAKHAND,`02,`024,`0240,Support services to forestry,8,8,0,8,8,0,0,0,0,0,0,0,0,0,0,0,0,0
`05,`000,STATE - UTTARAKHAND,`03,`000,`0000,Fishing and aquaculture,6,6,0,6,6,0,0,0,0,0,0,0,0,0,0,0,0,0
`05,`000,STATE - UTTARAKHAND,`03,`031,`0000,Fishing,4,4,0,4,4,0,0,0,0,0,0,0,0,0,0,0,0,0
`05,`000,STATE - UTTARAKHAND,`03,`031,`0311,Marine fishing,4,4,0,4,4,0,0,0,0,0,0,0,0,0,0,0,0,0
`05,`000,STATE - UTTARAKHAND,`03,`032,`0000,Aquaculture,2,2,0,2,2,0,0,0,0,0,0,0,0,0,0,0,0,0
`05,`000,STATE - UTTARAKHAND,`03,`032,`0322,Freshwater aquaculture,2,2,0,2,2,0,0,0,0,0,0,0,0,0,0,0,0,0
`05,`000,STATE - UTTARAKHAND,`05,`000,`0000,Mining of coal and lignite,0,0,0,0,0,0,0,0,0,2,2,0,2,2,0,0,0,0
`05,`000,STATE - UTTARAKHAND,`05,`051,`0000,Mining of hard coal,0,0,0,0,0,0,0,0,0,2,2,0,2,2,0,0,0,0
`05,`000,STATE - UTTARAKHAND,`05,`051,`0510,Mining of hard coal,0,0,0,0,0,0,0,0,0,2,2,0,2,2,0,0,0,0
`05,`000,STATE - UTTARAKHAND,`07,`000,`0000,Mining of metal ores,4,4,0,4,4,0,0,0,0,2,2,0,2,2,0,0,0,0
`05,`000,STATE - UTTARAKHAND,`07,`072,`0000,Mining of non-ferrous metal ores,4,4,0,4,4,0,0,0,0,2,2,0,2,2,0,0,0,0
`05,`000,STATE - UTTARAKHAND,`07,`072,`0729,Mining of other non-ferrous metal ores,4,4,0,4,4,0,0,0,0,2,2,0,2,2,0,0,0,0
`05,`000,STATE - UTTARAKHAND,`08,`000,`0000,Other mining and quarrying,232,222,10,232,222,10,0,0,0,36,32,4,32,28,4,4,4,0
`05,`000,STATE - UTTARAKHAND,`08,`081,`0000,"Quarrying of stone, sand and clay",24,22,2,24,22,2,0,0,0,12,12,0,12,12,0,0,0,0
`05,`000,STATE - UTTARAKHAND,`08,`081,`0810,"Quarrying of stone, sand and clay",24,22,2,24,22,2,0,0,0,12,12,0,12,12,0,0,0,0
`05,`000,STATE - UTTARAKHAND,`08,`089,`0000,Mining and quarrying n.e.c.,208,200,8,208,200,8,0,0,0,24,20,4,20,16,4,4,4,0
`05,`000,STATE - UTTARAKHAND,`08,`089,`0899,Other mining and quarrying n.e.c.,208,200,8,208,200,8,0,0,0,24,20,4,20,16,4,4,4,0
`05,`000,STATE - UTTARAKHAND,`10,`000,`0000,Manufacture of food products,724,550,174,634,474,160,90,76,14,494,210,284,486,206,280,8,4,4
`05,`000,STATE - UTTARAKHAND,`10,`101,`0000,Processing and preserving of meat,18,10,8,16,8,8,2,2,0,8,4,4,8,4,4,0,0,0
`05,`000,STATE - UTTARAKHAND,`10,`101,`1010,Processing and preserving of meat,18,10,8,16,8,8,2,2,0,8,4,4,8,4,4,0,0,0
`05,`000,STATE - UTTARAKHAND,`10,`102,`0000,"Processing and preserving of fish, crustaceans and molluscs",2,2,0,0,0,0,2,2,0,0,0,0,0,0,0,0,0,0
`05,`000,STATE - UTTARAKHAND,`10,`102,`1020,"Processing and preserving of fish, crustaceans and molluscs and",2,2,0,0,0,0,2,2,0,0,0,0,0,0,0,0,0,0
`05,`000,STATE - UTTARAKHAND,`10,`103,`0000,Processing and preserving of fruit and vegetables,64,42,22,52,34,18,12,8,4,62,28,34,62,28,34,0,0,0
`05,`000,STATE - UTTARAKHAND,`10,`103,`1030,Processing and preserving of fruit and vegetables,64,42,22,52,34,18,12,8,4,62,28,34,62,28,34,0,0,0
`05,`000,STATE - UTTARAKHAND,`10,`104,`0000,Manufacture of vegetable and animal oils and fats,2,2,0,2,2,0,0,0,0,0,0,0,0,0,0,0,0,0
`05,`000,STATE - UTTARAKHAND,`10,`104,`1040,Manufacture of vegetable and animal oils and fats,2,2,0,2,2,0,0,0,0,0,0,0,0,0,0,0,0,0
`05,`000,STATE - UTTARAKHAND,`10,`105,`0000,Manufacture of dairy products,142,74,68,134,66,68,8,8,0,260,76,184,258,76,182,2,0,2
`05,`000,STATE - UTTARAKHAND,`10,`105,`1050,Manufacture of dairy products,142,74,68,134,66,68,8,8,0,260,76,184,258,76,182,2,0,2
`05,`000,STATE - UTTARAKHAND,`10,`106,`0000,"Manufacture of grain mill products, starches and starch products",210,170,40,188,154,34,22,16,6,98,52,46,96,52,44,2,0,2
`05,`000,STATE - UTTARAKHAND,`10,`106,`1061,Manufacture of grain mill products,210,170,40,188,154,34,22,16,6,98,52,46,96,52,44,2,0,2
`05,`000,STATE - UTTARAKHAND,`10,`107,`0000,Manufacture of other food products,286,250,36,242,210,32,44,40,4,66,50,16,62,46,16,4,4,0
`05,`000,STATE - UTTARAKHAND,`10,`107,`1071,Manufacture of bakery products,38,38,0,34,34,0,4,4,0,6,6,0,6,6,0,0,0,0
`05,`000,STATE - UTTARAKHAND,`10,`107,`1072,Manufacture of sugar,58,56,2,52,50,2,6,6,0,20,20,0,20,20,0,0,0,0
`05,`000,STATE - UTTARAKHAND,`10,`107,`1073,"Manufacture of cocoa, chocolate and sugar confectionery",22,22,0,16,16,0,6,6,0,4,4,0,2,2,0,2,2,0
`05,`000,STATE - UTTARAKHAND,`10,`107,`1075,Manufacture of prepared meals and dishes,104,86,18,90,76,14,14,10,4,24,10,14,24,10,14,0,0,0
`05,`000,STATE - UTTARAKHAND,`10,`107,`1079,Manufacture of other food products n.e.c.,64,48,16,50,34,16,14,14,0,12,10,2,10,8,2,2,2,0
`05,`000,STATE - UTTARAKHAND,`11,`000,`0000,Manufacture of beverages,8,8,0,8,8,0,0,0,0,0,0,0,0,0,0,0,0,0
`05,`000,STATE - UTTARAKHAND,`11,`110,`0000,Manufacture of beverages,8,8,0,8,8,0,0,0,0,0,0,0,0,0,0,0,0,0
`05,`000,STATE - UTTARAKHAND,`11,`110,`1104,Manufacture of soft drinks; production of mineral waters and other,8,8,0,8,8,0,0,0,0,0,0,0,0,0,0,0,0,0
`05,`000,STATE - UTTARAKHAND,`12,`000,`0000,Manufacture of tobacco products,10,8,2,6,4,2,4,4,0,2,0,2,2,0,2,0,0,0
`05,`000,STATE - UTTARAKHAND,`12,`120,`0000,Manufacture of tobacco products,10,8,2,6,4,2,4,4,0,2,0,2,2,0,2,0,0,0
`05,`000,STATE - UTTARAKHAND,`12,`120,`1200,Manufacture of tobacco products,10,8,2,6,4,2,4,4,0,2,0,2,2,0,2,0,0,0
`05,`000,STATE - UTTARAKHAND,`13,`000,`0000,Manufacture of textiles,1570,484,1086,1424,444,980,146,40,106,1818,417,1401,1548,388,1160,270,29,241
`05,`000,STATE - UTTARAKHAND,`13,`131,`0000,"Spinning, weaving and finishing of textiles",998,370,628,860,332,528,138,38,100,1298,379,919,1178,350,828,120,29,91
`05,`000,STATE - UTTARAKHAND,`13,`131,`1311,Preparation and spinning of textile fibres,235,128,107,196,114,82,39,14,25,226,76,150,212,66,146,14,10,4
`05,`000,STATE - UTTARAKHAND,`13,`131,`1312,Weaving of textiles,688,226,462,590,202,388,98,24,74,992,275,717,896,260,636,96,15,81
`05,`000,STATE - UTTARAKHAND,`13,`131,`1313,Finishing of textiles,75,16,59,74,16,58,1,0,1,80,28,52,70,24,46,10,4,6
`05,`000,STATE - UTTARAKHAND,`13,`139,`0000,Manufacture of other textiles,572,114,458,564,112,452,8,2,6,520,38,482,370,38,332,150,0,150
`05,`000,STATE - UTTARAKHAND,`13,`139,`1391,Manufacture of knitted and crocheted fabrics,30,6,24,30,6,24,0,0,0,34,0,34,26,0,26,8,0,8
`05,`000,STATE - UTTARAKHAND,`13,`139,`1392,"Manufacture of made-up textile articles, except apparel",2,2,0,2,2,0,0,0,0,12,4,8,12,4,8,0,0,0
`05,`000,STATE - UTTARAKHAND,`13,`139,`1393,Manufacture of carpets and rugs,452,70,382,446,68,378,6,2,4,444,32,412,310,32,278,134,0,134
`05,`000,STATE - UTTARAKHAND,`13,`139,`1394,"Manufacture of cordage, rope, twine and netting",6,2,4,6,2,4,0,0,0,2,0,2,2,0,2,0,0,0
`05,`000,STATE - UTTARAKHAND,`13,`139,`1399,Manufacture of other textiles n.e.c.,82,34,48,80,34,46,2,0,2,28,2,26,20,2,18,8,0,8
`05,`000,STATE - UTTARAKHAND,`14,`000,`0000,Manufacture of wearing apparel,405,315,90,336,260,76,69,55,14,195,35,160,174,32,142,21,3,18
`05,`000,STATE - UTTARAKHAND,`14,`141,`0000,"Manufacture of wearing apparel, except fur apparel",399,313,86,330,258,72,69,55,14,191,35,156,170,32,138,21,3,18
`05,`000,STATE - UTTARAKHAND,`14,`141,`1410,"Manufacture of wearing apparel, except fur apparel",399,313,86,330,258,72,69,55,14,191,35,156,170,32,138,21,3,18
`05,`000,STATE - UTTARAKHAND,`14,`143,`0000,Manufacture of knitted and crocheted apparel,6,2,4,6,2,4,0,0,0,4,0,4,4,0,4,0,0,0
`05,`000,STATE - UTTARAKHAND,`14,`143,`1430,Manufacture of knitted and crocheted apparel,6,2,4,6,2,4,0,0,0,4,0,4,4,0,4,0,0,0
`05,`000,STATE - UTTARAKHAND,`15,`000,`0000,Manufacture of leather and related products,14,14,0,10,10,0,4,4,0,16,8,8,12,6,6,4,2,2
`05,`000,STATE - UTTARAKHAND,`15,`151,`0000,"Tanning and dressing of leather; manufacture of luggage, handbags, saddlery",0,0,0,0,0,0,0,0,0,4,0,4,2,0,2,2,0,2
`05,`000,STATE - UTTARAKHAND,`15,`151,`1511,Tanning and dressing of leather; dressing and dyeing of fur,0,0,0,0,0,0,0,0,0,2,0,2,0,0,0,2,0,2
`05,`000,STATE - UTTARAKHAND,`15,`151,`1512,"Manufacture of luggage, handbags and the like, saddlery and harness",0,0,0,0,0,0,0,0,0,2,0,2,2,0,2,0,0,0
`05,`000,STATE - UTTARAKHAND,`15,`152,`0000,Manufacture of footwear,14,14,0,10,10,0,4,4,0,12,8,4,10,6,4,2,2,0
`05,`000,STATE - UTTARAKHAND,`15,`152,`1520,Manufacture of footwear,14,14,0,10,10,0,4,4,0,12,8,4,10,6,4,2,2,0
`05,`000,STATE - UTTARAKHAND,`16,`000,`0000,"Manufacture of wood and products of wood and cork, except furniture;",66,42,24,62,40,22,4,2,2,58,36,22,48,30,18,10,6,4
`05,`000,STATE - UTTARAKHAND,`16,`161,`0000,Sawmilling and planing of wood,22,18,4,20,16,4,2,2,0,14,12,2,8,6,2,6,6,0
`05,`000,STATE - UTTARAKHAND,`16,`161,`1610,Saw milling and planing of wood,22,18,4,20,16,4,2,2,0,14,12,2,8,6,2,6,6,0
`05,`000,STATE - UTTARAKHAND,`16,`162,`0000,"Manufacture of products of wood, cork, straw and plaiting materials",44,24,20,42,24,18,2,0,2,44,24,20,40,24,16,4,0,4
`05,`000,STATE - UTTARAKHAND,`16,`162,`1621,"Manufacture of veneer sheets; manufacture of plywood, laminboard,",4,4,0,4,4,0,0,0,0,0,0,0,0,0,0,0,0,0
`05,`000,STATE - UTTARAKHAND,`16,`162,`1623,Manufacture of wooden containers,12,6,6,10,6,4,2,0,2,16,6,10,16,6,10,0,0,0
`05,`000,STATE - UTTARAKHAND,`16,`162,`1629,"Manufacture of other products of wood; manufacture of articles of cork,",28,14,14,28,14,14,0,0,0,28,18,10,24,18,6,4,0,4
`05,`000,STATE - UTTARAKHAND,`17,`000,`0000,Manufacture of paper and paper products,36,30,6,34,28,6,2,2,0,6,6,0,6,6,0,0,0,0
`05,`000,STATE - UTTARAKHAND,`17,`170,`0000,Manufacture of paper and paper products,36,30,6,34,28,6,2,2,0,6,6,0,6,6,0,0,0,0
`05,`000,STATE - UTTARAKHAND,`17,`170,`1701,"Manufacture of pulp, paper and paperboard",6,4,2,6,4,2,0,0,0,2,2,0,2,2,0,0,0,0
`05,`000,STATE - UTTARAKHAND,`17,`170,`1702,Manufacture of corrugated paper and paperboard and containers of,22,18,4,20,16,4,2,2,0,2,2,0,2,2,0,0,0,0
`05,`000,STATE - UTTARAKHAND,`17,`170,`1709,Manufacture of other articles of paper and paperboard,8,8,0,8,8,0,0,0,0,2,2,0,2,2,0,0,0,0
`05,`000,STATE - UTTARAKHAND,`18,`000,`0000,Printing and reproduction of recorded media,12,12,0,10,10,0,2,2,0,0,0,0,0,0,0,0,0,0
`05,`000,STATE - UTTARAKHAND,`18,`181,`0000,Printing and service activities related to printing,12,12,0,10,10,0,2,2,0,0,0,0,0,0,0,0,0,0
`05,`000,STATE - UTTARAKHAND,`18,`181,`1811,Printing,8,8,0,6,6,0,2,2,0,0,0,0,0,0,0,0,0,0
`05,`000,STATE - UTTARAKHAND,`18,`181,`1812,Service activities related to printing,4,4,0,4,4,0,0,0,0,0,0,0,0,0,0,0,0,0
`05,`000,STATE - UTTARAKHAND,`19,`000,`0000,Manufacture of coke and refined petroleum products,4,4,0,4,4,0,0,0,0,0,0,0,0,0,0,0,0,0
`05,`000,STATE - UTTARAKHAND,`19,`192,`0000,Manufacture of refined petroleum products,4,4,0,4,4,0,0,0,0,0,0,0,0,0,0,0,0,0
`05,`000,STATE - UTTARAKHAND,`19,`192,`1920,Manufacture of refined petroleum products,4,4,0,4,4,0,0,0,0,0,0,0,0,0,0,0,0,0
`05,`000,STATE - UTTARAKHAND,`20,`000,`0000,Manufacture of chemicals and chemical products,42,42,0,40,40,0,2,2,0,6,4,2,6,4,2,0,0,0
`05,`000,STATE - UTTARAKHAND,`20,`201,`0000,"Manufacture of basic chemicals, fertilizer and nitrogen compounds, plastics",0,0,0,0,0,0,0,0,0,2,2,0,2,2,0,0,0,0
`05,`000,STATE - UTTARAKHAND,`20,`201,`2013,Manufacture of plastics and synthetic rubber in primary forms,0,0,0,0,0,0,0,0,0,2,2,0,2,2,0,0,0,0
`05,`000,STATE - UTTARAKHAND,`20,`202,`0000,Manufacture of other chemical products,42,42,0,40,40,0,2,2,0,4,2,2,4,2,2,0,0,0
`05,`000,STATE - UTTARAKHAND,`20,`202,`2022,"Manufacture of paints, varnishes and similar coatings, printing ink and",12,12,0,10,10,0,2,2,0,4,2,2,4,2,2,0,0,0
`05,`000,STATE - UTTARAKHAND,`20,`202,`2023,"Manufacture of soap and detergents, cleaning and polishing preparations,",24,24,0,24,24,0,0,0,0,0,0,0,0,0,0,0,0,0
`05,`000,STATE - UTTARAKHAND,`20,`202,`2029,Manufacture of other chemical products n.e.c.,6,6,0,6,6,0,0,0,0,0,0,0,0,0,0,0,0,0
`05,`000,STATE - UTTARAKHAND,`21,`000,`0000,"Manufacture of pharmaceuticals, medicinal chemical and botanical products",30,20,10,24,18,6,6,2,4,4,2,2,4,2,2,0,0,0
`05,`000,STATE - UTTARAKHAND,`21,`210,`0000,"Manufacture of pharmaceuticals, medicinal chemical and botanical products",30,20,10,24,18,6,6,2,4,4,2,2,4,2,2,0,0,0
`05,`000,STATE - UTTARAKHAND,`21,`210,`2100,"Manufacture of pharmaceuticals, medicinal chemical and botanical",30,20,10,24,18,6,6,2,4,4,2,2,4,2,2,0,0,0
`05,`000,STATE - UTTARAKHAND,`22,`000,`0000,Manufacture of rubber and plastics products,62,58,4,48,46,2,14,12,2,8,8,0,8,8,0,0,0,0
`05,`000,STATE - UTTARAKHAND,`22,`221,`0000,Manufacture of rubber products,14,14,0,8,8,0,6,6,0,0,0,0,0,0,0,0,0,0
`05,`000,STATE - UTTARAKHAND,`22,`221,`2211,Manufacture of rubber tyres and tubes; retreading and rebuilding of,14,14,0,8,8,0,6,6,0,0,0,0,0,0,0,0,0,0
`05,`000,STATE - UTTARAKHAND,`22,`222,`0000,Manufacture of plastics products,48,44,4,40,38,2,8,6,2,8,8,0,8,8,0,0,0,0
`05,`000,STATE - UTTARAKHAND,`22,`222,`2220,Manufacture of plastics products,48,44,4,40,38,2,8,6,2,8,8,0,8,8,0,0,0,0
`05,`000,STATE - UTTARAKHAND,`23,`000,`0000,Manufacture of other non-metallic mineral products,174,128,46,164,118,46,10,10,0,52,42,10,52,42,10,0,0,0
`05,`000,STATE - UTTARAKHAND,`23,`231,`0000,Manufacture of glass and glass products,14,14,0,6,6,0,8,8,0,0,0,0,0,0,0,0,0,0
`05,`000,STATE - UTTARAKHAND,`23,`231,`2310,Manufacture of glass and glass products,14,14,0,6,6,0,8,8,0,0,0,0,0,0,0,0,0,0
`05,`000,STATE - UTTARAKHAND,`23,`239,`0000,Manufacture of non-metallic mineral products n.e.c.,160,114,46,158,112,46,2,2,0,52,42,10,52,42,10,0,0,0
`05,`000,STATE - UTTARAKHAND,`23,`239,`2391,Manufacture of refractory products,0,0,0,0,0,0,0,0,0,2,2,0,2,2,0,0,0,0
`05,`000,STATE - UTTARAKHAND,`23,`239,`2392,Manufacture of clay building materials,106,76,30,104,74,30,2,2,0,44,34,10,44,34,10,0,0,0
`05,`000,STATE - UTTARAKHAND,`23,`239,`2394,"Manufacture of cement, lime and plaster",0,0,0,0,0,0,0,0,0,2,2,0,2,2,0,0,0,0
`05,`000,STATE - UTTARAKHAND,`23,`239,`2395,"Manufacture of articles of concrete, cement and plaster",54,38,16,54,38,16,0,0,0,4,4,0,4,4,0,0,0,0
`05,`000,STATE - UTTARAKHAND,`24,`000,`0000,Manufacture of basic metals,24,24,0,22,22,0,2,2,0,0,0,0,0,0,0,0,0,0
`05,`000,STATE - UTTARAKHAND,`24,`241,`0000,Manufacture of basic iron and steel,16,16,0,14,14,0,2,2,0,0,0,0,0,0,0,0,0,0
`05,`000,STATE - UTTARAKHAND,`24,`241,`2410,Manufacture of basic iron and steel,16,16,0,14,14,0,2,2,0,0,0,0,0,0,0,0,0,0
`05,`000,STATE - UTTARAKHAND,`24,`242,`0000,Manufacture of basic precious and other non-ferrous metals,2,2,0,2,2,0,0,0,0,0,0,0,0,0,0,0,0,0
`05,`000,STATE - UTTARAKHAND,`24,`242,`2420,Manufacture of basic precious and other non-ferrous metals,2,2,0,2,2,0,0,0,0,0,0,0,0,0,0,0,0,0
`05,`000,STATE - UTTARAKHAND,`24,`243,`0000,Casting of metals,6,6,0,6,6,0,0,0,0,0,0,0,0,0,0,0,0,0
`05,`000,STATE - UTTARAKHAND,`24,`243,`2431,Casting of iron and steel,2,2,0,2,2,0,0,0,0,0,0,0,0,0,0,0,0,0
`05,`000,STATE - UTTARAKHAND,`24,`243,`2432,Casting of non-ferrous metals,4,4,0,4,4,0,0,0,0,0,0,0,0,0,0,0,0,0
`05,`000,STATE - UTTARAKHAND,`25,`000,`0000,"Manufacture of fabricated metal products, except machinery and equipment",67,63,4,56,52,4,11,11,0,16,14,2,16,14,2,0,0,0
`05,`000,STATE - UTTARAKHAND,`25,`251,`0000,"Manufacture of structural metal products, tanks, reservoirs and steam",26,26,0,22,22,0,4,4,0,6,6,0,6,6,0,0,0,0
`05,`000,STATE - UTTARAKHAND,`25,`251,`2511,Manufacture of structural metal products,26,26,0,22,22,0,4,4,0,4,4,0,4,4,0,0,0,0
`05,`000,STATE - UTTARAKHAND,`25,`251,`2512,"Manufacture of tanks, reservoirs and containers of metal",0,0,0,0,0,0,0,0,0,2,2,0,2,2,0,0,0,0
`05,`000,STATE - UTTARAKHAND,`25,`252,`0000,Manufacture of weapons and ammunition,2,2,0,2,2,0,0,0,0,0,0,0,0,0,0,0,0,0
`05,`000,STATE - UTTARAKHAND,`25,`252,`2520,Manufacture of weapons and ammunition,2,2,0,2,2,0,0,0,0,0,0,0,0,0,0,0,0,0
`05,`000,STATE - UTTARAKHAND,`25,`259,`0000,Manufacture of other fabricated metal products; metalworking service,39,35,4,32,28,4,7,7,0,10,8,2,10,8,2,0,0,0
`05,`000,STATE - UTTARAKHAND,`25,`259,`2592,Machining; treatment and coating of metals,4,4,0,4,4,0,0,0,0,0,0,0,0,0,0,0,0,0
`05,`000,STATE - UTTARAKHAND,`25,`259,`2593,"Manufacture of cutlery, hand tools and general hardware",31,27,4,26,22,4,5,5,0,8,8,0,8,8,0,0,0,0
`05,`000,STATE - UTTARAKHAND,`25,`259,`2599,Manufacture of other fabricated metal products n.e.c.,4,4,0,2,2,0,2,2,0,2,0,2,2,0,2,0,0,0
`05,`000,STATE - UTTARAKHAND,`26,`000,`0000,"Manufacture of computer, electronic and optical products",10,8,2,6,4,2,4,4,0,0,0,0,0,0,0,0,0,0
`05,`000,STATE - UTTARAKHAND,`26,`262,`0000,Manufacture of computers and peripheral equipment,2,2,0,0,0,0,2,2,0,0,0,0,0,0,0,0,0,0
`05,`000,STATE - UTTARAKHAND,`26,`262,`2620,Manufacture of computers and peripheral equipment,2,2,0,0,0,0,2,2,0,0,0,0,0,0,0,0,0,0
`05,`000,STATE - UTTARAKHAND,`26,`263,`0000,Manufacture of communication equipment,2,2,0,0,0,0,2,2,0,0,0,0,0,0,0,0,0,0
`05,`000,STATE - UTTARAKHAND,`26,`263,`2630,Manufacture of communication equipment,2,2,0,0,0,0,2,2,0,0,0,0,0,0,0,0,0,0
`05,`000,STATE - UTTARAKHAND,`26,`264,`0000,Manufacture of consumer electronics,2,0,2,2,0,2,0,0,0,0,0,0,0,0,0,0,0,0
`05,`000,STATE - UTTARAKHAND,`26,`264,`2640,Manufacture of consumer electronics,2,0,2,2,0,2,0,0,0,0,0,0,0,0,0,0,0,0
`05,`000,STATE - UTTARAKHAND,`26,`265,`0000,"Manufacture of measuring, testing, navigating and control equipment;",4,4,0,4,4,0,0,0,0,0,0,0,0,0,0,0,0,0
`05,`000,STATE - UTTARAKHAND,`26,`265,`2652,Manufacture of watches and clocks,4,4,0,4,4,0,0,0,0,0,0,0,0,0,0,0,0,0
`05,`000,STATE - UTTARAKHAND,`27,`000,`0000,Manufacture of electrical equipment,72,62,10,42,34,8,30,28,2,6,6,0,4,4,0,2,2,0
`05,`000,STATE - UTTARAKHAND,`27,`271,`0000,"Manufacture of electric motors, generators, transformers and electricity",34,32,2,4,4,0,30,28,2,2,2,0,2,2,0,0,0,0
`05,`000,STATE - UTTARAKHAND,`27,`271,`2710,"Manufacture of electric motors, generators, transformers and electricity",34,32,2,4,4,0,30,28,2,2,2,0,2,2,0,0,0,0
`05,`000,STATE - UTTARAKHAND,`27,`272,`0000,Manufacture of batteries and accumulators,2,0,2,2,0,2,0,0,0,0,0,0,0,0,0,0,0,0
`05,`000,STATE - UTTARAKHAND,`27,`272,`2720,Manufacture of batteries and accumulators,2,0,2,2,0,2,0,0,0,0,0,0,0,0,0,0,0,0
`05,`000,STATE - UTTARAKHAND,`27,`273,`0000,Manufacture of wiring and wiring devices,8,6,2,8,6,2,0,0,0,0,0,0,0,0,0,0,0,0
`05,`000,STATE - UTTARAKHAND,`27,`273,`2732,Manufacture of other electronic and electric wires and cables,6,6,0,6,6,0,0,0,0,0,0,0,0,0,0,0,0,0
`05,`000,STATE - UTTARAKHAND,`27,`273,`2733,Manufacture of wiring devices,2,0,2,2,0,2,0,0,0,0,0,0,0,0,0,0,0,0
`05,`000,STATE - UTTARAKHAND,`27,`274,`0000,Manufacture of electric lighting equipment,18,16,2,18,16,2,0,0,0,2,2,0,2,2,0,0,0,0
`05,`000,STATE - UTTARAKHAND,`27,`274,`2740,Manufacture of electric lighting equipment,18,16,2,18,16,2,0,0,0,2,2,0,2,2,0,0,0,0
`05,`000,STATE - UTTARAKHAND,`27,`275,`0000,Manufacture of domestic appliances,0,0,0,0,0,0,0,0,0,2,2,0,0,0,0,2,2,0
`05,`000,STATE - UTTARAKHAND,`27,`275,`2750,Manufacture of domestic appliances,0,0,0,0,0,0,0,0,0,2,2,0,0,0,0,2,2,0
`05,`000,STATE - UTTARAKHAND,`27,`279,`0000,Manufacture of other electrical equipment,10,8,2,10,8,2,0,0,0,0,0,0,0,0,0,0,0,0
`05,`000,STATE - UTTARAKHAND,`27,`279,`2790,Manufacture of other electrical equipment,10,8,2,10,8,2,0,0,0,0,0,0,0,0,0,0,0,0
`05,`000,STATE - UTTARAKHAND,`28,`000,`0000,Manufacture of machinery and equipment n.e.c.,26,18,8,20,14,6,6,4,2,2,2,0,2,2,0,0,0,0
`05,`000,STATE - UTTARAKHAND,`28,`281,`0000,Manufacture of general purpose machinery,14,12,2,12,10,2,2,2,0,0,0,0,0,0,0,0,0,0
`05,`000,STATE - UTTARAKHAND,`28,`281,`2812,Manufacture of fluid power equipment,2,2,0,2,2,0,0,0,0,0,0,0,0,0,0,0,0,0
`05,`000,STATE - UTTARAKHAND,`28,`281,`2813,"Manufacture of other pumps, compressors, taps and valves",8,6,2,8,6,2,0,0,0,0,0,0,0,0,0,0,0,0
`05,`000,STATE - UTTARAKHAND,`28,`281,`2819,Manufacture of other general-purpose machinery,4,4,0,2,2,0,2,2,0,0,0,0,0,0,0,0,0,0
`05,`000,STATE - UTTARAKHAND,`28,`282,`0000,Manufacture of special-purpose machinery,12,6,6,8,4,4,4,2,2,2,2,0,2,2,0,0,0,0
`05,`000,STATE - UTTARAKHAND,`28,`282,`2822,Manufacture of metal-forming machinery and machine tools,2,2,0,2,2,0,0,0,0,0,0,0,0,0,0,0,0,0
`05,`000,STATE - UTTARAKHAND,`28,`282,`2824,"Manufacture of machinery for mining, quarrying and construction",2,2,0,0,0,0,2,2,0,2,2,0,2,2,0,0,0,0
`05,`000,STATE - UTTARAKHAND,`28,`282,`2826,"Manufacture of machinery for textile, apparel and leather production",8,2,6,6,2,4,2,0,2,0,0,0,0,0,0,0,0,0
`05,`000,STATE - UTTARAKHAND,`29,`000,`0000,"Manufacture of motor vehicles, trailers and semi-trailers",28,20,8,20,16,4,8,4,4,0,0,0,0,0,0,0,0,0
`05,`000,STATE - UTTARAKHAND,`29,`291,`0000,Manufacture of motor vehicles,10,4,6,4,2,2,6,2,4,0,0,0,0,0,0,0,0,0
`05,`000,STATE - UTTARAKHAND,`29,`291,`2910,Manufacture of motor vehicles,10,4,6,4,2,2,6,2,4,0,0,0,0,0,0,0,0,0
`05,`000,STATE - UTTARAKHAND,`29,`292,`0000,Manufacture of bodies (coachwork) for motor vehicles; manufacture of,16,14,2,14,12,2,2,2,0,0,0,0,0,0,0,0,0,0
`05,`000,STATE - UTTARAKHAND,`29,`292,`2920,Manufacture of bodies (coachwork) for motor vehicles; manufacture of trailers and semi-trailers,16,14,2,14,12,2,2,2,0,0,0,0,0,0,0,0,0,0
`05,`000,STATE - UTTARAKHAND,`29,`293,`0000,Manufacture of parts and accessories for motor vehicles,2,2,0,2,2,0,0,0,0,0,0,0,0,0,0,0,0,0
`05,`000,STATE - UTTARAKHAND,`29,`293,`2930,Manufacture of parts and accessories for motor vehicles,2,2,0,2,2,0,0,0,0,0,0,0,0,0,0,0,0,0
`05,`000,STATE - UTTARAKHAND,`30,`000,`0000,Manufacture of other transport equipment,52,52,0,30,30,0,22,22,0,8,6,2,6,6,0,2,0,2
`05,`000,STATE - UTTARAKHAND,`30,`301,`0000,Building of ships and boats,0,0,0,0,0,0,0,0,0,2,2,0,2,2,0,0,0,0
`05,`000,STATE - UTTARAKHAND,`30,`301,`3011,Building of ships and floating structures,0,0,0,0,0,0,0,0,0,2,2,0,2,2,0,0,0,0
`05,`000,STATE - UTTARAKHAND,`30,`302,`0000,Manufacture of railway locomotives and rolling stock,2,2,0,0,0,0,2,2,0,0,0,0,0,0,0,0,0,0
`05,`000,STATE - UTTARAKHAND,`30,`302,`3020,Manufacture of railway locomotives and rolling stock,2,2,0,0,0,0,2,2,0,0,0,0,0,0,0,0,0,0
`05,`000,STATE - UTTARAKHAND,`30,`303,`0000,Manufacture of air and spacecraft and related machinery,2,2,0,2,2,0,0,0,0,0,0,0,0,0,0,0,0,0
`05,`000,STATE - UTTARAKHAND,`30,`303,`3030,Manufacture of air and spacecraft and related machinery,2,2,0,2,2,0,0,0,0,0,0,0,0,0,0,0,0,0
`05,`000,STATE - UTTARAKHAND,`30,`304,`0000,Manufacture of military fighting vehicles,18,18,0,4,4,0,14,14,0,0,0,0,0,0,0,0,0,0
`05,`000,STATE - UTTARAKHAND,`30,`304,`3040,Manufacture of weapons and ammunition,18,18,0,4,4,0,14,14,0,0,0,0,0,0,0,0,0,0
`05,`000,STATE - UTTARAKHAND,`30,`309,`0000,Manufacture of transport equipment n.e.c.,30,30,0,24,24,0,6,6,0,6,4,2,4,4,0,2,0,2
`05,`000,STATE - UTTARAKHAND,`30,`309,`3091,Manufacture of motorcycles,4,4,0,4,4,0,0,0,0,0,0,0,0,0,0,0,0,0
`05,`000,STATE - UTTARAKHAND,`30,`309,`3092,Manufacture of bicycles and invalid carriages,6,6,0,2,2,0,4,4,0,0,0,0,0,0,0,0,0,0
`05,`000,STATE - UTTARAKHAND,`30,`309,`3099,Manufacture of other transport equipment n.e.c.,20,20,0,18,18,0,2,2,0,6,4,2,4,4,0,2,0,2
`05,`000,STATE - UTTARAKHAND,`31,`000,`0000,Manufacture of furniture,8,6,2,8,6,2,0,0,0,8,8,0,8,8,0,0,0,0
`05,`000,STATE - UTTARAKHAND,`31,`310,`0000,Manufacture of furniture,8,6,2,8,6,2,0,0,0,8,8,0,8,8,0,0,0,0
`05,`000,STATE - UTTARAKHAND,`31,`310,`3100,Manufacture of furniture,8,6,2,8,6,2,0,0,0,8,8,0,8,8,0,0,0,0
`05,`000,STATE - UTTARAKHAND,`32,`000,`0000,Other manufacturing,418,352,66,366,310,56,52,42,10,96,80,16,88,72,16,8,8,0
`05,`000,STATE - UTTARAKHAND,`32,`321,`0000,"Manufacture of jewellery, bijouterie and related articles",2,2,0,2,2,0,0,0,0,0,0,0,0,0,0,0,0,0
`05,`000,STATE - UTTARAKHAND,`32,`321,`3212,Manufacture of imitation jewellery and related articles,2,2,0,2,2,0,0,0,0,0,0,0,0,0,0,0,0,0
`05,`000,STATE - UTTARAKHAND,`32,`324,`0000,Manufacture of games and toys,4,4,0,0,0,0,4,4,0,0,0,0,0,0,0,0,0,0
`05,`000,STATE - UTTARAKHAND,`32,`324,`3240,Manufacture of games and toys,4,4,0,0,0,0,4,4,0,0,0,0,0,0,0,0,0,0
`05,`000,STATE - UTTARAKHAND,`32,`329,`0000,Other manufacturing n.e.c.,412,346,66,364,308,56,48,38,10,96,80,16,88,72,16,8,8,0
`05,`000,STATE - UTTARAKHAND,`32,`329,`3290,Other manufacturing n.e.c.,412,346,66,364,308,56,48,38,10,96,80,16,88,72,16,8,8,0
`05,`000,STATE - UTTARAKHAND,`33,`000,`0000,Repair and installation of machinery and equipment,12,12,0,8,8,0,4,4,0,6,6,0,4,4,0,2,2,0
`05,`000,STATE - UTTARAKHAND,`33,`331,`0000,"Repair of fabricated metal products, machinery and equipment",12,12,0,8,8,0,4,4,0,6,6,0,4,4,0,2,2,0
`05,`000,STATE - UTTARAKHAND,`33,`331,`3312,Repair of machinery,6,6,0,6,6,0,0,0,0,2,2,0,0,0,0,2,2,0
`05,`000,STATE - UTTARAKHAND,`33,`331,`3314,Repair of electrical equipment,6,6,0,2,2,0,4,4,0,4,4,0,4,4,0,0,0,0
`05,`000,STATE - UTTARAKHAND,`35,`000,`0000,"Electricity, gas, steam and air conditioning supply",267,247,20,192,180,12,75,67,8,8,8,0,8,8,0,0,0,0
`05,`000,STATE - UTTARAKHAND,`35,`351,`0000,"Electric power generation, transmission and distribution",235,215,20,176,164,12,59,51,8,8,8,0,8,8,0,0,0,0
`05,`000,STATE - UTTARAKHAND,`35,`351,`3510,"Electric power generation, transmission and distribution",235,215,20,176,164,12,59,51,8,8,8,0,8,8,0,0,0,0
`05,`000,STATE - UTTARAKHAND,`35,`352,`0000,Manufacture of gas; distribution of gaseous fuels through mains,32,32,0,16,16,0,16,16,0,0,0,0,0,0,0,0,0,0
`05,`000,STATE - UTTARAKHAND,`35,`352,`3520,Manufacture of gas; distribution of gaseous fuels through mains,32,32,0,16,16,0,16,16,0,0,0,0,0,0,0,0,0,0
`05,`000,STATE - UTTARAKHAND,`36,`000,`0000,"Water collection, treatment and supply",103,93,10,64,56,8,39,37,2,5,5,0,4,4,0,1,1,0
`05,`000,STATE - UTTARAKHAND,`36,`360,`0000,"Water collection, treatment and supply",103,93,10,64,56,8,39,37,2,5,5,0,4,4,0,1,1,0
`05,`000,STATE - UTTARAKHAND,`36,`360,`3600,"Water collection, treatment and supply",103,93,10,64,56,8,39,37,2,5,5,0,4,4,0,1,1,0
`05,`000,STATE - UTTARAKHAND,`38,`000,`0000,"Waste collection, treatment and disposal activities; materials recovery",35,29,6,4,4,0,31,25,6,7,7,0,0,0,0,7,7,0
`05,`000,STATE - UTTARAKHAND,`38,`381,`0000,Waste collection,35,29,6,4,4,0,31,25,6,7,7,0,0,0,0,7,7,0
`05,`000,STATE - UTTARAKHAND,`38,`381,`3811,Collection of non-hazardous waste,31,27,4,4,4,0,27,23,4,7,7,0,0,0,0,7,7,0
`05,`000,STATE - UTTARAKHAND,`38,`381,`3812,Collection of hazardous waste,4,2,2,0,0,0,4,2,2,0,0,0,0,0,0,0,0,0
`05,`000,STATE - UTTARAKHAND,`41,`000,`0000,Construction of buildings,1842,1736,106,1552,1466,86,290,270,20,1186,1096,90,1090,1004,86,96,92,4
`05,`000,STATE - UTTARAKHAND,`41,`410,`0000,Construction of buildings,1842,1736,106,1552,1466,86,290,270,20,1186,1096,90,1090,1004,86,96,92,4
`05,`000,STATE - UTTARAKHAND,`41,`410,`4100,Construction of buildings,1842,1736,106,1552,1466,86,290,270,20,1186,1096,90,1090,1004,86,96,92,4
`05,`000,STATE - UTTARAKHAND,`42,`000,`0000,Civil engineering,337,331,6,298,294,4,39,37,2,218,184,34,210,176,34,8,8,0
`05,`000,STATE - UTTARAKHAND,`42,`421,`0000,Construction of roads and railways,261,255,6,224,220,4,37,35,2,208,174,34,200,166,34,8,8,0
`05,`000,STATE - UTTARAKHAND,`42,`421,`4210,Construction roads and railways,261,255,6,224,220,4,37,35,2,208,174,34,200,166,34,8,8,0
`05,`000,STATE - UTTARAKHAND,`42,`422,`0000,Construction of utility projects,16,16,0,16,16,0,0,0,0,2,2,0,2,2,0,0,0,0
`05,`000,STATE - UTTARAKHAND,`42,`422,`4220,Construction of utility projects,16,16,0,16,16,0,0,0,0,2,2,0,2,2,0,0,0,0
`05,`000,STATE - UTTARAKHAND,`42,`429,`0000,Construction of other civil engineering projects,60,60,0,58,58,0,2,2,0,8,8,0,8,8,0,0,0,0
`05,`000,STATE - UTTARAKHAND,`42,`429,`4290,Construction of other civil engineering projects,60,60,0,58,58,0,2,2,0,8,8,0,8,8,0,0,0,0
`05,`000,STATE - UTTARAKHAND,`43,`000,`0000,Specialized construction activities,68,68,0,46,46,0,22,22,0,30,30,0,26,26,0,4,4,0
`05,`000,STATE - UTTARAKHAND,`43,`431,`0000,Demolition and site preparation,2,2,0,2,2,0,0,0,0,2,2,0,2,2,0,0,0,0
`05,`000,STATE - UTTARAKHAND,`43,`431,`4312,Site preparation,2,2,0,2,2,0,0,0,0,2,2,0,2,2,0,0,0,0
`05,`000,STATE - UTTARAKHAND,`43,`432,`0000,"Electrical, plumbing and other construction installation activities",22,22,0,18,18,0,4,4,0,12,12,0,12,12,0,0,0,0
`05,`000,STATE - UTTARAKHAND,`43,`432,`4321,Electrical installation,8,8,0,6,6,0,2,2,0,2,2,0,2,2,0,0,0,0
`05,`000,STATE - UTTARAKHAND,`43,`432,`4322,"Plumbing, heat and air-conditioning installation",14,14,0,12,12,0,2,2,0,10,10,0,10,10,0,0,0,0
`05,`000,STATE - UTTARAKHAND,`43,`433,`0000,Building completion and finishing,44,44,0,26,26,0,18,18,0,16,16,0,12,12,0,4,4,0
`05,`000,STATE - UTTARAKHAND,`43,`433,`4330,Building completion and finishing,44,44,0,26,26,0,18,18,0,16,16,0,12,12,0,4,4,0
`05,`000,STATE - UTTARAKHAND,`45,`000,`0000,Wholesale and retail trade and repair of motor vehicles and motorcycles,152,148,4,118,116,2,34,32,2,10,8,2,8,8,0,2,0,2
`05,`000,STATE - UTTARAKHAND,`45,`451,`0000,Sale of motor vehicles,28,26,2,14,14,0,14,12,2,0,0,0,0,0,0,0,0,0
`05,`000,STATE - UTTARAKHAND,`45,`451,`4510,Sale of motor vehicles,28,26,2,14,14,0,14,12,2,0,0,0,0,0,0,0,0,0
`05,`000,STATE - UTTARAKHAND,`45,`452,`0000,Maintenance and repair of motor vehicles,78,76,2,62,60,2,16,16,0,6,4,2,4,4,0,2,0,2
`05,`000,STATE - UTTARAKHAND,`45,`452,`4520,Maintenance and repair of motor vehicles,78,76,2,62,60,2,16,16,0,6,4,2,4,4,0,2,0,2
`05,`000,STATE - UTTARAKHAND,`45,`453,`0000,Sale of motor vehicle parts and accessories,12,12,0,10,10,0,2,2,0,2,2,0,2,2,0,0,0,0
`05,`000,STATE - UTTARAKHAND,`45,`453,`4530,Sale of motor vehicle parts and accessories,12,12,0,10,10,0,2,2,0,2,2,0,2,2,0,0,0,0
`05,`000,STATE - UTTARAKHAND,`45,`454,`0000,"Sale, maintenance and repair of motorcycles and related parts and",34,34,0,32,32,0,2,2,0,2,2,0,2,2,0,0,0,0
`05,`000,STATE - UTTARAKHAND,`45,`454,`4540,"Sale, maintenance and repair of motorcycles and related parts and",34,34,0,32,32,0,2,2,0,2,2,0,2,2,0,0,0,0
`05,`000,STATE - UTTARAKHAND,`46,`000,`0000,"Wholesale trade, except of motor vehicles and motorcycles",128,122,6,90,90,0,38,32,6,24,22,2,20,18,2,4,4,0
`05,`000,STATE - UTTARAKHAND,`46,`461,`0000,Wholesale on a fee or contract basis,4,4,0,2,2,0,2,2,0,0,0,0,0,0,0,0,0,0
`05,`000,STATE - UTTARAKHAND,`46,`461,`4610,Wholesale on a fee or contract basis,4,4,0,2,2,0,2,2,0,0,0,0,0,0,0,0,0,0
`05,`000,STATE - UTTARAKHAND,`46,`462,`0000,Wholesale of agricultural raw materials and live animals,4,4,0,2,2,0,2,2,0,0,0,0,0,0,0,0,0,0
`05,`000,STATE - UTTARAKHAND,`46,`462,`4620,Wholesale of agricultural raw materials and live animals,4,4,0,2,2,0,2,2,0,0,0,0,0,0,0,0,0,0
`05,`000,STATE - UTTARAKHAND,`46,`463,`0000,"Wholesale of food, beverages and tobacco",26,26,0,16,16,0,10,10,0,6,6,0,6,6,0,0,0,0
`05,`000,STATE - UTTARAKHAND,`46,`463,`4630,"Wholesale of food, beverages and tobacco",26,26,0,16,16,0,10,10,0,6,6,0,6,6,0,0,0,0
`05,`000,STATE - UTTARAKHAND,`46,`464,`0000,Wholesale of household goods,24,22,2,14,14,0,10,8,2,2,0,2,2,0,2,0,0,0
`05,`000,STATE - UTTARAKHAND,`46,`464,`4649,Wholesale of other household goods,24,22,2,14,14,0,10,8,2,2,0,2,2,0,2,0,0,0
`05,`000,STATE - UTTARAKHAND,`46,`465,`0000,"Wholesale of machinery, equipment and supplies",10,10,0,8,8,0,2,2,0,0,0,0,0,0,0,0,0,0
`05,`000,STATE - UTTARAKHAND,`46,`465,`4652,Wholesale of electronic and telecommunications equipment and parts,2,2,0,0,0,0,2,2,0,0,0,0,0,0,0,0,0,0
`05,`000,STATE - UTTARAKHAND,`46,`465,`4653,"Wholesale of agricultural machinery, equipment and supplies",2,2,0,2,2,0,0,0,0,0,0,0,0,0,0,0,0,0
`05,`000,STATE - UTTARAKHAND,`46,`465,`4659,Wholesale of other machinery and equipment,6,6,0,6,6,0,0,0,0,0,0,0,0,0,0,0,0,0
`05,`000,STATE - UTTARAKHAND,`46,`466,`0000,Other specialized wholesale,20,16,4,12,12,0,8,4,4,2,2,0,0,0,0,2,2,0
`05,`000,STATE - UTTARAKHAND,`46,`466,`4661,"Wholesale of solid, liquid and gaseous fuels and related products",6,2,4,2,2,0,4,0,4,2,2,0,0,0,0,2,2,0
`05,`000,STATE - UTTARAKHAND,`46,`466,`4663,"Wholesale of construction materials, hardware, plumbing and heating",10,10,0,8,8,0,2,2,0,0,0,0,0,0,0,0,0,0
`05,`000,STATE - UTTARAKHAND,`46,`466,`4669,Wholesale of waste and scrap and other products n.e.c.,4,4,0,2,2,0,2,2,0,0,0,0,0,0,0,0,0,0
`05,`000,STATE - UTTARAKHAND,`46,`469,`0000,Non-specialized wholesale trade,40,40,0,36,36,0,4,4,0,14,14,0,12,12,0,2,2,0
`05,`000,STATE - UTTARAKHAND,`46,`469,`4690,Non-specialized wholesale trade,40,40,0,36,36,0,4,4,0,14,14,0,12,12,0,2,2,0
`05,`000,STATE - UTTARAKHAND,`47,`000,`0000,"Retail trade, except of motor vehicles and motorcycles",2211,1985,226,1504,1350,154,707,635,72,445,243,202,346,166,180,99,77,22
`05,`000,STATE - UTTARAKHAND,`47,`471,`0000,Retail sale in non-specialized stores,32,30,2,14,12,2,18,18,0,6,6,0,2,2,0,4,4,0
`05,`000,STATE - UTTARAKHAND,`47,`471,`4711,"Retail sale in non-specialized stores with food, beverages or tobacco",2,2,0,2,2,0,0,0,0,0,0,0,0,0,0,0,0,0
`05,`000,STATE - UTTARAKHAND,`47,`471,`4719,Other retail sale in non-specialized stores,30,28,2,12,10,2,18,18,0,6,6,0,2,2,0,4,4,0
`05,`000,STATE - UTTARAKHAND,`47,`472,`0000,"Retail sale of food, beverages and tobacco in specialized stores",902,828,74,710,648,62,192,180,12,164,76,88,136,54,82,28,22,6
`05,`000,STATE - UTTARAKHAND,`47,`472,`4721,Retail sale of food in specialized stores,898,824,74,706,644,62,192,180,12,164,76,88,136,54,82,28,22,6
`05,`000,STATE - UTTARAKHAND,`47,`472,`4722,Retail sale of beverages in specialized stores,4,4,0,4,4,0,0,0,0,0,0,0,0,0,0,0,0,0
`05,`000,STATE - UTTARAKHAND,`47,`473,`0000,Retail sale of automotive fuel in specialized stores,8,8,0,8,8,0,0,0,0,2,2,0,2,2,0,0,0,0
`05,`000,STATE - UTTARAKHAND,`47,`473,`4730,Retail sale of automotive fuel in specialized stores,8,8,0,8,8,0,0,0,0,2,2,0,2,2,0,0,0,0
`05,`000,STATE - UTTARAKHAND,`47,`474,`0000,Retail sale of information and communications equipment in specialized,20,20,0,14,14,0,6,6,0,8,8,0,4,4,0,4,4,0
`05,`000,STATE - UTTARAKHAND,`47,`474,`4741,"Retail sale of computers, peripheral units, software and",20,20,0,14,14,0,6,6,0,8,8,0,4,4,0,4,4,0
`05,`000,STATE - UTTARAKHAND,`47,`475,`0000,Retail sale of other household equipment in specialized stores,240,236,4,166,164,2,74,72,2,91,57,34,72,44,28,19,13,6
`05,`000,STATE - UTTARAKHAND,`47,`475,`4751,Retail sale of textiles in specialized stores,10,8,2,0,0,0,10,8,2,0,0,0,0,0,0,0,0,0
`05,`000,STATE - UTTARAKHAND,`47,`475,`4752,"Retail sale of hardware, paints and glass in specialized stores",84,84,0,56,56,0,28,28,0,40,18,22,38,16,22,2,2,0
`05,`000,STATE - UTTARAKHAND,`47,`475,`4753,"Retail sale of carpets, rugs, wall and floor coverings in specialized",0,0,0,0,0,0,0,0,0,3,1,2,2,0,2,1,1,0
`05,`000,STATE - UTTARAKHAND,`47,`475,`4759,"Retail sale of electrical household appliances, furniture, lighting",146,144,2,110,108,2,36,36,0,48,38,10,32,28,4,16,10,6
`05,`000,STATE - UTTARAKHAND,`47,`476,`0000,Retail sale of cultural and recreation goods in specialized stores,28,26,2,16,14,2,12,12,0,2,2,0,0,0,0,2,2,0
`05,`000,STATE - UTTARAKHAND,`47,`476,`4761,"Retail sale of books, newspapers and stationary in specialized stores",24,22,2,14,12,2,10,10,0,2,2,0,0,0,0,2,2,0
`05,`000,STATE - UTTARAKHAND,`47,`476,`4764,Retail sale of games and toys in specialized stores,4,4,0,2,2,0,2,2,0,0,0,0,0,0,0,0,0,0
`05,`000,STATE - UTTARAKHAND,`47,`477,`0000,Retail sale of other goods in specialized stores,463,376,87,262,214,48,201,162,39,84,28,56,62,14,48,22,14,8
`05,`000,STATE - UTTARAKHAND,`47,`477,`4771,"Retail sale of clothing, footwear and leather articles in specialized",232,198,34,108,98,10,124,100,24,8,6,2,4,4,0,4,2,2
`05,`000,STATE - UTTARAKHAND,`47,`477,`4772,"Retail sale of pharmaceutical and medical goods, cosmetic and toilet",110,70,40,78,46,32,32,24,8,10,8,2,0,0,0,10,8,2
`05,`000,STATE - UTTARAKHAND,`47,`477,`4773,Other retail sale of new goods in specialized stores,121,108,13,76,70,6,45,38,7,66,14,52,58,10,48,8,4,4
`05,`000,STATE - UTTARAKHAND,`47,`478,`0000,Retail sale via stalls and markets,453,399,54,270,234,36,183,165,18,76,54,22,58,38,20,18,16,2
`05,`000,STATE - UTTARAKHAND,`47,`478,`4781,"Retail sale via stalls and markets of food, beverages and tobacco",22,22,0,10,10,0,12,12,0,4,4,0,0,0,0,4,4,0
`05,`000,STATE - UTTARAKHAND,`47,`478,`4782,"Retail sale via stalls and markets of textiles, clothing and footwear",90,78,12,38,32,6,52,46,6,6,6,0,2,2,0,4,4,0
`05,`000,STATE - UTTARAKHAND,`47,`478,`4789,Retail sale via stalls and markets of other goods,341,299,42,222,192,30,119,107,12,66,44,22,56,36,20,10,8,2
`05,`000,STATE - UTTARAKHAND,`47,`479,`0000,"Retail trade not in stores, stalls or markets",65,62,3,44,42,2,21,20,1,12,10,2,10,8,2,2,2,0
`05,`000,STATE - UTTARAKHAND,`47,`479,`4799,"Other retail sale not in stores, stalls or markets",65,62,3,44,42,2,21,20,1,12,10,2,10,8,2,2,2,0
`05,`000,STATE - UTTARAKHAND,`49,`000,`0000,Land transport and transport via pipelines,994,980,14,754,742,12,240,238,2,208,204,4,186,182,4,22,22,0
`05,`000,STATE - UTTARAKHAND,`49,`491,`0000,Transport via railways,171,167,4,130,126,4,41,41,0,2,2,0,0,0,0,2,2,0
`05,`000,STATE - UTTARAKHAND,`49,`491,`4911,Passenger rail transport,151,147,4,118,114,4,33,33,0,0,0,0,0,0,0,0,0,0
`05,`000,STATE - UTTARAKHAND,`49,`491,`4912,Freight rail transport,20,20,0,12,12,0,8,8,0,2,2,0,0,0,0,2,2,0
`05,`000,STATE - UTTARAKHAND,`49,`492,`0000,Other land transport,823,813,10,624,616,8,199,197,2,206,202,4,186,182,4,20,20,0
`05,`000,STATE - UTTARAKHAND,`49,`492,`4921,Urban or suburban passenger land transport,222,220,2,172,170,2,50,50,0,44,44,0,40,40,0,4,4,0
`05,`000,STATE - UTTARAKHAND,`49,`492,`4922,Other passenger land transport,381,377,4,296,294,2,85,83,2,112,112,0,98,98,0,14,14,0
`05,`000,STATE - UTTARAKHAND,`49,`492,`4923,Freight transport by road,220,216,4,156,152,4,64,64,0,50,46,4,48,44,4,2,2,0
`05,`000,STATE - UTTARAKHAND,`50,`000,`0000,Water transport,6,6,0,0,0,0,6,6,0,0,0,0,0,0,0,0,0,0
`05,`000,STATE - UTTARAKHAND,`50,`501,`0000,Sea and coastal water transport,4,4,0,0,0,0,4,4,0,0,0,0,0,0,0,0,0,0
`05,`000,STATE - UTTARAKHAND,`50,`501,`5011,Sea and coastal passenger water transport,4,4,0,0,0,0,4,4,0,0,0,0,0,0,0,0,0,0
`05,`000,STATE - UTTARAKHAND,`50,`502,`0000,Inland water transport,2,2,0,0,0,0,2,2,0,0,0,0,0,0,0,0,0,0
`05,`000,STATE - UTTARAKHAND,`50,`502,`5021,Inland passenger water transport,2,2,0,0,0,0,2,2,0,0,0,0,0,0,0,0,0,0
`05,`000,STATE - UTTARAKHAND,`51,`000,`0000,Air transport,2,2,0,0,0,0,2,2,0,0,0,0,0,0,0,0,0,0
`05,`000,STATE - UTTARAKHAND,`51,`512,`0000,Freight air transport,2,2,0,0,0,0,2,2,0,0,0,0,0,0,0,0,0,0
`05,`000,STATE - UTTARAKHAND,`51,`512,`5120,Freight air transport,2,2,0,0,0,0,2,2,0,0,0,0,0,0,0,0,0,0
`05,`000,STATE - UTTARAKHAND,`52,`000,`0000,Warehousing and support activities for transportation,84,80,4,58,58,0,26,22,4,18,14,4,14,12,2,4,2,2
`05,`000,STATE - UTTARAKHAND,`52,`521,`0000,Warehousing and storage,26,24,2,14,14,0,12,10,2,6,4,2,2,2,0,4,2,2
`05,`000,STATE - UTTARAKHAND,`52,`521,`5210,Warehousing and storage,26,24,2,14,14,0,12,10,2,6,4,2,2,2,0,4,2,2
`05,`000,STATE - UTTARAKHAND,`52,`522,`0000,Support activities for transportation,58,56,2,44,44,0,14,12,2,12,10,2,12,10,2,0,0,0
`05,`000,STATE - UTTARAKHAND,`52,`522,`5221,Service activities incidental to land transportation,20,18,2,14,14,0,6,4,2,8,6,2,8,6,2,0,0,0
`05,`000,STATE - UTTARAKHAND,`52,`522,`5223,Service activities incidental to air transportation,2,2,0,2,2,0,0,0,0,0,0,0,0,0,0,0,0,0
`05,`000,STATE - UTTARAKHAND,`52,`522,`5224,Cargo handling,2,2,0,0,0,0,2,2,0,0,0,0,0,0,0,0,0,0
`05,`000,STATE - UTTARAKHAND,`52,`522,`5229,Other transportation support activities,34,34,0,28,28,0,6,6,0,4,4,0,4,4,0,0,0,0
`05,`000,STATE - UTTARAKHAND,`53,`000,`0000,Postal and courier activities,294,254,40,216,200,16,78,54,24,16,16,0,12,12,0,4,4,0
`05,`000,STATE - UTTARAKHAND,`53,`531,`0000,Postal activities,286,250,36,208,196,12,78,54,24,12,12,0,10,10,0,2,2,0
`05,`000,STATE - UTTARAKHAND,`53,`531,`5310,Postal activities,286,250,36,208,196,12,78,54,24,12,12,0,10,10,0,2,2,0
`05,`000,STATE - UTTARAKHAND,`53,`532,`0000,Courier activities,8,4,4,8,4,4,0,0,0,4,4,0,2,2,0,2,2,0
`05,`000,STATE - UTTARAKHAND,`53,`532,`5320,Courier activities,8,4,4,8,4,4,0,0,0,4,4,0,2,2,0,2,2,0
`05,`000,STATE - UTTARAKHAND,`55,`000,`0000,Accommodation,178,158,20,98,88,10,80,70,10,12,12,0,12,12,0,0,0,0
`05,`000,STATE - UTTARAKHAND,`55,`551,`0000,Short term accommodation activities,178,158,20,98,88,10,80,70,10,12,12,0,12,12,0,0,0,0
`05,`000,STATE - UTTARAKHAND,`55,`551,`5510,Short term accommodation activities,178,158,20,98,88,10,80,70,10,12,12,0,12,12,0,0,0,0
`05,`000,STATE - UTTARAKHAND,`56,`000,`0000,Food and beverage service activities,129,119,10,96,86,10,33,33,0,16,16,0,16,16,0,0,0,0
`05,`000,STATE - UTTARAKHAND,`56,`562,`0000,Event catering and other food service activities,19,19,0,6,6,0,13,13,0,10,10,0,10,10,0,0,0,0
`05,`000,STATE - UTTARAKHAND,`56,`562,`5621,Event catering,19,19,0,6,6,0,13,13,0,10,10,0,10,10,0,0,0,0
`05,`000,STATE - UTTARAKHAND,`56,`563,`0000,Beverage serving activities,110,100,10,90,80,10,20,20,0,6,6,0,6,6,0,0,0,0
`05,`000,STATE - UTTARAKHAND,`56,`563,`5630,Beverage serving activities,110,100,10,90,80,10,20,20,0,6,6,0,6,6,0,0,0,0
`05,`000,STATE - UTTARAKHAND,`58,`000,`0000,Publishing activities,2,2,0,2,2,0,0,0,0,2,2,0,2,2,0,0,0,0
`05,`000,STATE - UTTARAKHAND,`58,`581,`0000,"Publishing of books, periodicals and other publishing activities",2,2,0,2,2,0,0,0,0,2,2,0,2,2,0,0,0,0
`05,`000,STATE - UTTARAKHAND,`58,`581,`5813,"Publishing of newspapers, journals and periodicals",2,2,0,2,2,0,0,0,0,2,2,0,2,2,0,0,0,0
`05,`000,STATE - UTTARAKHAND,`59,`000,`0000,"Motion picture, video and television programme production, sound recording",8,8,0,6,6,0,2,2,0,0,0,0,0,0,0,0,0,0
`05,`000,STATE - UTTARAKHAND,`59,`591,`0000,"Motion picture, video and television programme activities",6,6,0,4,4,0,2,2,0,0,0,0,0,0,0,0,0,0
`05,`000,STATE - UTTARAKHAND,`59,`591,`5911,"Motion picture, video and television programme production activities",4,4,0,4,4,0,0,0,0,0,0,0,0,0,0,0,0,0
`05,`000,STATE - UTTARAKHAND,`59,`591,`5912,"Motion picture, video and television programme post-production",2,2,0,0,0,0,2,2,0,0,0,0,0,0,0,0,0,0
`05,`000,STATE - UTTARAKHAND,`59,`592,`0000,Sound recording and music publishing activities,2,2,0,2,2,0,0,0,0,0,0,0,0,0,0,0,0,0
`05,`000,STATE - UTTARAKHAND,`59,`592,`5920,Sound recording and music publishing activitiesT,2,2,0,2,2,0,0,0,0,0,0,0,0,0,0,0,0,0
`05,`000,STATE - UTTARAKHAND,`60,`000,`0000,Broadcasting and programming activities,6,4,2,2,2,0,4,2,2,0,0,0,0,0,0,0,0,0
`05,`000,STATE - UTTARAKHAND,`60,`601,`0000,Radio broadcasting,6,4,2,2,2,0,4,2,2,0,0,0,0,0,0,0,0,0
`05,`000,STATE - UTTARAKHAND,`60,`601,`6010,Radio broadcasting,6,4,2,2,2,0,4,2,2,0,0,0,0,0,0,0,0,0
`05,`000,STATE - UTTARAKHAND,`61,`000,`0000,Telecommunications,102,96,6,48,48,0,54,48,6,2,2,0,2,2,0,0,0,0
`05,`000,STATE - UTTARAKHAND,`61,`611,`0000,Wired telecommunications activities,38,36,2,16,16,0,22,20,2,2,2,0,2,2,0,0,0,0
`05,`000,STATE - UTTARAKHAND,`61,`611,`6110,Wired telecommunications activities,38,36,2,16,16,0,22,20,2,2,2,0,2,2,0,0,0,0
`05,`000,STATE - UTTARAKHAND,`61,`612,`0000,Wireless telecommunications activities,2,2,0,2,2,0,0,0,0,0,0,0,0,0,0,0,0,0
`05,`000,STATE - UTTARAKHAND,`61,`612,`6120,Wireless telecommunications activities,2,2,0,2,2,0,0,0,0,0,0,0,0,0,0,0,0,0
`05,`000,STATE - UTTARAKHAND,`61,`619,`0000,Other telecommunications activities,62,58,4,30,30,0,32,28,4,0,0,0,0,0,0,0,0,0
`05,`000,STATE - UTTARAKHAND,`61,`619,`6190,Other telecommunications activities,62,58,4,30,30,0,32,28,4,0,0,0,0,0,0,0,0,0
`05,`000,STATE - UTTARAKHAND,`62,`000,`0000,"Computer programming, consultancy and related activities",8,8,0,4,4,0,4,4,0,0,0,0,0,0,0,0,0,0
`05,`000,STATE - UTTARAKHAND,`62,`620,`0000,"Computer programming, consultancy and related activities",8,8,0,4,4,0,4,4,0,0,0,0,0,0,0,0,0,0
`05,`000,STATE - UTTARAKHAND,`62,`620,`6202,Computer consultancy and computer facilities management activities,2,2,0,0,0,0,2,2,0,0,0,0,0,0,0,0,0,0
`05,`000,STATE - UTTARAKHAND,`62,`620,`6209,Other information technology and computer service activities,6,6,0,4,4,0,2,2,0,0,0,0,0,0,0,0,0,0
`05,`000,STATE - UTTARAKHAND,`63,`000,`0000,Information service activities,52,44,8,32,28,4,20,16,4,2,2,0,2,2,0,0,0,0
`05,`000,STATE - UTTARAKHAND,`63,`639,`0000,Other information service activities,52,44,8,32,28,4,20,16,4,2,2,0,2,2,0,0,0,0
`05,`000,STATE - UTTARAKHAND,`63,`639,`6391,News agency activities,0,0,0,0,0,0,0,0,0,2,2,0,2,2,0,0,0,0
`05,`000,STATE - UTTARAKHAND,`63,`639,`6399,Other information service activities n.e.c.,52,44,8,32,28,4,20,16,4,0,0,0,0,0,0,0,0,0
`05,`000,STATE - UTTARAKHAND,`64,`000,`0000,"Financial service activities, except insurance and pension funding",634,574,60,310,280,30,324,294,30,8,8,0,6,6,0,2,2,0
`05,`000,STATE - UTTARAKHAND,`64,`641,`0000,Monetary intermediation,628,568,60,306,276,30,322,292,30,8,8,0,6,6,0,2,2,0
`05,`000,STATE - UTTARAKHAND,`64,`641,`6411,Central banking,608,552,56,296,268,28,312,284,28,8,8,0,6,6,0,2,2,0
`05,`000,STATE - UTTARAKHAND,`64,`641,`6419,Other monetary intermediation,20,16,4,10,8,2,10,8,2,0,0,0,0,0,0,0,0,0
`05,`000,STATE - UTTARAKHAND,`64,`649,`0000,"Other financial service activities, except insurance and pension funding",6,6,0,4,4,0,2,2,0,0,0,0,0,0,0,0,0,0
`05,`000,STATE - UTTARAKHAND,`64,`649,`6491,Financial leasing,2,2,0,2,2,0,0,0,0,0,0,0,0,0,0,0,0,0
`05,`000,STATE - UTTARAKHAND,`64,`649,`6499,"Other financial service activities, except insurance and pension funding",4,4,0,2,2,0,2,2,0,0,0,0,0,0,0,0,0,0
`05,`000,STATE - UTTARAKHAND,`65,`000,`0000,"Insurance, reinsurance and pension funding, except compulsory social",212,186,26,118,100,18,94,86,8,12,10,2,10,8,2,2,2,0
`05,`000,STATE - UTTARAKHAND,`65,`651,`0000,Insurance,204,180,24,118,100,18,86,80,6,12,10,2,10,8,2,2,2,0
`05,`000,STATE - UTTARAKHAND,`65,`651,`6511,Life insurance,196,172,24,112,94,18,84,78,6,12,10,2,10,8,2,2,2,0
`05,`000,STATE - UTTARAKHAND,`65,`651,`6512,Non-life insurance,8,8,0,6,6,0,2,2,0,0,0,0,0,0,0,0,0,0
`05,`000,STATE - UTTARAKHAND,`65,`653,`0000,Pension funding,8,6,2,0,0,0,8,6,2,0,0,0,0,0,0,0,0,0
`05,`000,STATE - UTTARAKHAND,`65,`653,`6530,Pension funding,8,6,2,0,0,0,8,6,2,0,0,0,0,0,0,0,0,0
`05,`000,STATE - UTTARAKHAND,`66,`000,`0000,Other financial activities,16,14,2,6,6,0,10,8,2,0,0,0,0,0,0,0,0,0
`05,`000,STATE - UTTARAKHAND,`66,`661,`0000,"Activities auxiliary to financial service activities, except insurance and",2,0,2,0,0,0,2,0,2,0,0,0,0,0,0,0,0,0
`05,`000,STATE - UTTARAKHAND,`66,`661,`6612,Security and commodity contracts brokerage,2,0,2,0,0,0,2,0,2,0,0,0,0,0,0,0,0,0
`05,`000,STATE - UTTARAKHAND,`66,`662,`0000,Activities auxiliary to insurance and pension funding,14,14,0,6,6,0,8,8,0,0,0,0,0,0,0,0,0,0
`05,`000,STATE - UTTARAKHAND,`66,`662,`6622,Activities of insurance agents and brokers,10,10,0,4,4,0,6,6,0,0,0,0,0,0,0,0,0,0
`05,`000,STATE - UTTARAKHAND,`66,`662,`6629,Other activities auxiliary to insurance and pension funding,4,4,0,2,2,0,2,2,0,0,0,0,0,0,0,0,0,0
`05,`000,STATE - UTTARAKHAND,`68,`000,`0000,Real estate activities,12,12,0,2,2,0,10,10,0,4,4,0,4,4,0,0,0,0
`05,`000,STATE - UTTARAKHAND,`68,`681,`0000,Real estate activities with own or leased property,8,8,0,0,0,0,8,8,0,4,4,0,4,4,0,0,0,0
`05,`000,STATE - UTTARAKHAND,`68,`681,`6810,Real estate activities with own or leased property,8,8,0,0,0,0,8,8,0,4,4,0,4,4,0,0,0,0
`05,`000,STATE - UTTARAKHAND,`68,`682,`0000,Real estate activities on a fee or contract basis,4,4,0,2,2,0,2,2,0,0,0,0,0,0,0,0,0,0
`05,`000,STATE - UTTARAKHAND,`68,`682,`6820,Real estate activities on a fee or contract basis,4,4,0,2,2,0,2,2,0,0,0,0,0,0,0,0,0,0
`05,`000,STATE - UTTARAKHAND,`69,`000,`0000,Legal and accounting activities,44,40,4,12,12,0,32,28,4,2,2,0,0,0,0,2,2,0
`05,`000,STATE - UTTARAKHAND,`69,`691,`0000,Legal activities,42,38,4,10,10,0,32,28,4,2,2,0,0,0,0,2,2,0
`05,`000,STATE - UTTARAKHAND,`69,`691,`6910,Legal activities,42,38,4,10,10,0,32,28,4,2,2,0,0,0,0,2,2,0
`05,`000,STATE - UTTARAKHAND,`69,`692,`0000,"Accounting, bookkeeping and auditing activities; tax consultancy",2,2,0,2,2,0,0,0,0,0,0,0,0,0,0,0,0,0
`05,`000,STATE - UTTARAKHAND,`69,`692,`6920,"Accounting, bookkeeping and auditing activities; tax consultancy",2,2,0,2,2,0,0,0,0,0,0,0,0,0,0,0,0,0
`05,`000,STATE - UTTARAKHAND,`70,`000,`0000,Activities of head offices; management consultancy activities,88,78,10,22,22,0,66,56,10,2,0,2,0,0,0,2,0,2
`05,`000,STATE - UTTARAKHAND,`70,`701,`0000,Activities of head offices,88,78,10,22,22,0,66,56,10,2,0,2,0,0,0,2,0,2
`05,`000,STATE - UTTARAKHAND,`70,`701,`7010,Activities of head offices,88,78,10,22,22,0,66,56,10,2,0,2,0,0,0,2,0,2
`05,`000,STATE - UTTARAKHAND,`71,`000,`0000,Architecture and engineering activities; technical testing and analysis,4,4,0,2,2,0,2,2,0,2,2,0,0,0,0,2,2,0
`05,`000,STATE - UTTARAKHAND,`71,`711,`0000,Architectural and engineering activities and related technical consultancy,4,4,0,2,2,0,2,2,0,2,2,0,0,0,0,2,2,0
`05,`000,STATE - UTTARAKHAND,`71,`711,`7110,Architectural and engineering activities and related technical,4,4,0,2,2,0,2,2,0,2,2,0,0,0,0,2,2,0
`05,`000,STATE - UTTARAKHAND,`72,`000,`0000,Scientific research and development,4,4,0,2,2,0,2,2,0,0,0,0,0,0,0,0,0,0
`05,`000,STATE - UTTARAKHAND,`72,`721,`0000,Research and experimental development on natural sciences and,4,4,0,2,2,0,2,2,0,0,0,0,0,0,0,0,0,0
`05,`000,STATE - UTTARAKHAND,`72,`721,`7210,Research and experimental development on natural sciences and,4,4,0,2,2,0,2,2,0,0,0,0,0,0,0,0,0,0
`05,`000,STATE - UTTARAKHAND,`73,`000,`0000,Advertising and market research,4,4,0,0,0,0,4,4,0,0,0,0,0,0,0,0,0,0
`05,`000,STATE - UTTARAKHAND,`73,`731,`0000,Advertising,2,2,0,0,0,0,2,2,0,0,0,0,0,0,0,0,0,0
`05,`000,STATE - UTTARAKHAND,`73,`731,`7310,Advertising,2,2,0,0,0,0,2,2,0,0,0,0,0,0,0,0,0,0
`05,`000,STATE - UTTARAKHAND,`73,`732,`0000,Market research and public opinion polling,2,2,0,0,0,0,2,2,0,0,0,0,0,0,0,0,0,0
`05,`000,STATE - UTTARAKHAND,`73,`732,`7320,Market research and public opinion polling,2,2,0,0,0,0,2,2,0,0,0,0,0,0,0,0,0,0
`05,`000,STATE - UTTARAKHAND,`74,`000,`0000,"Other professional, scientific and technical activities",44,42,2,24,22,2,20,20,0,0,0,0,0,0,0,0,0,0
`05,`000,STATE - UTTARAKHAND,`74,`741,`0000,Specialized design activities,4,2,2,4,2,2,0,0,0,0,0,0,0,0,0,0,0,0
`05,`000,STATE - UTTARAKHAND,`74,`741,`7410,Specialized design activities,4,2,2,4,2,2,0,0,0,0,0,0,0,0,0,0,0,0
`05,`000,STATE - UTTARAKHAND,`74,`742,`0000,Photographic activities,30,30,0,18,18,0,12,12,0,0,0,0,0,0,0,0,0,0
`05,`000,STATE - UTTARAKHAND,`74,`742,`7420,Photographic activities,30,30,0,18,18,0,12,12,0,0,0,0,0,0,0,0,0,0
`05,`000,STATE - UTTARAKHAND,`74,`749,`0000,"Other professional, scientific and technical activities n.e.c.",10,10,0,2,2,0,8,8,0,0,0,0,0,0,0,0,0,0
`05,`000,STATE - UTTARAKHAND,`74,`749,`7490,"Other professional, scientific and technical activities n.e.c.",10,10,0,2,2,0,8,8,0,0,0,0,0,0,0,0,0,0
`05,`000,STATE - UTTARAKHAND,`75,`000,`0000,Veterinary activities,34,32,2,22,22,0,12,10,2,0,0,0,0,0,0,0,0,0
`05,`000,STATE - UTTARAKHAND,`75,`750,`0000,Veterinary activities,34,32,2,22,22,0,12,10,2,0,0,0,0,0,0,0,0,0
`05,`000,STATE - UTTARAKHAND,`75,`750,`7500,Veterinary activities,34,32,2,22,22,0,12,10,2,0,0,0,0,0,0,0,0,0
`05,`000,STATE - UTTARAKHAND,`77,`000,`0000,Rental and leasing activities,22,22,0,18,18,0,4,4,0,8,8,0,8,8,0,0,0,0
`05,`000,STATE - UTTARAKHAND,`77,`772,`0000,Renting and leasing of personal and household goods,22,22,0,18,18,0,4,4,0,8,8,0,8,8,0,0,0,0
`05,`000,STATE - UTTARAKHAND,`77,`772,`7729,Renting and leasing of other personal and household goods n.e.c.,22,22,0,18,18,0,4,4,0,8,8,0,8,8,0,0,0,0
`05,`000,STATE - UTTARAKHAND,`78,`000,`0000,Employment activities,4,4,0,2,2,0,2,2,0,2,2,0,2,2,0,0,0,0
`05,`000,STATE - UTTARAKHAND,`78,`781,`0000,Activities of employment placement agencies,4,4,0,2,2,0,2,2,0,2,2,0,2,2,0,0,0,0
`05,`000,STATE - UTTARAKHAND,`78,`781,`7810,Activities of employment placement agencies,4,4,0,2,2,0,2,2,0,2,2,0,2,2,0,0,0,0
`05,`000,STATE - UTTARAKHAND,`79,`000,`0000,"Travel agency, tour operator and other reservation service activities",14,12,2,4,2,2,10,10,0,2,2,0,2,2,0,0,0,0
`05,`000,STATE - UTTARAKHAND,`79,`791,`0000,Travel agency and tour operator activities,14,12,2,4,2,2,10,10,0,2,2,0,2,2,0,0,0,0
`05,`000,STATE - UTTARAKHAND,`79,`791,`7911,Travel agency activities,14,12,2,4,2,2,10,10,0,2,2,0,2,2,0,0,0,0
`05,`000,STATE - UTTARAKHAND,`80,`000,`0000,Security and investigation activities,0,0,0,0,0,0,0,0,0,2,2,0,2,2,0,0,0,0
`05,`000,STATE - UTTARAKHAND,`80,`802,`0000,Security systems service activities,0,0,0,0,0,0,0,0,0,2,2,0,2,2,0,0,0,0
`05,`000,STATE - UTTARAKHAND,`80,`802,`8020,Security systems service activities,0,0,0,0,0,0,0,0,0,2,2,0,2,2,0,0,0,0
`05,`000,STATE - UTTARAKHAND,`81,`000,`0000,Services to buildings and landscape activities,2,2,0,0,0,0,2,2,0,0,0,0,0,0,0,0,0,0
`05,`000,STATE - UTTARAKHAND,`81,`812,`0000,Cleaning activities,2,2,0,0,0,0,2,2,0,0,0,0,0,0,0,0,0,0
`05,`000,STATE - UTTARAKHAND,`81,`812,`8121,General cleaning of buildings,2,2,0,0,0,0,2,2,0,0,0,0,0,0,0,0,0,0
`05,`000,STATE - UTTARAKHAND,`82,`000,`0000,"Office administrative, office support and other business support activities",1015,929,86,688,620,68,327,309,18,124,106,18,94,80,14,30,26,4
`05,`000,STATE - UTTARAKHAND,`82,`821,`0000,Office administrative and support activities,6,4,2,4,4,0,2,0,2,0,0,0,0,0,0,0,0,0
`05,`000,STATE - UTTARAKHAND,`82,`821,`8219,"Photocopying, document preparation and other specialized office",6,4,2,4,4,0,2,0,2,0,0,0,0,0,0,0,0,0
`05,`000,STATE - UTTARAKHAND,`82,`822,`0000,Activities of call centres,12,6,6,8,2,6,4,4,0,2,2,0,2,2,0,0,0,0
`05,`000,STATE - UTTARAKHAND,`82,`822,`8220,Activities of call centres,12,6,6,8,2,6,4,4,0,2,2,0,2,2,0,0,0,0
`05,`000,STATE - UTTARAKHAND,`82,`829,`0000,Business support service activities n.e.c.,997,919,78,676,614,62,321,305,16,122,104,18,92,78,14,30,26,4
`05,`000,STATE - UTTARAKHAND,`82,`829,`8291,Activities of collection agencies and credit bureaus,2,2,0,2,2,0,0,0,0,0,0,0,0,0,0,0,0,0
`05,`000,STATE - UTTARAKHAND,`82,`829,`8292,Packaging activities,28,26,2,26,24,2,2,2,0,6,6,0,6,6,0,0,0,0
`05,`000,STATE - UTTARAKHAND,`82,`829,`8299,Other business support service activities n.e.c.,967,891,76,648,588,60,319,303,16,116,98,18,86,72,14,30,26,4
`05,`000,STATE - UTTARAKHAND,`84,`000,`0000,Public administration and defence; compulsory social security,4395,3951,444,2804,2532,272,1591,1419,172,404,192,212,354,158,196,50,34,16
`05,`000,STATE - UTTARAKHAND,`84,`841,`0000,Administration of the State and the economic and social policy of the,3202,2805,397,2026,1784,242,1176,1021,155,370,168,202,336,142,194,34,26,8
`05,`000,STATE - UTTARAKHAND,`84,`841,`8411,General public administration activities,3196,2803,393,2024,1784,240,1172,1019,153,370,168,202,336,142,194,34,26,8
`05,`000,STATE - UTTARAKHAND,`84,`841,`8412,"Regulation of the activities of providing health care, education, cultural",6,2,4,2,0,2,4,2,2,0,0,0,0,0,0,0,0,0
`05,`000,STATE - UTTARAKHAND,`84,`842,`0000,Provision of services to the community as a whole,1158,1117,41,756,732,24,402,385,17,34,24,10,18,16,2,16,8,8
`05,`000,STATE - UTTARAKHAND,`84,`842,`8422,Defence activities,688,665,23,442,432,10,246,233,13,30,22,8,16,14,2,14,8,6
`05,`000,STATE - UTTARAKHAND,`84,`842,`8423,Public order and safety activities,470,452,18,314,300,14,156,152,4,4,2,2,2,2,0,2,0,2
`05,`000,STATE - UTTARAKHAND,`84,`843,`0000,Compulsory social security activities,35,29,6,22,16,6,13,13,0,0,0,0,0,0,0,0,0,0
`05,`000,STATE - UTTARAKHAND,`84,`843,`8430,Compulsory social security activities,35,29,6,22,16,6,13,13,0,0,0,0,0,0,0,0,0,0
`05,`000,STATE - UTTARAKHAND,`85,`000,`0000,Education,2592,1158,1434,2006,920,1086,586,238,348,140,58,82,122,50,72,18,8,10
`05,`000,STATE - UTTARAKHAND,`85,`851,`0000,Primary education,1620,622,998,1318,540,778,302,82,220,66,30,36,58,26,32,8,4,4
`05,`000,STATE - UTTARAKHAND,`85,`851,`8510,Primary education,1620,622,998,1318,540,778,302,82,220,66,30,36,58,26,32,8,4,4
`05,`000,STATE - UTTARAKHAND,`85,`852,`0000,Secondary education,589,312,277,426,242,184,163,70,93,16,6,10,14,4,10,2,2,0
`05,`000,STATE - UTTARAKHAND,`85,`852,`8521,General secondary education,581,306,275,424,240,184,157,66,91,16,6,10,14,4,10,2,2,0
`05,`000,STATE - UTTARAKHAND,`85,`852,`8522,Technical and vocational secondary education,8,6,2,2,2,0,6,4,2,0,0,0,0,0,0,0,0,0
`05,`000,STATE - UTTARAKHAND,`85,`853,`0000,Higher education,133,97,36,74,56,18,59,41,18,2,2,0,0,0,0,2,2,0
`05,`000,STATE - UTTARAKHAND,`85,`853,`8530,Higher education,133,97,36,74,56,18,59,41,18,2,2,0,0,0,0,2,2,0
`05,`000,STATE - UTTARAKHAND,`85,`854,`0000,Other education,113,74,39,68,42,26,45,32,13,42,16,26,38,16,22,4,0,4
`05,`000,STATE - UTTARAKHAND,`85,`854,`8549,Other education n.e.c.,113,74,39,68,42,26,45,32,13,42,16,26,38,16,22,4,0,4
`05,`000,STATE - UTTARAKHAND,`85,`855,`0000,Educational support services,137,53,84,120,40,80,17,13,4,14,4,10,12,4,8,2,0,2
`05,`000,STATE - UTTARAKHAND,`85,`855,`8550,Educational support services,137,53,84,120,40,80,17,13,4,14,4,10,12,4,8,2,0,2
`05,`000,STATE - UTTARAKHAND,`86,`000,`0000,Human health activities,855,337,518,590,190,400,265,147,118,43,11,32,38,8,30,5,3,2
`05,`000,STATE - UTTARAKHAND,`86,`861,`0000,Hospital activities,255,158,97,124,78,46,131,80,51,7,5,2,2,2,0,5,3,2
`05,`000,STATE - UTTARAKHAND,`86,`861,`8610,Hospital activities,255,158,97,124,78,46,131,80,51,7,5,2,2,2,0,5,3,2
`05,`000,STATE - UTTARAKHAND,`86,`862,`0000,Medical and dental practice activities,20,16,4,8,6,2,12,10,2,2,2,0,2,2,0,0,0,0
`05,`000,STATE - UTTARAKHAND,`86,`862,`8620,Medical and dental practice activities,20,16,4,8,6,2,12,10,2,2,2,0,2,2,0,0,0,0
`05,`000,STATE - UTTARAKHAND,`86,`869,`0000,Other human health activities,580,163,417,458,106,352,122,57,65,34,4,30,34,4,30,0,0,0
`05,`000,STATE - UTTARAKHAND,`86,`869,`8690,Other human health activities,580,163,417,458,106,352,122,57,65,34,4,30,34,4,30,0,0,0
`05,`000,STATE - UTTARAKHAND,`88,`000,`0000,Social work activities without accommodation,351,34,317,296,20,276,55,14,41,36,4,32,28,4,24,8,0,8
`05,`000,STATE - UTTARAKHAND,`88,`881,`0000,Social work activities without accommodation for the elderly and disabled,2,0,2,0,0,0,2,0,2,2,0,2,0,0,0,2,0,2
`05,`000,STATE - UTTARAKHAND,`88,`881,`8810,Social work activities without accommodation for the elderly and,2,0,2,0,0,0,2,0,2,2,0,2,0,0,0,2,0,2
`05,`000,STATE - UTTARAKHAND,`88,`889,`0000,Other social work activities without accommodation n.e.c.,349,34,315,296,20,276,53,14,39,34,4,30,28,4,24,6,0,6
`05,`000,STATE - UTTARAKHAND,`88,`889,`8890,Other social work activities without accommodation n.e.c.,349,34,315,296,20,276,53,14,39,34,4,30,28,4,24,6,0,6
`05,`000,STATE - UTTARAKHAND,`90,`000,`0000,"Creative, arts and entertainment activities",26,26,0,12,12,0,14,14,0,14,14,0,10,10,0,4,4,0
`05,`000,STATE - UTTARAKHAND,`90,`900,`0000,"Creative, arts and entertainment activities",26,26,0,12,12,0,14,14,0,14,14,0,10,10,0,4,4,0
`05,`000,STATE - UTTARAKHAND,`90,`900,`9000,"Dramatic arts, music and other arts activities",26,26,0,12,12,0,14,14,0,14,14,0,10,10,0,4,4,0
`05,`000,STATE - UTTARAKHAND,`93,`000,`0000,Sports activities and amusement and recreation activities,8,8,0,4,4,0,4,4,0,2,2,0,2,2,0,0,0,0
`05,`000,STATE - UTTARAKHAND,`93,`931,`0000,Sports activities,2,2,0,0,0,0,2,2,0,0,0,0,0,0,0,0,0,0
`05,`000,STATE - UTTARAKHAND,`93,`931,`9312,Activities of sports clubs,2,2,0,0,0,0,2,2,0,0,0,0,0,0,0,0,0,0
`05,`000,STATE - UTTARAKHAND,`93,`932,`0000,Other amusement and recreation activities,6,6,0,4,4,0,2,2,0,2,2,0,2,2,0,0,0,0
`05,`000,STATE - UTTARAKHAND,`93,`932,`9329,Other amusement and recreation activities n.e.c.,6,6,0,4,4,0,2,2,0,2,2,0,2,2,0,0,0,0
`05,`000,STATE - UTTARAKHAND,`94,`000,`0000,Activities of membership organizations,198,142,56,174,122,52,24,20,4,26,22,4,26,22,4,0,0,0
`05,`000,STATE - UTTARAKHAND,`94,`941,`0000,"Activities of business, employers and professional membership",12,6,6,12,6,6,0,0,0,0,0,0,0,0,0,0,0,0
`05,`000,STATE - UTTARAKHAND,`94,`941,`9411,Activities of business and employers membership organizations,12,6,6,12,6,6,0,0,0,0,0,0,0,0,0,0,0,0
`05,`000,STATE - UTTARAKHAND,`94,`942,`0000,Activities of trade unions,12,10,2,12,10,2,0,0,0,0,0,0,0,0,0,0,0,0
`05,`000,STATE - UTTARAKHAND,`94,`942,`9420,Activities of trade unions,12,10,2,12,10,2,0,0,0,0,0,0,0,0,0,0,0,0
`05,`000,STATE - UTTARAKHAND,`94,`949,`0000,Activities of other membership organizations,174,126,48,150,106,44,24,20,4,26,22,4,26,22,4,0,0,0
`05,`000,STATE - UTTARAKHAND,`94,`949,`9491,Activities of religious organizations,64,56,8,52,46,6,12,10,2,20,20,0,20,20,0,0,0,0
`05,`000,STATE - UTTARAKHAND,`94,`949,`9492,Activities of political organizations,90,54,36,82,48,34,8,6,2,6,2,4,6,2,4,0,0,0
`05,`000,STATE - UTTARAKHAND,`94,`949,`9499,Activities of other membership organizations n.e.c.,20,16,4,16,12,4,4,4,0,0,0,0,0,0,0,0,0,0
`05,`000,STATE - UTTARAKHAND,`95,`000,`0000,Repair of computers and personal and household goods,244,208,36,196,160,36,48,48,0,74,56,18,64,46,18,10,10,0
`05,`000,STATE - UTTARAKHAND,`95,`951,`0000,Repair of computers and communication equipment,10,10,0,2,2,0,8,8,0,2,2,0,0,0,0,2,2,0
`05,`000,STATE - UTTARAKHAND,`95,`951,`9512,Repair of communication equipment,10,10,0,2,2,0,8,8,0,2,2,0,0,0,0,2,2,0
`05,`000,STATE - UTTARAKHAND,`95,`952,`0000,Repair of personal and household goods,234,198,36,194,158,36,40,40,0,72,54,18,64,46,18,8,8,0
`05,`000,STATE - UTTARAKHAND,`95,`952,`9521,Repair of consumer electronics,76,52,24,66,42,24,10,10,0,28,14,14,28,14,14,0,0,0
`05,`000,STATE - UTTARAKHAND,`95,`952,`9522,Repair of household appliances and home and garden equipment,30,30,0,30,30,0,0,0,0,16,14,2,12,10,2,4,4,0
`05,`000,STATE - UTTARAKHAND,`95,`952,`9523,Repair of footwear and leather goods,14,14,0,0,0,0,14,14,0,0,0,0,0,0,0,0,0,0
`05,`000,STATE - UTTARAKHAND,`95,`952,`9524,Repair of furniture and home furnishings,2,2,0,2,2,0,0,0,0,0,0,0,0,0,0,0,0,0
`05,`000,STATE - UTTARAKHAND,`95,`952,`9529,"Repair of personal and household goods, n.e.c.",112,100,12,96,84,12,16,16,0,28,26,2,24,22,2,4,4,0
`05,`000,STATE - UTTARAKHAND,`96,`000,`0000,Other personal service activities,66,49,17,24,18,6,42,31,11,4,2,2,2,2,0,2,0,2
`05,`000,STATE - UTTARAKHAND,`96,`960,`0000,Other personal service activities,66,49,17,24,18,6,42,31,11,4,2,2,2,2,0,2,0,2
`05,`000,STATE - UTTARAKHAND,`96,`960,`9601,Washing and (dry-) cleaning of textile and fur products,16,12,4,2,2,0,14,10,4,0,0,0,0,0,0,0,0,0
`05,`000,STATE - UTTARAKHAND,`96,`960,`9602,Hairdressing and other beauty treatment,41,28,13,18,12,6,23,16,7,0,0,0,0,0,0,0,0,0
`05,`000,STATE - UTTARAKHAND,`96,`960,`9609,Other personal service activities n.e.c.,9,9,0,4,4,0,5,5,0,4,2,2,2,2,0,2,0,2
`05,`000,STATE - UTTARAKHAND,`97,`000,`0000,Activities of households as employers of domestic personnel,160,80,80,102,50,52,58,30,28,82,20,62,62,14,48,20,6,14
`05,`000,STATE - UTTARAKHAND,`97,`970,`0000,Activities of households as employers of domestic personnel,160,80,80,102,50,52,58,30,28,82,20,62,62,14,48,20,6,14
`05,`000,STATE - UTTARAKHAND,`97,`970,`9700,Activities of households as employers of domestic personnel,160,80,80,102,50,52,58,30,28,82,20,62,62,14,48,20,6,14
`05,`000,STATE - UTTARAKHAND,`99,`000,`0000,Activities of extraterritorial organizations and bodies,2338,873,1465,2152,778,1374,186,95,91,2266,831,1435,1922,706,1216,344,125,219
`05,`000,STATE - UTTARAKHAND,`99,`990,`0000,Activities of extraterritorial organizations and bodies,2,2,0,2,2,0,0,0,0,0,0,0,0,0,0,0,0,0
`05,`000,STATE - UTTARAKHAND,`99,`990,`9900,Activities of extraterritorial organizations and bodies,2,2,0,2,2,0,0,0,0,0,0,0,0,0,0,0,0,0
`05,`000,STATE - UTTARAKHAND,`99,`991,`0000,Blank etc.,867,468,399,742,404,338,125,64,61,872,397,475,668,310,358,204,87,117
`05,`000,STATE - UTTARAKHAND,`99,`991,`9910,Blank etc.,867,468,399,742,404,338,125,64,61,872,397,475,668,310,358,204,87,117
`05,`000,STATE - UTTARAKHAND,`99,`992,`0000,Incomplete description/ Wrongly Classifed,1469,403,1066,1408,372,1036,61,31,30,1394,434,960,1254,396,858,140,38,102
`05,`000,STATE - UTTARAKHAND,`99,`992,`9920,Incomplete description/ Wrongly Classifed,1469,403,1066,1408,372,1036,61,31,30,1394,434,960,1254,396,858,140,38,102
`05,`056,District - Uttarkashi,`00,`000,`0000,Total,758,461,297,712,426,286,46,35,11,358,152,206,352,150,202,6,2,4
`05,`056,District - Uttarkashi,`01,`000,`0000,"Crop and animal production, hunting and related service activities",36,34,2,36,34,2,0,0,0,13,13,0,12,12,0,1,1,0
`05,`056,District - Uttarkashi,`01,`011,`0000,Growing of non-perennial crops,0,0,0,0,0,0,0,0,0,1,1,0,0,0,0,1,1,0
`05,`056,District - Uttarkashi,`01,`011,`0111,"Growing of cereals (except rice), leguminous crops and oil seeds",0,0,0,0,0,0,0,0,0,1,1,0,0,0,0,1,1,0
`05,`056,District - Uttarkashi,`01,`014,`0000,Animal production,30,28,2,30,28,2,0,0,0,12,12,0,12,12,0,0,0,0
`05,`056,District - Uttarkashi,`01,`014,`0141,Raising of cattle and buffaloes,8,8,0,8,8,0,0,0,0,0,0,0,0,0,0,0,0,0
`05,`056,District - Uttarkashi,`01,`014,`0144,Raising of sheep and goats,16,14,2,16,14,2,0,0,0,10,10,0,10,10,0,0,0,0
`05,`056,District - Uttarkashi,`01,`014,`0149,Raising of other animals,6,6,0,6,6,0,0,0,0,2,2,0,2,2,0,0,0,0
`05,`056,District - Uttarkashi,`01,`016,`0000,Support activities to agriculture and post-harvest crop activities,6,6,0,6,6,0,0,0,0,0,0,0,0,0,0,0,0,0
`05,`056,District - Uttarkashi,`01,`016,`0161,Support activities for crop production,2,2,0,2,2,0,0,0,0,0,0,0,0,0,0,0,0,0
`05,`056,District - Uttarkashi,`01,`016,`0163,Post-harvest crop activities,4,4,0,4,4,0,0,0,0,0,0,0,0,0,0,0,0,0
`05,`056,District - Uttarkashi,`02,`000,`0000,Forestry and logging,2,2,0,2,2,0,0,0,0,0,0,0,0,0,0,0,0,0
`05,`056,District - Uttarkashi,`02,`024,`0000,Support services to forestry,2,2,0,2,2,0,0,0,0,0,0,0,0,0,0,0,0,0
`05,`056,District - Uttarkashi,`02,`024,`0240,Support services to forestry,2,2,0,2,2,0,0,0,0,0,0,0,0,0,0,0,0,0
`05,`056,District - Uttarkashi,`10,`000,`0000,Manufacture of food products,2,2,0,2,2,0,0,0,0,20,20,0,20,20,0,0,0,0
`05,`056,District - Uttarkashi,`10,`105,`0000,Manufacture of dairy products,2,2,0,2,2,0,0,0,0,18,18,0,18,18,0,0,0,0
`05,`056,District - Uttarkashi,`10,`105,`1050,Manufacture of dairy products,2,2,0,2,2,0,0,0,0,18,18,0,18,18,0,0,0,0
`05,`056,District - Uttarkashi,`10,`107,`0000,Manufacture of other food products,0,0,0,0,0,0,0,0,0,2,2,0,2,2,0,0,0,0
`05,`056,District - Uttarkashi,`10,`107,`1075,Manufacture of prepared meals and dishes,0,0,0,0,0,0,0,0,0,2,2,0,2,2,0,0,0,0
`05,`056,District - Uttarkashi,`13,`000,`0000,Manufacture of textiles,165,90,75,162,90,72,3,0,3,221,64,157,220,64,156,1,0,1
`05,`056,District - Uttarkashi,`13,`131,`0000,"Spinning, weaving and finishing of textiles",165,90,75,162,90,72,3,0,3,221,64,157,220,64,156,1,0,1
`05,`056,District - Uttarkashi,`13,`131,`1311,Preparation and spinning of textile fibres,7,0,7,6,0,6,1,0,1,10,4,6,10,4,6,0,0,0
`05,`056,District - Uttarkashi,`13,`131,`1312,Weaving of textiles,157,90,67,156,90,66,1,0,1,201,52,149,200,52,148,1,0,1
`05,`056,District - Uttarkashi,`13,`131,`1313,Finishing of textiles,1,0,1,0,0,0,1,0,1,10,8,2,10,8,2,0,0,0
`05,`056,District - Uttarkashi,`14,`000,`0000,Manufacture of wearing apparel,3,1,2,2,0,2,1,1,0,5,1,4,4,0,4,1,1,0
`05,`056,District - Uttarkashi,`14,`141,`0000,"Manufacture of wearing apparel, except fur apparel",1,1,0,0,0,0,1,1,0,3,1,2,2,0,2,1,1,0
`05,`056,District - Uttarkashi,`14,`141,`1410,"Manufacture of wearing apparel, except fur apparel",1,1,0,0,0,0,1,1,0,3,1,2,2,0,2,1,1,0
`05,`056,District - Uttarkashi,`14,`143,`0000,Manufacture of knitted and crocheted apparel,2,0,2,2,0,2,0,0,0,2,0,2,2,0,2,0,0,0
`05,`056,District - Uttarkashi,`14,`143,`1430,Manufacture of knitted and crocheted apparel,2,0,2,2,0,2,0,0,0,2,0,2,2,0,2,0,0,0
`05,`056,District - Uttarkashi,`25,`000,`0000,"Manufacture of fabricated metal products, except machinery and equipment",1,1,0,0,0,0,1,1,0,0,0,0,0,0,0,0,0,0
`05,`056,District - Uttarkashi,`25,`259,`0000,Manufacture of other fabricated metal products; metalworking service,1,1,0,0,0,0,1,1,0,0,0,0,0,0,0,0,0,0
`05,`056,District - Uttarkashi,`25,`259,`2593,"Manufacture of cutlery, hand tools and general hardware",1,1,0,0,0,0,1,1,0,0,0,0,0,0,0,0,0,0
`05,`056,District - Uttarkashi,`28,`000,`0000,Manufacture of machinery and equipment n.e.c.,6,2,4,6,2,4,0,0,0,0,0,0,0,0,0,0,0,0
`05,`056,District - Uttarkashi,`28,`282,`0000,Manufacture of special-purpose machinery,6,2,4,6,2,4,0,0,0,0,0,0,0,0,0,0,0,0
`05,`056,District - Uttarkashi,`28,`282,`2826,"Manufacture of machinery for textile, apparel and leather production",6,2,4,6,2,4,0,0,0,0,0,0,0,0,0,0,0,0
`05,`056,District - Uttarkashi,`32,`000,`0000,Other manufacturing,2,2,0,2,2,0,0,0,0,0,0,0,0,0,0,0,0,0
`05,`056,District - Uttarkashi,`32,`329,`0000,Other manufacturing n.e.c.,2,2,0,2,2,0,0,0,0,0,0,0,0,0,0,0,0,0
`05,`056,District - Uttarkashi,`32,`329,`3290,Other manufacturing n.e.c.,2,2,0,2,2,0,0,0,0,0,0,0,0,0,0,0,0,0
`05,`056,District - Uttarkashi,`36,`000,`0000,"Water collection, treatment and supply",1,1,0,0,0,0,1,1,0,0,0,0,0,0,0,0,0,0
`05,`056,District - Uttarkashi,`36,`360,`0000,"Water collection, treatment and supply",1,1,0,0,0,0,1,1,0,0,0,0,0,0,0,0,0,0
`05,`056,District - Uttarkashi,`36,`360,`3600,"Water collection, treatment and supply",1,1,0,0,0,0,1,1,0,0,0,0,0,0,0,0,0,0
`05,`056,District - Uttarkashi,`41,`000,`0000,Construction of buildings,14,14,0,14,14,0,0,0,0,10,10,0,10,10,0,0,0,0
`05,`056,District - Uttarkashi,`41,`410,`0000,Construction of buildings,14,14,0,14,14,0,0,0,0,10,10,0,10,10,0,0,0,0
`05,`056,District - Uttarkashi,`41,`410,`4100,Construction of buildings,14,14,0,14,14,0,0,0,0,10,10,0,10,10,0,0,0,0
`05,`056,District - Uttarkashi,`47,`000,`0000,"Retail trade, except of motor vehicles and motorcycles",50,43,7,46,40,6,4,3,1,6,4,2,6,4,2,0,0,0
`05,`056,District - Uttarkashi,`47,`471,`0000,Retail sale in non-specialized stores,0,0,0,0,0,0,0,0,0,2,2,0,2,2,0,0,0,0
`05,`056,District - Uttarkashi,`47,`471,`4719,Other retail sale in non-specialized stores,0,0,0,0,0,0,0,0,0,2,2,0,2,2,0,0,0,0
`05,`056,District - Uttarkashi,`47,`472,`0000,"Retail sale of food, beverages and tobacco in specialized stores",21,19,2,20,18,2,1,1,0,4,2,2,4,2,2,0,0,0
`05,`056,District - Uttarkashi,`47,`472,`4721,Retail sale of food in specialized stores,21,19,2,20,18,2,1,1,0,4,2,2,4,2,2,0,0,0
`05,`056,District - Uttarkashi,`47,`475,`0000,Retail sale of other household equipment in specialized stores,3,3,0,2,2,0,1,1,0,0,0,0,0,0,0,0,0,0
`05,`056,District - Uttarkashi,`47,`475,`4759,"Retail sale of electrical household appliances, furniture, lighting",3,3,0,2,2,0,1,1,0,0,0,0,0,0,0,0,0,0
`05,`056,District - Uttarkashi,`47,`477,`0000,Retail sale of other goods in specialized stores,10,8,2,10,8,2,0,0,0,0,0,0,0,0,0,0,0,0
`05,`056,District - Uttarkashi,`47,`477,`4771,"Retail sale of clothing, footwear and leather articles in specialized",6,6,0,6,6,0,0,0,0,0,0,0,0,0,0,0,0,0
`05,`056,District - Uttarkashi,`47,`477,`4772,"Retail sale of pharmaceutical and medical goods, cosmetic and toilet",2,2,0,2,2,0,0,0,0,0,0,0,0,0,0,0,0,0
`05,`056,District - Uttarkashi,`47,`477,`4773,Other retail sale of new goods in specialized stores,2,0,2,2,0,2,0,0,0,0,0,0,0,0,0,0,0,0
`05,`056,District - Uttarkashi,`47,`478,`0000,Retail sale via stalls and markets,13,11,2,12,10,2,1,1,0,0,0,0,0,0,0,0,0,0
`05,`056,District - Uttarkashi,`47,`478,`4782,"Retail sale via stalls and markets of textiles, clothing and footwear",2,2,0,2,2,0,0,0,0,0,0,0,0,0,0,0,0,0
`05,`056,District - Uttarkashi,`47,`478,`4789,Retail sale via stalls and markets of other goods,11,9,2,10,8,2,1,1,0,0,0,0,0,0,0,0,0,0
`05,`056,District - Uttarkashi,`47,`479,`0000,"Retail trade not in stores, stalls or markets",3,2,1,2,2,0,1,0,1,0,0,0,0,0,0,0,0,0
`05,`056,District - Uttarkashi,`47,`479,`4799,"Other retail sale not in stores, stalls or markets",3,2,1,2,2,0,1,0,1,0,0,0,0,0,0,0,0,0
`05,`056,District - Uttarkashi,`49,`000,`0000,Land transport and transport via pipelines,12,12,0,12,12,0,0,0,0,2,2,0,2,2,0,0,0,0
`05,`056,District - Uttarkashi,`49,`492,`0000,Other land transport,12,12,0,12,12,0,0,0,0,2,2,0,2,2,0,0,0,0
`05,`056,District - Uttarkashi,`49,`492,`4922,Other passenger land transport,8,8,0,8,8,0,0,0,0,2,2,0,2,2,0,0,0,0
`05,`056,District - Uttarkashi,`49,`492,`4923,Freight transport by road,4,4,0,4,4,0,0,0,0,0,0,0,0,0,0,0,0,0
`05,`056,District - Uttarkashi,`53,`000,`0000,Postal and courier activities,4,4,0,4,4,0,0,0,0,0,0,0,0,0,0,0,0,0
`05,`056,District - Uttarkashi,`53,`531,`0000,Postal activities,4,4,0,4,4,0,0,0,0,0,0,0,0,0,0,0,0,0
`05,`056,District - Uttarkashi,`53,`531,`5310,Postal activities,4,4,0,4,4,0,0,0,0,0,0,0,0,0,0,0,0,0
`05,`056,District - Uttarkashi,`55,`000,`0000,Accommodation,6,6,0,4,4,0,2,2,0,0,0,0,0,0,0,0,0,0
`05,`056,District - Uttarkashi,`55,`551,`0000,Short term accommodation activities,6,6,0,4,4,0,2,2,0,0,0,0,0,0,0,0,0,0
`05,`056,District - Uttarkashi,`55,`551,`5510,Short term accommodation activities,6,6,0,4,4,0,2,2,0,0,0,0,0,0,0,0,0,0
`05,`056,District - Uttarkashi,`56,`000,`0000,Food and beverage service activities,9,9,0,8,8,0,1,1,0,2,2,0,2,2,0,0,0,0
`05,`056,District - Uttarkashi,`56,`562,`0000,Event catering and other food service activities,1,1,0,0,0,0,1,1,0,0,0,0,0,0,0,0,0,0
`05,`056,District - Uttarkashi,`56,`562,`5621,Event catering,1,1,0,0,0,0,1,1,0,0,0,0,0,0,0,0,0,0
`05,`056,District - Uttarkashi,`56,`563,`0000,Beverage serving activities,8,8,0,8,8,0,0,0,0,2,2,0,2,2,0,0,0,0
`05,`056,District - Uttarkashi,`56,`563,`5630,Beverage serving activities,8,8,0,8,8,0,0,0,0,2,2,0,2,2,0,0,0,0
`05,`056,District - Uttarkashi,`64,`000,`0000,"Financial service activities, except insurance and pension funding",7,7,0,6,6,0,1,1,0,2,2,0,2,2,0,0,0,0
`05,`056,District - Uttarkashi,`64,`641,`0000,Monetary intermediation,7,7,0,6,6,0,1,1,0,2,2,0,2,2,0,0,0,0
`05,`056,District - Uttarkashi,`64,`641,`6411,Central banking,7,7,0,6,6,0,1,1,0,2,2,0,2,2,0,0,0,0
`05,`056,District - Uttarkashi,`82,`000,`0000,"Office administrative, office support and other business support activities",14,14,0,14,14,0,0,0,0,4,4,0,4,4,0,0,0,0
`05,`056,District - Uttarkashi,`82,`829,`0000,Business support service activities n.e.c.,14,14,0,14,14,0,0,0,0,4,4,0,4,4,0,0,0,0
`05,`056,District - Uttarkashi,`82,`829,`8299,Other business support service activities n.e.c.,14,14,0,14,14,0,0,0,0,4,4,0,4,4,0,0,0,0
`05,`056,District - Uttarkashi,`84,`000,`0000,Public administration and defence; compulsory social security,107,99,8,86,78,8,21,21,0,6,4,2,6,4,2,0,0,0
`05,`056,District - Uttarkashi,`84,`841,`0000,Administration of the State and the economic and social policy of the,78,70,8,70,62,8,8,8,0,6,4,2,6,4,2,0,0,0
`05,`056,District - Uttarkashi,`84,`841,`8411,General public administration activities,78,70,8,70,62,8,8,8,0,6,4,2,6,4,2,0,0,0
`05,`056,District - Uttarkashi,`84,`842,`0000,Provision of services to the community as a whole,29,29,0,16,16,0,13,13,0,0,0,0,0,0,0,0,0,0
`05,`056,District - Uttarkashi,`84,`842,`8422,Defence activities,7,7,0,2,2,0,5,5,0,0,0,0,0,0,0,0,0,0
`05,`056,District - Uttarkashi,`84,`842,`8423,Public order and safety activities,22,22,0,14,14,0,8,8,0,0,0,0,0,0,0,0,0,0
`05,`056,District - Uttarkashi,`85,`000,`0000,Education,97,52,45,90,50,40,7,2,5,2,2,0,2,2,0,0,0,0
`05,`056,District - Uttarkashi,`85,`851,`0000,Primary education,52,22,30,50,22,28,2,0,2,2,2,0,2,2,0,0,0,0
`05,`056,District - Uttarkashi,`85,`851,`8510,Primary education,52,22,30,50,22,28,2,0,2,2,2,0,2,2,0,0,0,0
`05,`056,District - Uttarkashi,`85,`852,`0000,Secondary education,29,17,12,26,16,10,3,1,2,0,0,0,0,0,0,0,0,0
`05,`056,District - Uttarkashi,`85,`852,`8521,General secondary education,29,17,12,26,16,10,3,1,2,0,0,0,0,0,0,0,0,0
`05,`056,District - Uttarkashi,`85,`853,`0000,Higher education,4,3,1,2,2,0,2,1,1,0,0,0,0,0,0,0,0,0
`05,`056,District - Uttarkashi,`85,`853,`8530,Higher education,4,3,1,2,2,0,2,1,1,0,0,0,0,0,0,0,0,0
`05,`056,District - Uttarkashi,`85,`854,`0000,Other education,8,6,2,8,6,2,0,0,0,0,0,0,0,0,0,0,0,0
`05,`056,District - Uttarkashi,`85,`854,`8549,Other education n.e.c.,8,6,2,8,6,2,0,0,0,0,0,0,0,0,0,0,0,0
`05,`056,District - Uttarkashi,`85,`855,`0000,Educational support services,4,4,0,4,4,0,0,0,0,0,0,0,0,0,0,0,0,0
`05,`056,District - Uttarkashi,`85,`855,`8550,Educational support services,4,4,0,4,4,0,0,0,0,0,0,0,0,0,0,0,0,0
`05,`056,District - Uttarkashi,`86,`000,`0000,Human health activities,15,3,12,14,2,12,1,1,0,0,0,0,0,0,0,0,0,0
`05,`056,District - Uttarkashi,`86,`861,`0000,Hospital activities,5,3,2,4,2,2,1,1,0,0,0,0,0,0,0,0,0,0
`05,`056,District - Uttarkashi,`86,`861,`8610,Hospital activities,5,3,2,4,2,2,1,1,0,0,0,0,0,0,0,0,0,0
`05,`056,District - Uttarkashi,`86,`869,`0000,Other human health activities,10,0,10,10,0,10,0,0,0,0,0,0,0,0,0,0,0,0
`05,`056,District - Uttarkashi,`86,`869,`8690,Other human health activities,10,0,10,10,0,10,0,0,0,0,0,0,0,0,0,0,0,0
`05,`056,District - Uttarkashi,`88,`000,`0000,Social work activities without accommodation,2,0,2,2,0,2,0,0,0,0,0,0,0,0,0,0,0,0
`05,`056,District - Uttarkashi,`88,`889,`0000,Other social work activities without accommodation n.e.c.,2,0,2,2,0,2,0,0,0,0,0,0,0,0,0,0,0,0
`05,`056,District - Uttarkashi,`88,`889,`8890,Other social work activities without accommodation n.e.c.,2,0,2,2,0,2,0,0,0,0,0,0,0,0,0,0,0,0
`05,`056,District - Uttarkashi,`96,`000,`0000,Other personal service activities,1,0,1,0,0,0,1,0,1,0,0,0,0,0,0,0,0,0
`05,`056,District - Uttarkashi,`96,`960,`0000,Other personal service activities,1,0,1,0,0,0,1,0,1,0,0,0,0,0,0,0,0,0
`05,`056,District - Uttarkashi,`96,`960,`9602,Hairdressing and other beauty treatment,1,0,1,0,0,0,1,0,1,0,0,0,0,0,0,0,0,0
`05,`056,District - Uttarkashi,`99,`000,`0000,Activities of extraterritorial organizations and bodies,202,63,139,200,62,138,2,1,1,65,24,41,62,24,38,3,0,3
`05,`056,District - Uttarkashi,`99,`991,`0000,Blank etc.,17,7,10,16,6,10,1,1,0,7,2,5,6,2,4,1,0,1
`05,`056,District - Uttarkashi,`99,`991,`9910,Blank etc.,17,7,10,16,6,10,1,1,0,7,2,5,6,2,4,1,0,1
`05,`056,District - Uttarkashi,`99,`992,`0000,Incomplete description/ Wrongly Classifed,185,56,129,184,56,128,1,0,1,58,22,36,56,22,34,2,0,2
`05,`056,District - Uttarkashi,`99,`992,`9920,Incomplete description/ Wrongly Classifed,185,56,129,184,56,128,1,0,1,58,22,36,56,22,34,2,0,2
`05,`057,District - Chamoli,`00,`000,`0000,Total,2098,1310,788,1308,768,540,790,542,248,1216,534,682,1102,490,612,114,44,70
`05,`057,District - Chamoli,`01,`000,`0000,"Crop and animal production, hunting and related service activities",32,24,8,28,20,8,4,4,0,16,6,10,14,6,8,2,0,2
`05,`057,District - Chamoli,`01,`011,`0000,Growing of non-perennial crops,14,10,4,14,10,4,0,0,0,2,2,0,2,2,0,0,0,0
`05,`057,District - Chamoli,`01,`011,`0111,"Growing of cereals (except rice), leguminous crops and oil seeds",6,6,0,6,6,0,0,0,0,0,0,0,0,0,0,0,0,0
`05,`057,District - Chamoli,`01,`011,`0113,"Growing of vegetables and melons, roots and tubers",2,2,0,2,2,0,0,0,0,2,2,0,2,2,0,0,0,0
`05,`057,District - Chamoli,`01,`011,`0116,Growing of fibre crops,6,2,4,6,2,4,0,0,0,0,0,0,0,0,0,0,0,0
`05,`057,District - Chamoli,`01,`013,`0000,Plant propagation,2,2,0,2,2,0,0,0,0,0,0,0,0,0,0,0,0,0
`05,`057,District - Chamoli,`01,`013,`0130,Plant propagation,2,2,0,2,2,0,0,0,0,0,0,0,0,0,0,0,0,0
`05,`057,District - Chamoli,`01,`014,`0000,Animal production,6,6,0,4,4,0,2,2,0,8,2,6,6,2,4,2,0,2
`05,`057,District - Chamoli,`01,`014,`0141,Raising of cattle and buffaloes,0,0,0,0,0,0,0,0,0,8,2,6,6,2,4,2,0,2
`05,`057,District - Chamoli,`01,`014,`0144,Raising of sheep and goats,4,4,0,2,2,0,2,2,0,0,0,0,0,0,0,0,0,0
`05,`057,District - Chamoli,`01,`014,`0149,Raising of other animals,2,2,0,2,2,0,0,0,0,0,0,0,0,0,0,0,0,0
`05,`057,District - Chamoli,`01,`016,`0000,Support activities to agriculture and post-harvest crop activities,10,6,4,8,4,4,2,2,0,6,2,4,6,2,4,0,0,0
`05,`057,District - Chamoli,`01,`016,`0161,Support activities for crop production,0,0,0,0,0,0,0,0,0,6,2,4,6,2,4,0,0,0
`05,`057,District - Chamoli,`01,`016,`0163,Post-harvest crop activities,10,6,4,8,4,4,2,2,0,0,0,0,0,0,0,0,0,0
`05,`057,District - Chamoli,`02,`000,`0000,Forestry and logging,2,2,0,2,2,0,0,0,0,0,0,0,0,0,0,0,0,0
`05,`057,District - Chamoli,`02,`024,`0000,Support services to forestry,2,2,0,2,2,0,0,0,0,0,0,0,0,0,0,0,0,0
`05,`057,District - Chamoli,`02,`024,`0240,Support services to forestry,2,2,0,2,2,0,0,0,0,0,0,0,0,0,0,0,0,0
`05,`057,District - Chamoli,`10,`000,`0000,Manufacture of food products,16,10,6,8,4,4,8,6,2,18,12,6,16,10,6,2,2,0
`05,`057,District - Chamoli,`10,`103,`0000,Processing and preserving of fruit and vegetables,10,6,4,8,4,4,2,2,0,6,4,2,6,4,2,0,0,0
`05,`057,District - Chamoli,`10,`103,`1030,Processing and preserving of fruit and vegetables,10,6,4,8,4,4,2,2,0,6,4,2,6,4,2,0,0,0
`05,`057,District - Chamoli,`10,`106,`0000,"Manufacture of grain mill products, starches and starch products",2,0,2,0,0,0,2,0,2,10,6,4,10,6,4,0,0,0
`05,`057,District - Chamoli,`10,`106,`1061,Manufacture of grain mill products,2,0,2,0,0,0,2,0,2,10,6,4,10,6,4,0,0,0
`05,`057,District - Chamoli,`10,`107,`0000,Manufacture of other food products,4,4,0,0,0,0,4,4,0,2,2,0,0,0,0,2,2,0
`05,`057,District - Chamoli,`10,`107,`1079,Manufacture of other food products n.e.c.,4,4,0,0,0,0,4,4,0,2,2,0,0,0,0,2,2,0
`05,`057,District - Chamoli,`13,`000,`0000,Manufacture of textiles,576,170,406,458,144,314,118,26,92,748,230,518,680,218,462,68,12,56
`05,`057,District - Chamoli,`13,`131,`0000,"Spinning, weaving and finishing of textiles",466,134,332,350,108,242,116,26,90,622,210,412,570,198,372,52,12,40
`05,`057,District - Chamoli,`13,`131,`1311,Preparation and spinning of textile fibres,108,36,72,78,30,48,30,6,24,44,22,22,40,20,20,4,2,2
`05,`057,District - Chamoli,`13,`131,`1312,Weaving of textiles,298,84,214,212,64,148,86,20,66,512,168,344,474,162,312,38,6,32
`05,`057,District - Chamoli,`13,`131,`1313,Finishing of textiles,60,14,46,60,14,46,0,0,0,66,20,46,56,16,40,10,4,6
`05,`057,District - Chamoli,`13,`139,`0000,Manufacture of other textiles,110,36,74,108,36,72,2,0,2,126,20,106,110,20,90,16,0,16
`05,`057,District - Chamoli,`13,`139,`1391,Manufacture of knitted and crocheted fabrics,6,0,6,6,0,6,0,0,0,4,0,4,0,0,0,4,0,4
`05,`057,District - Chamoli,`13,`139,`1392,"Manufacture of made-up textile articles, except apparel",2,2,0,2,2,0,0,0,0,8,2,6,8,2,6,0,0,0
`05,`057,District - Chamoli,`13,`139,`1393,Manufacture of carpets and rugs,26,4,22,24,4,20,2,0,2,94,16,78,88,16,72,6,0,6
`05,`057,District - Chamoli,`13,`139,`1399,Manufacture of other textiles n.e.c.,76,30,46,76,30,46,0,0,0,20,2,18,14,2,12,6,0,6
`05,`057,District - Chamoli,`14,`000,`0000,Manufacture of wearing apparel,48,36,12,34,24,10,14,12,2,8,6,2,6,4,2,2,2,0
`05,`057,District - Chamoli,`14,`141,`0000,"Manufacture of wearing apparel, except fur apparel",44,34,10,30,22,8,14,12,2,8,6,2,6,4,2,2,2,0
`05,`057,District - Chamoli,`14,`141,`1410,"Manufacture of wearing apparel, except fur apparel",44,34,10,30,22,8,14,12,2,8,6,2,6,4,2,2,2,0
`05,`057,District - Chamoli,`14,`143,`0000,Manufacture of knitted and crocheted apparel,4,2,2,4,2,2,0,0,0,0,0,0,0,0,0,0,0,0
`05,`057,District - Chamoli,`14,`143,`1430,Manufacture of knitted and crocheted apparel,4,2,2,4,2,2,0,0,0,0,0,0,0,0,0,0,0,0
`05,`057,District - Chamoli,`15,`000,`0000,Manufacture of leather and related products,0,0,0,0,0,0,0,0,0,4,0,4,2,0,2,2,0,2
`05,`057,District - Chamoli,`15,`151,`0000,"Tanning and dressing of leather; manufacture of luggage, handbags, saddlery",0,0,0,0,0,0,0,0,0,4,0,4,2,0,2,2,0,2
`05,`057,District - Chamoli,`15,`151,`1511,Tanning and dressing of leather; dressing and dyeing of fur,0,0,0,0,0,0,0,0,0,2,0,2,0,0,0,2,0,2
`05,`057,District - Chamoli,`15,`151,`1512,"Manufacture of luggage, handbags and the like, saddlery and harness",0,0,0,0,0,0,0,0,0,2,0,2,2,0,2,0,0,0
`05,`057,District - Chamoli,`16,`000,`0000,"Manufacture of wood and products of wood and cork, except furniture;",0,0,0,0,0,0,0,0,0,6,4,2,6,4,2,0,0,0
`05,`057,District - Chamoli,`16,`162,`0000,"Manufacture of products of wood, cork, straw and plaiting materials",0,0,0,0,0,0,0,0,0,6,4,2,6,4,2,0,0,0
`05,`057,District - Chamoli,`16,`162,`1623,Manufacture of wooden containers,0,0,0,0,0,0,0,0,0,6,4,2,6,4,2,0,0,0
`05,`057,District - Chamoli,`18,`000,`0000,Printing and reproduction of recorded media,2,2,0,0,0,0,2,2,0,0,0,0,0,0,0,0,0,0
`05,`057,District - Chamoli,`18,`181,`0000,Printing and service activities related to printing,2,2,0,0,0,0,2,2,0,0,0,0,0,0,0,0,0,0
`05,`057,District - Chamoli,`18,`181,`1811,Printing,2,2,0,0,0,0,2,2,0,0,0,0,0,0,0,0,0,0
`05,`057,District - Chamoli,`22,`000,`0000,Manufacture of rubber and plastics products,4,4,0,0,0,0,4,4,0,0,0,0,0,0,0,0,0,0
`05,`057,District - Chamoli,`22,`221,`0000,Manufacture of rubber products,4,4,0,0,0,0,4,4,0,0,0,0,0,0,0,0,0,0
`05,`057,District - Chamoli,`22,`221,`2211,Manufacture of rubber tyres and tubes; retreading and rebuilding of,4,4,0,0,0,0,4,4,0,0,0,0,0,0,0,0,0,0
`05,`057,District - Chamoli,`25,`000,`0000,"Manufacture of fabricated metal products, except machinery and equipment",8,8,0,8,8,0,0,0,0,2,2,0,2,2,0,0,0,0
`05,`057,District - Chamoli,`25,`259,`0000,Manufacture of other fabricated metal products; metalworking service,8,8,0,8,8,0,0,0,0,2,2,0,2,2,0,0,0,0
`05,`057,District - Chamoli,`25,`259,`2593,"Manufacture of cutlery, hand tools and general hardware",8,8,0,8,8,0,0,0,0,2,2,0,2,2,0,0,0,0
`05,`057,District - Chamoli,`28,`000,`0000,Manufacture of machinery and equipment n.e.c.,2,0,2,0,0,0,2,0,2,0,0,0,0,0,0,0,0,0
`05,`057,District - Chamoli,`28,`282,`0000,Manufacture of special-purpose machinery,2,0,2,0,0,0,2,0,2,0,0,0,0,0,0,0,0,0
`05,`057,District - Chamoli,`28,`282,`2826,"Manufacture of machinery for textile, apparel and leather production",2,0,2,0,0,0,2,0,2,0,0,0,0,0,0,0,0,0
`05,`057,District - Chamoli,`30,`000,`0000,Manufacture of other transport equipment,4,4,0,2,2,0,2,2,0,0,0,0,0,0,0,0,0,0
`05,`057,District - Chamoli,`30,`309,`0000,Manufacture of transport equipment n.e.c.,4,4,0,2,2,0,2,2,0,0,0,0,0,0,0,0,0,0
`05,`057,District - Chamoli,`30,`309,`3099,Manufacture of other transport equipment n.e.c.,4,4,0,2,2,0,2,2,0,0,0,0,0,0,0,0,0,0
`05,`057,District - Chamoli,`31,`000,`0000,Manufacture of furniture,0,0,0,0,0,0,0,0,0,4,4,0,4,4,0,0,0,0
`05,`057,District - Chamoli,`31,`310,`0000,Manufacture of furniture,0,0,0,0,0,0,0,0,0,4,4,0,4,4,0,0,0,0
`05,`057,District - Chamoli,`31,`310,`3100,Manufacture of furniture,0,0,0,0,0,0,0,0,0,4,4,0,4,4,0,0,0,0
`05,`057,District - Chamoli,`32,`000,`0000,Other manufacturing,4,4,0,2,2,0,2,2,0,8,4,4,8,4,4,0,0,0
`05,`057,District - Chamoli,`32,`329,`0000,Other manufacturing n.e.c.,4,4,0,2,2,0,2,2,0,8,4,4,8,4,4,0,0,0
`05,`057,District - Chamoli,`32,`329,`3290,Other manufacturing n.e.c.,4,4,0,2,2,0,2,2,0,8,4,4,8,4,4,0,0,0
`05,`057,District - Chamoli,`33,`000,`0000,Repair and installation of machinery and equipment,0,0,0,0,0,0,0,0,0,2,2,0,0,0,0,2,2,0
`05,`057,District - Chamoli,`33,`331,`0000,"Repair of fabricated metal products, machinery and equipment",0,0,0,0,0,0,0,0,0,2,2,0,0,0,0,2,2,0
`05,`057,District - Chamoli,`33,`331,`3312,Repair of machinery,0,0,0,0,0,0,0,0,0,2,2,0,0,0,0,2,2,0
`05,`057,District - Chamoli,`35,`000,`0000,"Electricity, gas, steam and air conditioning supply",34,34,0,12,12,0,22,22,0,0,0,0,0,0,0,0,0,0
`05,`057,District - Chamoli,`35,`351,`0000,"Electric power generation, transmission and distribution",30,30,0,12,12,0,18,18,0,0,0,0,0,0,0,0,0,0
`05,`057,District - Chamoli,`35,`351,`3510,"Electric power generation, transmission and distribution",30,30,0,12,12,0,18,18,0,0,0,0,0,0,0,0,0,0
`05,`057,District - Chamoli,`35,`352,`0000,Manufacture of gas; distribution of gaseous fuels through mains,4,4,0,0,0,0,4,4,0,0,0,0,0,0,0,0,0,0
`05,`057,District - Chamoli,`35,`352,`3520,Manufacture of gas; distribution of gaseous fuels through mains,4,4,0,0,0,0,4,4,0,0,0,0,0,0,0,0,0,0
`05,`057,District - Chamoli,`36,`000,`0000,"Water collection, treatment and supply",12,10,2,10,8,2,2,2,0,0,0,0,0,0,0,0,0,0
`05,`057,District - Chamoli,`36,`360,`0000,"Water collection, treatment and supply",12,10,2,10,8,2,2,2,0,0,0,0,0,0,0,0,0,0
`05,`057,District - Chamoli,`36,`360,`3600,"Water collection, treatment and supply",12,10,2,10,8,2,2,2,0,0,0,0,0,0,0,0,0,0
`05,`057,District - Chamoli,`38,`000,`0000,"Waste collection, treatment and disposal activities; materials recovery",2,0,2,0,0,0,2,0,2,0,0,0,0,0,0,0,0,0
`05,`057,District - Chamoli,`38,`381,`0000,Waste collection,2,0,2,0,0,0,2,0,2,0,0,0,0,0,0,0,0,0
`05,`057,District - Chamoli,`38,`381,`3812,Collection of hazardous waste,2,0,2,0,0,0,2,0,2,0,0,0,0,0,0,0,0,0
`05,`057,District - Chamoli,`41,`000,`0000,Construction of buildings,56,56,0,24,24,0,32,32,0,68,68,0,56,56,0,12,12,0
`05,`057,District - Chamoli,`41,`410,`0000,Construction of buildings,56,56,0,24,24,0,32,32,0,68,68,0,56,56,0,12,12,0
`05,`057,District - Chamoli,`41,`410,`4100,Construction of buildings,56,56,0,24,24,0,32,32,0,68,68,0,56,56,0,12,12,0
`05,`057,District - Chamoli,`42,`000,`0000,Civil engineering,36,34,2,22,22,0,14,12,2,38,34,4,38,34,4,0,0,0
`05,`057,District - Chamoli,`42,`421,`0000,Construction of roads and railways,36,34,2,22,22,0,14,12,2,38,34,4,38,34,4,0,0,0
`05,`057,District - Chamoli,`42,`421,`4210,Construction roads and railways,36,34,2,22,22,0,14,12,2,38,34,4,38,34,4,0,0,0
`05,`057,District - Chamoli,`43,`000,`0000,Specialized construction activities,2,2,0,0,0,0,2,2,0,0,0,0,0,0,0,0,0,0
`05,`057,District - Chamoli,`43,`432,`0000,"Electrical, plumbing and other construction installation activities",2,2,0,0,0,0,2,2,0,0,0,0,0,0,0,0,0,0
`05,`057,District - Chamoli,`43,`432,`4322,"Plumbing, heat and air-conditioning installation",2,2,0,0,0,0,2,2,0,0,0,0,0,0,0,0,0,0
`05,`057,District - Chamoli,`45,`000,`0000,Wholesale and retail trade and repair of motor vehicles and motorcycles,0,0,0,0,0,0,0,0,0,4,4,0,4,4,0,0,0,0
`05,`057,District - Chamoli,`45,`452,`0000,Maintenance and repair of motor vehicles,0,0,0,0,0,0,0,0,0,2,2,0,2,2,0,0,0,0
`05,`057,District - Chamoli,`45,`452,`4520,Maintenance and repair of motor vehicles,0,0,0,0,0,0,0,0,0,2,2,0,2,2,0,0,0,0
`05,`057,District - Chamoli,`45,`454,`0000,"Sale, maintenance and repair of motorcycles and related parts and",0,0,0,0,0,0,0,0,0,2,2,0,2,2,0,0,0,0
`05,`057,District - Chamoli,`45,`454,`4540,"Sale, maintenance and repair of motorcycles and related parts and",0,0,0,0,0,0,0,0,0,2,2,0,2,2,0,0,0,0
`05,`057,District - Chamoli,`46,`000,`0000,"Wholesale trade, except of motor vehicles and motorcycles",6,6,0,4,4,0,2,2,0,0,0,0,0,0,0,0,0,0
`05,`057,District - Chamoli,`46,`462,`0000,Wholesale of agricultural raw materials and live animals,2,2,0,0,0,0,2,2,0,0,0,0,0,0,0,0,0,0
`05,`057,District - Chamoli,`46,`462,`4620,Wholesale of agricultural raw materials and live animals,2,2,0,0,0,0,2,2,0,0,0,0,0,0,0,0,0,0
`05,`057,District - Chamoli,`46,`464,`0000,Wholesale of household goods,2,2,0,2,2,0,0,0,0,0,0,0,0,0,0,0,0,0
`05,`057,District - Chamoli,`46,`464,`4649,Wholesale of other household goods,2,2,0,2,2,0,0,0,0,0,0,0,0,0,0,0,0,0
`05,`057,District - Chamoli,`46,`469,`0000,Non-specialized wholesale trade,2,2,0,2,2,0,0,0,0,0,0,0,0,0,0,0,0,0
`05,`057,District - Chamoli,`46,`469,`4690,Non-specialized wholesale trade,2,2,0,2,2,0,0,0,0,0,0,0,0,0,0,0,0,0
`05,`057,District - Chamoli,`47,`000,`0000,"Retail trade, except of motor vehicles and motorcycles",178,162,16,96,84,12,82,78,4,22,12,10,16,6,10,6,6,0
`05,`057,District - Chamoli,`47,`471,`0000,Retail sale in non-specialized stores,8,8,0,2,2,0,6,6,0,0,0,0,0,0,0,0,0,0
`05,`057,District - Chamoli,`47,`471,`4719,Other retail sale in non-specialized stores,8,8,0,2,2,0,6,6,0,0,0,0,0,0,0,0,0,0
`05,`057,District - Chamoli,`47,`472,`0000,"Retail sale of food, beverages and tobacco in specialized stores",62,62,0,30,30,0,32,32,0,6,6,0,2,2,0,4,4,0
`05,`057,District - Chamoli,`47,`472,`4721,Retail sale of food in specialized stores,62,62,0,30,30,0,32,32,0,6,6,0,2,2,0,4,4,0
`05,`057,District - Chamoli,`47,`475,`0000,Retail sale of other household equipment in specialized stores,10,10,0,4,4,0,6,6,0,10,0,10,10,0,10,0,0,0
`05,`057,District - Chamoli,`47,`475,`4751,Retail sale of textiles in specialized stores,2,2,0,0,0,0,2,2,0,0,0,0,0,0,0,0,0,0
`05,`057,District - Chamoli,`47,`475,`4752,"Retail sale of hardware, paints and glass in specialized stores",2,2,0,0,0,0,2,2,0,10,0,10,10,0,10,0,0,0
`05,`057,District - Chamoli,`47,`475,`4759,"Retail sale of electrical household appliances, furniture, lighting",6,6,0,4,4,0,2,2,0,0,0,0,0,0,0,0,0,0
`05,`057,District - Chamoli,`47,`476,`0000,Retail sale of cultural and recreation goods in specialized stores,4,2,2,2,0,2,2,2,0,0,0,0,0,0,0,0,0,0
`05,`057,District - Chamoli,`47,`476,`4761,"Retail sale of books, newspapers and stationary in specialized stores",4,2,2,2,0,2,2,2,0,0,0,0,0,0,0,0,0,0
`05,`057,District - Chamoli,`47,`477,`0000,Retail sale of other goods in specialized stores,42,32,10,28,20,8,14,12,2,0,0,0,0,0,0,0,0,0
`05,`057,District - Chamoli,`47,`477,`4771,"Retail sale of clothing, footwear and leather articles in specialized",24,20,4,18,14,4,6,6,0,0,0,0,0,0,0,0,0,0
`05,`057,District - Chamoli,`47,`477,`4772,"Retail sale of pharmaceutical and medical goods, cosmetic and toilet",12,6,6,8,4,4,4,2,2,0,0,0,0,0,0,0,0,0
`05,`057,District - Chamoli,`47,`477,`4773,Other retail sale of new goods in specialized stores,6,6,0,2,2,0,4,4,0,0,0,0,0,0,0,0,0,0
`05,`057,District - Chamoli,`47,`478,`0000,Retail sale via stalls and markets,46,42,4,24,22,2,22,20,2,6,6,0,4,4,0,2,2,0
`05,`057,District - Chamoli,`47,`478,`4782,"Retail sale via stalls and markets of textiles, clothing and footwear",10,8,2,2,2,0,8,6,2,0,0,0,0,0,0,0,0,0
`05,`057,District - Chamoli,`47,`478,`4789,Retail sale via stalls and markets of other goods,36,34,2,22,20,2,14,14,0,6,6,0,4,4,0,2,2,0
`05,`057,District - Chamoli,`47,`479,`0000,"Retail trade not in stores, stalls or markets",6,6,0,6,6,0,0,0,0,0,0,0,0,0,0,0,0,0
`05,`057,District - Chamoli,`47,`479,`4799,"Other retail sale not in stores, stalls or markets",6,6,0,6,6,0,0,0,0,0,0,0,0,0,0,0,0,0
`05,`057,District - Chamoli,`49,`000,`0000,Land transport and transport via pipelines,60,60,0,32,32,0,28,28,0,28,28,0,26,26,0,2,2,0
`05,`057,District - Chamoli,`49,`492,`0000,Other land transport,60,60,0,32,32,0,28,28,0,28,28,0,26,26,0,2,2,0
`05,`057,District - Chamoli,`49,`492,`4921,Urban or suburban passenger land transport,8,8,0,6,6,0,2,2,0,8,8,0,8,8,0,0,0,0
`05,`057,District - Chamoli,`49,`492,`4922,Other passenger land transport,46,46,0,26,26,0,20,20,0,18,18,0,16,16,0,2,2,0
`05,`057,District - Chamoli,`49,`492,`4923,Freight transport by road,6,6,0,0,0,0,6,6,0,2,2,0,2,2,0,0,0,0
`05,`057,District - Chamoli,`52,`000,`0000,Warehousing and support activities for transportation,2,2,0,2,2,0,0,0,0,0,0,0,0,0,0,0,0,0
`05,`057,District - Chamoli,`52,`522,`0000,Support activities for transportation,2,2,0,2,2,0,0,0,0,0,0,0,0,0,0,0,0,0
`05,`057,District - Chamoli,`52,`522,`5221,Service activities incidental to land transportation,2,2,0,2,2,0,0,0,0,0,0,0,0,0,0,0,0,0
`05,`057,District - Chamoli,`53,`000,`0000,Postal and courier activities,30,26,4,14,14,0,16,12,4,0,0,0,0,0,0,0,0,0
`05,`057,District - Chamoli,`53,`531,`0000,Postal activities,30,26,4,14,14,0,16,12,4,0,0,0,0,0,0,0,0,0
`05,`057,District - Chamoli,`53,`531,`5310,Postal activities,30,26,4,14,14,0,16,12,4,0,0,0,0,0,0,0,0,0
`05,`057,District - Chamoli,`55,`000,`0000,Accommodation,12,12,0,0,0,0,12,12,0,0,0,0,0,0,0,0,0,0
`05,`057,District - Chamoli,`55,`551,`0000,Short term accommodation activities,12,12,0,0,0,0,12,12,0,0,0,0,0,0,0,0,0,0
`05,`057,District - Chamoli,`55,`551,`5510,Short term accommodation activities,12,12,0,0,0,0,12,12,0,0,0,0,0,0,0,0,0,0
`05,`057,District - Chamoli,`56,`000,`0000,Food and beverage service activities,8,8,0,4,4,0,4,4,0,4,4,0,4,4,0,0,0,0
`05,`057,District - Chamoli,`56,`562,`0000,Event catering and other food service activities,0,0,0,0,0,0,0,0,0,2,2,0,2,2,0,0,0,0
`05,`057,District - Chamoli,`56,`562,`5621,Event catering,0,0,0,0,0,0,0,0,0,2,2,0,2,2,0,0,0,0
`05,`057,District - Chamoli,`56,`563,`0000,Beverage serving activities,8,8,0,4,4,0,4,4,0,2,2,0,2,2,0,0,0,0
`05,`057,District - Chamoli,`56,`563,`5630,Beverage serving activities,8,8,0,4,4,0,4,4,0,2,2,0,2,2,0,0,0,0
`05,`057,District - Chamoli,`61,`000,`0000,Telecommunications,6,6,0,0,0,0,6,6,0,0,0,0,0,0,0,0,0,0
`05,`057,District - Chamoli,`61,`611,`0000,Wired telecommunications activities,6,6,0,0,0,0,6,6,0,0,0,0,0,0,0,0,0,0
`05,`057,District - Chamoli,`61,`611,`6110,Wired telecommunications activities,6,6,0,0,0,0,6,6,0,0,0,0,0,0,0,0,0,0
`05,`057,District - Chamoli,`62,`000,`0000,"Computer programming, consultancy and related activities",2,2,0,0,0,0,2,2,0,0,0,0,0,0,0,0,0,0
`05,`057,District - Chamoli,`62,`620,`0000,"Computer programming, consultancy and related activities",2,2,0,0,0,0,2,2,0,0,0,0,0,0,0,0,0,0
`05,`057,District - Chamoli,`62,`620,`6209,Other information technology and computer service activities,2,2,0,0,0,0,2,2,0,0,0,0,0,0,0,0,0,0
`05,`057,District - Chamoli,`64,`000,`0000,"Financial service activities, except insurance and pension funding",32,30,2,4,4,0,28,26,2,0,0,0,0,0,0,0,0,0
`05,`057,District - Chamoli,`64,`641,`0000,Monetary intermediation,32,30,2,4,4,0,28,26,2,0,0,0,0,0,0,0,0,0
`05,`057,District - Chamoli,`64,`641,`6411,Central banking,30,28,2,4,4,0,26,24,2,0,0,0,0,0,0,0,0,0
`05,`057,District - Chamoli,`64,`641,`6419,Other monetary intermediation,2,2,0,0,0,0,2,2,0,0,0,0,0,0,0,0,0,0
`05,`057,District - Chamoli,`65,`000,`0000,"Insurance, reinsurance and pension funding, except compulsory social",4,4,0,4,4,0,0,0,0,0,0,0,0,0,0,0,0,0
`05,`057,District - Chamoli,`65,`651,`0000,Insurance,4,4,0,4,4,0,0,0,0,0,0,0,0,0,0,0,0,0
`05,`057,District - Chamoli,`65,`651,`6511,Life insurance,4,4,0,4,4,0,0,0,0,0,0,0,0,0,0,0,0,0
`05,`057,District - Chamoli,`66,`000,`0000,Other financial activities,2,2,0,0,0,0,2,2,0,0,0,0,0,0,0,0,0,0
`05,`057,District - Chamoli,`66,`662,`0000,Activities auxiliary to insurance and pension funding,2,2,0,0,0,0,2,2,0,0,0,0,0,0,0,0,0,0
`05,`057,District - Chamoli,`66,`662,`6622,Activities of insurance agents and brokers,2,2,0,0,0,0,2,2,0,0,0,0,0,0,0,0,0,0
`05,`057,District - Chamoli,`72,`000,`0000,Scientific research and development,2,2,0,0,0,0,2,2,0,0,0,0,0,0,0,0,0,0
`05,`057,District - Chamoli,`72,`721,`0000,Research and experimental development on natural sciences and,2,2,0,0,0,0,2,2,0,0,0,0,0,0,0,0,0,0
`05,`057,District - Chamoli,`72,`721,`7210,Research and experimental development on natural sciences and,2,2,0,0,0,0,2,2,0,0,0,0,0,0,0,0,0,0
`05,`057,District - Chamoli,`74,`000,`0000,"Other professional, scientific and technical activities",2,2,0,0,0,0,2,2,0,0,0,0,0,0,0,0,0,0
`05,`057,District - Chamoli,`74,`742,`0000,Photographic activities,2,2,0,0,0,0,2,2,0,0,0,0,0,0,0,0,0,0
`05,`057,District - Chamoli,`74,`742,`7420,Photographic activities,2,2,0,0,0,0,2,2,0,0,0,0,0,0,0,0,0,0
`05,`057,District - Chamoli,`75,`000,`0000,Veterinary activities,2,2,0,0,0,0,2,2,0,0,0,0,0,0,0,0,0,0
`05,`057,District - Chamoli,`75,`750,`0000,Veterinary activities,2,2,0,0,0,0,2,2,0,0,0,0,0,0,0,0,0,0
`05,`057,District - Chamoli,`75,`750,`7500,Veterinary activities,2,2,0,0,0,0,2,2,0,0,0,0,0,0,0,0,0,0
`05,`057,District - Chamoli,`79,`000,`0000,"Travel agency, tour operator and other reservation service activities",2,2,0,0,0,0,2,2,0,2,2,0,2,2,0,0,0,0
`05,`057,District - Chamoli,`79,`791,`0000,Travel agency and tour operator activities,2,2,0,0,0,0,2,2,0,2,2,0,2,2,0,0,0,0
`05,`057,District - Chamoli,`79,`791,`7911,Travel agency activities,2,2,0,0,0,0,2,2,0,2,2,0,2,2,0,0,0,0
`05,`057,District - Chamoli,`82,`000,`0000,"Office administrative, office support and other business support activities",146,118,28,108,82,26,38,36,2,10,8,2,10,8,2,0,0,0
`05,`057,District - Chamoli,`82,`829,`0000,Business support service activities n.e.c.,146,118,28,108,82,26,38,36,2,10,8,2,10,8,2,0,0,0
`05,`057,District - Chamoli,`82,`829,`8299,Other business support service activities n.e.c.,146,118,28,108,82,26,38,36,2,10,8,2,10,8,2,0,0,0
`05,`057,District - Chamoli,`84,`000,`0000,Public administration and defence; compulsory social security,234,214,20,108,106,2,126,108,18,18,16,2,16,14,2,2,2,0
`05,`057,District - Chamoli,`84,`841,`0000,Administration of the State and the economic and social policy of the,204,184,20,88,86,2,116,98,18,14,12,2,12,10,2,2,2,0
`05,`057,District - Chamoli,`84,`841,`8411,General public administration activities,204,184,20,88,86,2,116,98,18,14,12,2,12,10,2,2,2,0
`05,`057,District - Chamoli,`84,`842,`0000,Provision of services to the community as a whole,30,30,0,20,20,0,10,10,0,4,4,0,4,4,0,0,0,0
`05,`057,District - Chamoli,`84,`842,`8422,Defence activities,22,22,0,18,18,0,4,4,0,2,2,0,2,2,0,0,0,0
`05,`057,District - Chamoli,`84,`842,`8423,Public order and safety activities,8,8,0,2,2,0,6,6,0,2,2,0,2,2,0,0,0,0
`05,`057,District - Chamoli,`85,`000,`0000,Education,234,112,122,118,66,52,116,46,70,2,2,0,2,2,0,0,0,0
`05,`057,District - Chamoli,`85,`851,`0000,Primary education,140,46,94,78,36,42,62,10,52,2,2,0,2,2,0,0,0,0
`05,`057,District - Chamoli,`85,`851,`8510,Primary education,140,46,94,78,36,42,62,10,52,2,2,0,2,2,0,0,0,0
`05,`057,District - Chamoli,`85,`852,`0000,Secondary education,62,42,20,26,20,6,36,22,14,0,0,0,0,0,0,0,0,0
`05,`057,District - Chamoli,`85,`852,`8521,General secondary education,62,42,20,26,20,6,36,22,14,0,0,0,0,0,0,0,0,0
`05,`057,District - Chamoli,`85,`853,`0000,Higher education,22,16,6,12,8,4,10,8,2,0,0,0,0,0,0,0,0,0
`05,`057,District - Chamoli,`85,`853,`8530,Higher education,22,16,6,12,8,4,10,8,2,0,0,0,0,0,0,0,0,0
`05,`057,District - Chamoli,`85,`854,`0000,Other education,6,4,2,2,2,0,4,2,2,0,0,0,0,0,0,0,0,0
`05,`057,District - Chamoli,`85,`854,`8549,Other education n.e.c.,6,4,2,2,2,0,4,2,2,0,0,0,0,0,0,0,0,0
`05,`057,District - Chamoli,`85,`855,`0000,Educational support services,4,4,0,0,0,0,4,4,0,0,0,0,0,0,0,0,0,0
`05,`057,District - Chamoli,`85,`855,`8550,Educational support services,4,4,0,0,0,0,4,4,0,0,0,0,0,0,0,0,0,0
`05,`057,District - Chamoli,`86,`000,`0000,Human health activities,88,42,46,46,22,24,42,20,22,2,0,2,2,0,2,0,0,0
`05,`057,District - Chamoli,`86,`861,`0000,Hospital activities,32,18,14,6,6,0,26,12,14,0,0,0,0,0,0,0,0,0
`05,`057,District - Chamoli,`86,`861,`8610,Hospital activities,32,18,14,6,6,0,26,12,14,0,0,0,0,0,0,0,0,0
`05,`057,District - Chamoli,`86,`869,`0000,Other human health activities,56,24,32,40,16,24,16,8,8,2,0,2,2,0,2,0,0,0
`05,`057,District - Chamoli,`86,`869,`8690,Other human health activities,56,24,32,40,16,24,16,8,8,2,0,2,2,0,2,0,0,0
`05,`057,District - Chamoli,`88,`000,`0000,Social work activities without accommodation,32,10,22,12,2,10,20,8,12,0,0,0,0,0,0,0,0,0
`05,`057,District - Chamoli,`88,`889,`0000,Other social work activities without accommodation n.e.c.,32,10,22,12,2,10,20,8,12,0,0,0,0,0,0,0,0,0
`05,`057,District - Chamoli,`88,`889,`8890,Other social work activities without accommodation n.e.c.,32,10,22,12,2,10,20,8,12,0,0,0,0,0,0,0,0,0
`05,`057,District - Chamoli,`90,`000,`0000,"Creative, arts and entertainment activities",2,2,0,0,0,0,2,2,0,0,0,0,0,0,0,0,0,0
`05,`057,District - Chamoli,`90,`900,`0000,"Creative, arts and entertainment activities",2,2,0,0,0,0,2,2,0,0,0,0,0,0,0,0,0,0
`05,`057,District - Chamoli,`90,`900,`9000,"Dramatic arts, music and other arts activities",2,2,0,0,0,0,2,2,0,0,0,0,0,0,0,0,0,0
`05,`057,District - Chamoli,`93,`000,`0000,Sports activities and amusement and recreation activities,2,2,0,2,2,0,0,0,0,0,0,0,0,0,0,0,0,0
`05,`057,District - Chamoli,`93,`932,`0000,Other amusement and recreation activities,2,2,0,2,2,0,0,0,0,0,0,0,0,0,0,0,0,0
`05,`057,District - Chamoli,`93,`932,`9329,Other amusement and recreation activities n.e.c.,2,2,0,2,2,0,0,0,0,0,0,0,0,0,0,0,0,0
`05,`057,District - Chamoli,`94,`000,`0000,Activities of membership organizations,4,4,0,2,2,0,2,2,0,2,2,0,2,2,0,0,0,0
`05,`057,District - Chamoli,`94,`949,`0000,Activities of other membership organizations,4,4,0,2,2,0,2,2,0,2,2,0,2,2,0,0,0,0
`05,`057,District - Chamoli,`94,`949,`9491,Activities of religious organizations,4,4,0,2,2,0,2,2,0,2,2,0,2,2,0,0,0,0
`05,`057,District - Chamoli,`95,`000,`0000,Repair of computers and personal and household goods,12,12,0,6,6,0,6,6,0,4,2,2,4,2,2,0,0,0
`05,`057,District - Chamoli,`95,`951,`0000,Repair of computers and communication equipment,2,2,0,0,0,0,2,2,0,0,0,0,0,0,0,0,0,0
`05,`057,District - Chamoli,`95,`951,`9512,Repair of communication equipment,2,2,0,0,0,0,2,2,0,0,0,0,0,0,0,0,0,0
`05,`057,District - Chamoli,`95,`952,`0000,Repair of personal and household goods,10,10,0,6,6,0,4,4,0,4,2,2,4,2,2,0,0,0
`05,`057,District - Chamoli,`95,`952,`9521,Repair of consumer electronics,4,4,0,2,2,0,2,2,0,4,2,2,4,2,2,0,0,0
`05,`057,District - Chamoli,`95,`952,`9522,Repair of household appliances and home and garden equipment,2,2,0,2,2,0,0,0,0,0,0,0,0,0,0,0,0,0
`05,`057,District - Chamoli,`95,`952,`9529,"Repair of personal and household goods, n.e.c.",4,4,0,2,2,0,2,2,0,0,0,0,0,0,0,0,0,0
`05,`057,District - Chamoli,`96,`000,`0000,Other personal service activities,2,0,2,0,0,0,2,0,2,0,0,0,0,0,0,0,0,0
`05,`057,District - Chamoli,`96,`960,`0000,Other personal service activities,2,0,2,0,0,0,2,0,2,0,0,0,0,0,0,0,0,0
`05,`057,District - Chamoli,`96,`960,`9602,Hairdressing and other beauty treatment,2,0,2,0,0,0,2,0,2,0,0,0,0,0,0,0,0,0
`05,`057,District - Chamoli,`97,`000,`0000,Activities of households as employers of domestic personnel,6,4,2,6,4,2,0,0,0,6,2,4,6,2,4,0,0,0
`05,`057,District - Chamoli,`97,`970,`0000,Activities of households as employers of domestic personnel,6,4,2,6,4,2,0,0,0,6,2,4,6,2,4,0,0,0
`05,`057,District - Chamoli,`97,`970,`9700,Activities of households as employers of domestic personnel,6,4,2,6,4,2,0,0,0,6,2,4,6,2,4,0,0,0
`05,`057,District - Chamoli,`99,`000,`0000,Activities of extraterritorial organizations and bodies,146,62,84,130,56,74,16,6,10,190,80,110,176,76,100,14,4,10
`05,`057,District - Chamoli,`99,`991,`0000,Blank etc.,58,22,36,44,18,26,14,4,10,56,34,22,44,30,14,12,4,8
`05,`057,District - Chamoli,`99,`991,`9910,Blank etc.,58,22,36,44,18,26,14,4,10,56,34,22,44,30,14,12,4,8
`05,`057,District - Chamoli,`99,`992,`0000,Incomplete description/ Wrongly Classifed,88,40,48,86,38,48,2,2,0,134,46,88,132,46,86,2,0,2
`05,`057,District - Chamoli,`99,`992,`9920,Incomplete description/ Wrongly Classifed,88,40,48,86,38,48,2,2,0,134,46,88,132,46,86,2,0,2
`05,`058,District - Rudraprayag,`00,`000,`0000,Total,76,53,23,46,34,12,30,19,11,29,27,2,14,12,2,15,15,0
`05,`058,District - Rudraprayag,`13,`000,`0000,Manufacture of textiles,6,0,6,6,0,6,0,0,0,0,0,0,0,0,0,0,0,0
`05,`058,District - Rudraprayag,`13,`131,`0000,"Spinning, weaving and finishing of textiles",6,0,6,6,0,6,0,0,0,0,0,0,0,0,0,0,0,0
`05,`058,District - Rudraprayag,`13,`131,`1311,Preparation and spinning of textile fibres,6,0,6,6,0,6,0,0,0,0,0,0,0,0,0,0,0,0
`05,`058,District - Rudraprayag,`25,`000,`0000,"Manufacture of fabricated metal products, except machinery and equipment",2,2,0,2,2,0,0,0,0,0,0,0,0,0,0,0,0,0
`05,`058,District - Rudraprayag,`25,`259,`0000,Manufacture of other fabricated metal products; metalworking service,2,2,0,2,2,0,0,0,0,0,0,0,0,0,0,0,0,0
`05,`058,District - Rudraprayag,`25,`259,`2593,"Manufacture of cutlery, hand tools and general hardware",2,2,0,2,2,0,0,0,0,0,0,0,0,0,0,0,0,0
`05,`058,District - Rudraprayag,`36,`000,`0000,"Water collection, treatment and supply",0,0,0,0,0,0,0,0,0,1,1,0,0,0,0,1,1,0
`05,`058,District - Rudraprayag,`36,`360,`0000,"Water collection, treatment and supply",0,0,0,0,0,0,0,0,0,1,1,0,0,0,0,1,1,0
`05,`058,District - Rudraprayag,`36,`360,`3600,"Water collection, treatment and supply",0,0,0,0,0,0,0,0,0,1,1,0,0,0,0,1,1,0
`05,`058,District - Rudraprayag,`38,`000,`0000,"Waste collection, treatment and disposal activities; materials recovery",1,1,0,0,0,0,1,1,0,3,3,0,0,0,0,3,3,0
`05,`058,District - Rudraprayag,`38,`381,`0000,Waste collection,1,1,0,0,0,0,1,1,0,3,3,0,0,0,0,3,3,0
`05,`058,District - Rudraprayag,`38,`381,`3811,Collection of non-hazardous waste,1,1,0,0,0,0,1,1,0,3,3,0,0,0,0,3,3,0
`05,`058,District - Rudraprayag,`41,`000,`0000,Construction of buildings,5,2,3,0,0,0,5,2,3,4,4,0,2,2,0,2,2,0
`05,`058,District - Rudraprayag,`41,`410,`0000,Construction of buildings,5,2,3,0,0,0,5,2,3,4,4,0,2,2,0,2,2,0
`05,`058,District - Rudraprayag,`41,`410,`4100,Construction of buildings,5,2,3,0,0,0,5,2,3,4,4,0,2,2,0,2,2,0
`05,`058,District - Rudraprayag,`42,`000,`0000,Civil engineering,2,2,0,2,2,0,0,0,0,4,4,0,0,0,0,4,4,0
`05,`058,District - Rudraprayag,`42,`421,`0000,Construction of roads and railways,0,0,0,0,0,0,0,0,0,4,4,0,0,0,0,4,4,0
`05,`058,District - Rudraprayag,`42,`421,`4210,Construction roads and railways,0,0,0,0,0,0,0,0,0,4,4,0,0,0,0,4,4,0
`05,`058,District - Rudraprayag,`42,`422,`0000,Construction of utility projects,2,2,0,2,2,0,0,0,0,0,0,0,0,0,0,0,0,0
`05,`058,District - Rudraprayag,`42,`422,`4220,Construction of utility projects,2,2,0,2,2,0,0,0,0,0,0,0,0,0,0,0,0,0
`05,`058,District - Rudraprayag,`47,`000,`0000,"Retail trade, except of motor vehicles and motorcycles",12,11,1,8,8,0,4,3,1,2,2,0,2,2,0,0,0,0
`05,`058,District - Rudraprayag,`47,`472,`0000,"Retail sale of food, beverages and tobacco in specialized stores",4,4,0,4,4,0,0,0,0,2,2,0,2,2,0,0,0,0
`05,`058,District - Rudraprayag,`47,`472,`4721,Retail sale of food in specialized stores,4,4,0,4,4,0,0,0,0,2,2,0,2,2,0,0,0,0
`05,`058,District - Rudraprayag,`47,`477,`0000,Retail sale of other goods in specialized stores,5,4,1,2,2,0,3,2,1,0,0,0,0,0,0,0,0,0
`05,`058,District - Rudraprayag,`47,`477,`4773,Other retail sale of new goods in specialized stores,5,4,1,2,2,0,3,2,1,0,0,0,0,0,0,0,0,0
`05,`058,District - Rudraprayag,`47,`478,`0000,Retail sale via stalls and markets,3,3,0,2,2,0,1,1,0,0,0,0,0,0,0,0,0,0
`05,`058,District - Rudraprayag,`47,`478,`4789,Retail sale via stalls and markets of other goods,3,3,0,2,2,0,1,1,0,0,0,0,0,0,0,0,0,0
`05,`058,District - Rudraprayag,`49,`000,`0000,Land transport and transport via pipelines,0,0,0,0,0,0,0,0,0,2,2,0,2,2,0,0,0,0
`05,`058,District - Rudraprayag,`49,`492,`0000,Other land transport,0,0,0,0,0,0,0,0,0,2,2,0,2,2,0,0,0,0
`05,`058,District - Rudraprayag,`49,`492,`4921,Urban or suburban passenger land transport,0,0,0,0,0,0,0,0,0,2,2,0,2,2,0,0,0,0
`05,`058,District - Rudraprayag,`53,`000,`0000,Postal and courier activities,2,2,0,2,2,0,0,0,0,0,0,0,0,0,0,0,0,0
`05,`058,District - Rudraprayag,`53,`531,`0000,Postal activities,2,2,0,2,2,0,0,0,0,0,0,0,0,0,0,0,0,0
`05,`058,District - Rudraprayag,`53,`531,`5310,Postal activities,2,2,0,2,2,0,0,0,0,0,0,0,0,0,0,0,0,0
`05,`058,District - Rudraprayag,`65,`000,`0000,"Insurance, reinsurance and pension funding, except compulsory social",1,1,0,0,0,0,1,1,0,0,0,0,0,0,0,0,0,0
`05,`058,District - Rudraprayag,`65,`651,`0000,Insurance,1,1,0,0,0,0,1,1,0,0,0,0,0,0,0,0,0,0
`05,`058,District - Rudraprayag,`65,`651,`6511,Life insurance,1,1,0,0,0,0,1,1,0,0,0,0,0,0,0,0,0,0
`05,`058,District - Rudraprayag,`84,`000,`0000,Public administration and defence; compulsory social security,23,21,2,12,12,0,11,9,2,0,0,0,0,0,0,0,0,0
`05,`058,District - Rudraprayag,`84,`841,`0000,Administration of the State and the economic and social policy of the,13,11,2,4,4,0,9,7,2,0,0,0,0,0,0,0,0,0
`05,`058,District - Rudraprayag,`84,`841,`8411,General public administration activities,13,11,2,4,4,0,9,7,2,0,0,0,0,0,0,0,0,0
`05,`058,District - Rudraprayag,`84,`842,`0000,Provision of services to the community as a whole,9,9,0,8,8,0,1,1,0,0,0,0,0,0,0,0,0,0
`05,`058,District - Rudraprayag,`84,`842,`8422,Defence activities,2,2,0,2,2,0,0,0,0,0,0,0,0,0,0,0,0,0
`05,`058,District - Rudraprayag,`84,`842,`8423,Public order and safety activities,7,7,0,6,6,0,1,1,0,0,0,0,0,0,0,0,0,0
`05,`058,District - Rudraprayag,`84,`843,`0000,Compulsory social security activities,1,1,0,0,0,0,1,1,0,0,0,0,0,0,0,0,0,0
`05,`058,District - Rudraprayag,`84,`843,`8430,Compulsory social security activities,1,1,0,0,0,0,1,1,0,0,0,0,0,0,0,0,0,0
`05,`058,District - Rudraprayag,`85,`000,`0000,Education,8,4,4,8,4,4,0,0,0,0,0,0,0,0,0,0,0,0
`05,`058,District - Rudraprayag,`85,`851,`0000,Primary education,4,2,2,4,2,2,0,0,0,0,0,0,0,0,0,0,0,0
`05,`058,District - Rudraprayag,`85,`851,`8510,Primary education,4,2,2,4,2,2,0,0,0,0,0,0,0,0,0,0,0,0
`05,`058,District - Rudraprayag,`85,`852,`0000,Secondary education,4,2,2,4,2,2,0,0,0,0,0,0,0,0,0,0,0,0
`05,`058,District - Rudraprayag,`85,`852,`8521,General secondary education,4,2,2,4,2,2,0,0,0,0,0,0,0,0,0,0,0,0
`05,`058,District - Rudraprayag,`86,`000,`0000,Human health activities,4,1,3,0,0,0,4,1,3,0,0,0,0,0,0,0,0,0
`05,`058,District - Rudraprayag,`86,`869,`0000,Other human health activities,4,1,3,0,0,0,4,1,3,0,0,0,0,0,0,0,0,0
`05,`058,District - Rudraprayag,`86,`869,`8690,Other human health activities,4,1,3,0,0,0,4,1,3,0,0,0,0,0,0,0,0,0
`05,`058,District - Rudraprayag,`88,`000,`0000,Social work activities without accommodation,1,0,1,0,0,0,1,0,1,0,0,0,0,0,0,0,0,0
`05,`058,District - Rudraprayag,`88,`889,`0000,Other social work activities without accommodation n.e.c.,1,0,1,0,0,0,1,0,1,0,0,0,0,0,0,0,0,0
`05,`058,District - Rudraprayag,`88,`889,`8890,Other social work activities without accommodation n.e.c.,1,0,1,0,0,0,1,0,1,0,0,0,0,0,0,0,0,0
`05,`058,District - Rudraprayag,`96,`000,`0000,Other personal service activities,1,1,0,0,0,0,1,1,0,0,0,0,0,0,0,0,0,0
`05,`058,District - Rudraprayag,`96,`960,`0000,Other personal service activities,1,1,0,0,0,0,1,1,0,0,0,0,0,0,0,0,0,0
`05,`058,District - Rudraprayag,`96,`960,`9609,Other personal service activities n.e.c.,1,1,0,0,0,0,1,1,0,0,0,0,0,0,0,0,0,0
`05,`058,District - Rudraprayag,`97,`000,`0000,Activities of households as employers of domestic personnel,1,0,1,0,0,0,1,0,1,0,0,0,0,0,0,0,0,0
`05,`058,District - Rudraprayag,`97,`970,`0000,Activities of households as employers of domestic personnel,1,0,1,0,0,0,1,0,1,0,0,0,0,0,0,0,0,0
`05,`058,District - Rudraprayag,`97,`970,`9700,Activities of households as employers of domestic personnel,1,0,1,0,0,0,1,0,1,0,0,0,0,0,0,0,0,0
`05,`058,District - Rudraprayag,`99,`000,`0000,Activities of extraterritorial organizations and bodies,7,5,2,6,4,2,1,1,0,13,11,2,8,6,2,5,5,0
`05,`058,District - Rudraprayag,`99,`991,`0000,Blank etc.,5,3,2,4,2,2,1,1,0,3,3,0,2,2,0,1,1,0
`05,`058,District - Rudraprayag,`99,`991,`9910,Blank etc.,5,3,2,4,2,2,1,1,0,3,3,0,2,2,0,1,1,0
`05,`058,District - Rudraprayag,`99,`992,`0000,Incomplete description/ Wrongly Classifed,2,2,0,2,2,0,0,0,0,10,8,2,6,4,2,4,4,0
`05,`058,District - Rudraprayag,`99,`992,`9920,Incomplete description/ Wrongly Classifed,2,2,0,2,2,0,0,0,0,10,8,2,6,4,2,4,4,0
`05,`059,District - Tehri Garhwal,`00,`000,`0000,Total,254,218,36,126,96,30,128,122,6,14,8,6,10,6,4,4,2,2
`05,`059,District - Tehri Garhwal,`08,`000,`0000,Other mining and quarrying,2,0,2,2,0,2,0,0,0,0,0,0,0,0,0,0,0,0
`05,`059,District - Tehri Garhwal,`08,`089,`0000,Mining and quarrying n.e.c.,2,0,2,2,0,2,0,0,0,0,0,0,0,0,0,0,0,0
`05,`059,District - Tehri Garhwal,`08,`089,`0899,Other mining and quarrying n.e.c.,2,0,2,2,0,2,0,0,0,0,0,0,0,0,0,0,0,0
`05,`059,District - Tehri Garhwal,`10,`000,`0000,Manufacture of food products,2,2,0,2,2,0,0,0,0,0,0,0,0,0,0,0,0,0
`05,`059,District - Tehri Garhwal,`10,`107,`0000,Manufacture of other food products,2,2,0,2,2,0,0,0,0,0,0,0,0,0,0,0,0,0
`05,`059,District - Tehri Garhwal,`10,`107,`1075,Manufacture of prepared meals and dishes,2,2,0,2,2,0,0,0,0,0,0,0,0,0,0,0,0,0
`05,`059,District - Tehri Garhwal,`13,`000,`0000,Manufacture of textiles,4,2,2,4,2,2,0,0,0,2,0,2,2,0,2,0,0,0
`05,`059,District - Tehri Garhwal,`13,`131,`0000,"Spinning, weaving and finishing of textiles",4,2,2,4,2,2,0,0,0,2,0,2,2,0,2,0,0,0
`05,`059,District - Tehri Garhwal,`13,`131,`1311,Preparation and spinning of textile fibres,4,2,2,4,2,2,0,0,0,0,0,0,0,0,0,0,0,0
`05,`059,District - Tehri Garhwal,`13,`131,`1312,Weaving of textiles,0,0,0,0,0,0,0,0,0,2,0,2,2,0,2,0,0,0
`05,`059,District - Tehri Garhwal,`14,`000,`0000,Manufacture of wearing apparel,4,4,0,4,4,0,0,0,0,0,0,0,0,0,0,0,0,0
`05,`059,District - Tehri Garhwal,`14,`141,`0000,"Manufacture of wearing apparel, except fur apparel",4,4,0,4,4,0,0,0,0,0,0,0,0,0,0,0,0,0
`05,`059,District - Tehri Garhwal,`14,`141,`1410,"Manufacture of wearing apparel, except fur apparel",4,4,0,4,4,0,0,0,0,0,0,0,0,0,0,0,0,0
`05,`059,District - Tehri Garhwal,`25,`000,`0000,"Manufacture of fabricated metal products, except machinery and equipment",0,0,0,0,0,0,0,0,0,2,2,0,2,2,0,0,0,0
`05,`059,District - Tehri Garhwal,`25,`251,`0000,"Manufacture of structural metal products, tanks, reservoirs and steam",0,0,0,0,0,0,0,0,0,2,2,0,2,2,0,0,0,0
`05,`059,District - Tehri Garhwal,`25,`251,`2511,Manufacture of structural metal products,0,0,0,0,0,0,0,0,0,2,2,0,2,2,0,0,0,0
`05,`059,District - Tehri Garhwal,`32,`000,`0000,Other manufacturing,2,2,0,0,0,0,2,2,0,0,0,0,0,0,0,0,0,0
`05,`059,District - Tehri Garhwal,`32,`329,`0000,Other manufacturing n.e.c.,2,2,0,0,0,0,2,2,0,0,0,0,0,0,0,0,0,0
`05,`059,District - Tehri Garhwal,`32,`329,`3290,Other manufacturing n.e.c.,2,2,0,0,0,0,2,2,0,0,0,0,0,0,0,0,0,0
`05,`059,District - Tehri Garhwal,`35,`000,`0000,"Electricity, gas, steam and air conditioning supply",22,22,0,22,22,0,0,0,0,0,0,0,0,0,0,0,0,0
`05,`059,District - Tehri Garhwal,`35,`351,`0000,"Electric power generation, transmission and distribution",22,22,0,22,22,0,0,0,0,0,0,0,0,0,0,0,0,0
`05,`059,District - Tehri Garhwal,`35,`351,`3510,"Electric power generation, transmission and distribution",22,22,0,22,22,0,0,0,0,0,0,0,0,0,0,0,0,0
`05,`059,District - Tehri Garhwal,`36,`000,`0000,"Water collection, treatment and supply",4,4,0,2,2,0,2,2,0,0,0,0,0,0,0,0,0,0
`05,`059,District - Tehri Garhwal,`36,`360,`0000,"Water collection, treatment and supply",4,4,0,2,2,0,2,2,0,0,0,0,0,0,0,0,0,0
`05,`059,District - Tehri Garhwal,`36,`360,`3600,"Water collection, treatment and supply",4,4,0,2,2,0,2,2,0,0,0,0,0,0,0,0,0,0
`05,`059,District - Tehri Garhwal,`41,`000,`0000,Construction of buildings,32,28,4,8,4,4,24,24,0,2,2,0,2,2,0,0,0,0
`05,`059,District - Tehri Garhwal,`41,`410,`0000,Construction of buildings,32,28,4,8,4,4,24,24,0,2,2,0,2,2,0,0,0,0
`05,`059,District - Tehri Garhwal,`41,`410,`4100,Construction of buildings,32,28,4,8,4,4,24,24,0,2,2,0,2,2,0,0,0,0
`05,`059,District - Tehri Garhwal,`42,`000,`0000,Civil engineering,8,8,0,8,8,0,0,0,0,0,0,0,0,0,0,0,0,0
`05,`059,District - Tehri Garhwal,`42,`421,`0000,Construction of roads and railways,8,8,0,8,8,0,0,0,0,0,0,0,0,0,0,0,0,0
`05,`059,District - Tehri Garhwal,`42,`421,`4210,Construction roads and railways,8,8,0,8,8,0,0,0,0,0,0,0,0,0,0,0,0,0
`05,`059,District - Tehri Garhwal,`47,`000,`0000,"Retail trade, except of motor vehicles and motorcycles",4,4,0,4,4,0,0,0,0,0,0,0,0,0,0,0,0,0
`05,`059,District - Tehri Garhwal,`47,`473,`0000,Retail sale of automotive fuel in specialized stores,2,2,0,2,2,0,0,0,0,0,0,0,0,0,0,0,0,0
`05,`059,District - Tehri Garhwal,`47,`473,`4730,Retail sale of automotive fuel in specialized stores,2,2,0,2,2,0,0,0,0,0,0,0,0,0,0,0,0,0
`05,`059,District - Tehri Garhwal,`47,`477,`0000,Retail sale of other goods in specialized stores,2,2,0,2,2,0,0,0,0,0,0,0,0,0,0,0,0,0
`05,`059,District - Tehri Garhwal,`47,`477,`4773,Other retail sale of new goods in specialized stores,2,2,0,2,2,0,0,0,0,0,0,0,0,0,0,0,0,0
`05,`059,District - Tehri Garhwal,`49,`000,`0000,Land transport and transport via pipelines,34,34,0,2,2,0,32,32,0,2,2,0,0,0,0,2,2,0
`05,`059,District - Tehri Garhwal,`49,`492,`0000,Other land transport,34,34,0,2,2,0,32,32,0,2,2,0,0,0,0,2,2,0
`05,`059,District - Tehri Garhwal,`49,`492,`4922,Other passenger land transport,2,2,0,2,2,0,0,0,0,2,2,0,0,0,0,2,2,0
`05,`059,District - Tehri Garhwal,`49,`492,`4923,Freight transport by road,32,32,0,0,0,0,32,32,0,0,0,0,0,0,0,0,0,0
`05,`059,District - Tehri Garhwal,`52,`000,`0000,Warehousing and support activities for transportation,4,4,0,4,4,0,0,0,0,0,0,0,0,0,0,0,0,0
`05,`059,District - Tehri Garhwal,`52,`521,`0000,Warehousing and storage,2,2,0,2,2,0,0,0,0,0,0,0,0,0,0,0,0,0
`05,`059,District - Tehri Garhwal,`52,`521,`5210,Warehousing and storage,2,2,0,2,2,0,0,0,0,0,0,0,0,0,0,0,0,0
`05,`059,District - Tehri Garhwal,`52,`522,`0000,Support activities for transportation,2,2,0,2,2,0,0,0,0,0,0,0,0,0,0,0,0,0
`05,`059,District - Tehri Garhwal,`52,`522,`5229,Other transportation support activities,2,2,0,2,2,0,0,0,0,0,0,0,0,0,0,0,0,0
`05,`059,District - Tehri Garhwal,`53,`000,`0000,Postal and courier activities,2,2,0,0,0,0,2,2,0,0,0,0,0,0,0,0,0,0
`05,`059,District - Tehri Garhwal,`53,`531,`0000,Postal activities,2,2,0,0,0,0,2,2,0,0,0,0,0,0,0,0,0,0
`05,`059,District - Tehri Garhwal,`53,`531,`5310,Postal activities,2,2,0,0,0,0,2,2,0,0,0,0,0,0,0,0,0,0
`05,`059,District - Tehri Garhwal,`55,`000,`0000,Accommodation,2,2,0,0,0,0,2,2,0,2,2,0,2,2,0,0,0,0
`05,`059,District - Tehri Garhwal,`55,`551,`0000,Short term accommodation activities,2,2,0,0,0,0,2,2,0,2,2,0,2,2,0,0,0,0
`05,`059,District - Tehri Garhwal,`55,`551,`5510,Short term accommodation activities,2,2,0,0,0,0,2,2,0,2,2,0,2,2,0,0,0,0
`05,`059,District - Tehri Garhwal,`56,`000,`0000,Food and beverage service activities,2,0,2,2,0,2,0,0,0,0,0,0,0,0,0,0,0,0
`05,`059,District - Tehri Garhwal,`56,`563,`0000,Beverage serving activities,2,0,2,2,0,2,0,0,0,0,0,0,0,0,0,0,0,0
`05,`059,District - Tehri Garhwal,`56,`563,`5630,Beverage serving activities,2,0,2,2,0,2,0,0,0,0,0,0,0,0,0,0,0,0
`05,`059,District - Tehri Garhwal,`61,`000,`0000,Telecommunications,4,4,0,2,2,0,2,2,0,0,0,0,0,0,0,0,0,0
`05,`059,District - Tehri Garhwal,`61,`611,`0000,Wired telecommunications activities,2,2,0,2,2,0,0,0,0,0,0,0,0,0,0,0,0,0
`05,`059,District - Tehri Garhwal,`61,`611,`6110,Wired telecommunications activities,2,2,0,2,2,0,0,0,0,0,0,0,0,0,0,0,0,0
`05,`059,District - Tehri Garhwal,`61,`619,`0000,Other telecommunications activities,2,2,0,0,0,0,2,2,0,0,0,0,0,0,0,0,0,0
`05,`059,District - Tehri Garhwal,`61,`619,`6190,Other telecommunications activities,2,2,0,0,0,0,2,2,0,0,0,0,0,0,0,0,0,0
`05,`059,District - Tehri Garhwal,`64,`000,`0000,"Financial service activities, except insurance and pension funding",2,2,0,2,2,0,0,0,0,0,0,0,0,0,0,0,0,0
`05,`059,District - Tehri Garhwal,`64,`641,`0000,Monetary intermediation,2,2,0,2,2,0,0,0,0,0,0,0,0,0,0,0,0,0
`05,`059,District - Tehri Garhwal,`64,`641,`6411,Central banking,2,2,0,2,2,0,0,0,0,0,0,0,0,0,0,0,0,0
`05,`059,District - Tehri Garhwal,`65,`000,`0000,"Insurance, reinsurance and pension funding, except compulsory social",2,2,0,0,0,0,2,2,0,0,0,0,0,0,0,0,0,0
`05,`059,District - Tehri Garhwal,`65,`651,`0000,Insurance,2,2,0,0,0,0,2,2,0,0,0,0,0,0,0,0,0,0
`05,`059,District - Tehri Garhwal,`65,`651,`6511,Life insurance,2,2,0,0,0,0,2,2,0,0,0,0,0,0,0,0,0,0
`05,`059,District - Tehri Garhwal,`82,`000,`0000,"Office administrative, office support and other business support activities",2,2,0,0,0,0,2,2,0,0,0,0,0,0,0,0,0,0
`05,`059,District - Tehri Garhwal,`82,`829,`0000,Business support service activities n.e.c.,2,2,0,0,0,0,2,2,0,0,0,0,0,0,0,0,0,0
`05,`059,District - Tehri Garhwal,`82,`829,`8299,Other business support service activities n.e.c.,2,2,0,0,0,0,2,2,0,0,0,0,0,0,0,0,0,0
`05,`059,District - Tehri Garhwal,`84,`000,`0000,Public administration and defence; compulsory social security,58,52,6,12,10,2,46,42,4,2,0,2,2,0,2,0,0,0
`05,`059,District - Tehri Garhwal,`84,`841,`0000,Administration of the State and the economic and social policy of the,40,34,6,12,10,2,28,24,4,2,0,2,2,0,2,0,0,0
`05,`059,District - Tehri Garhwal,`84,`841,`8411,General public administration activities,40,34,6,12,10,2,28,24,4,2,0,2,2,0,2,0,0,0
`05,`059,District - Tehri Garhwal,`84,`842,`0000,Provision of services to the community as a whole,12,12,0,0,0,0,12,12,0,0,0,0,0,0,0,0,0,0
`05,`059,District - Tehri Garhwal,`84,`842,`8422,Defence activities,4,4,0,0,0,0,4,4,0,0,0,0,0,0,0,0,0,0
`05,`059,District - Tehri Garhwal,`84,`842,`8423,Public order and safety activities,8,8,0,0,0,0,8,8,0,0,0,0,0,0,0,0,0,0
`05,`059,District - Tehri Garhwal,`84,`843,`0000,Compulsory social security activities,6,6,0,0,0,0,6,6,0,0,0,0,0,0,0,0,0,0
`05,`059,District - Tehri Garhwal,`84,`843,`8430,Compulsory social security activities,6,6,0,0,0,0,6,6,0,0,0,0,0,0,0,0,0,0
`05,`059,District - Tehri Garhwal,`85,`000,`0000,Education,34,24,10,28,20,8,6,4,2,0,0,0,0,0,0,0,0,0
`05,`059,District - Tehri Garhwal,`85,`851,`0000,Primary education,16,12,4,16,12,4,0,0,0,0,0,0,0,0,0,0,0,0
`05,`059,District - Tehri Garhwal,`85,`851,`8510,Primary education,16,12,4,16,12,4,0,0,0,0,0,0,0,0,0,0,0,0
`05,`059,District - Tehri Garhwal,`85,`852,`0000,Secondary education,10,8,2,10,8,2,0,0,0,0,0,0,0,0,0,0,0,0
`05,`059,District - Tehri Garhwal,`85,`852,`8521,General secondary education,10,8,2,10,8,2,0,0,0,0,0,0,0,0,0,0,0,0
`05,`059,District - Tehri Garhwal,`85,`853,`0000,Higher education,6,2,4,2,0,2,4,2,2,0,0,0,0,0,0,0,0,0
`05,`059,District - Tehri Garhwal,`85,`853,`8530,Higher education,6,2,4,2,0,2,4,2,2,0,0,0,0,0,0,0,0,0
`05,`059,District - Tehri Garhwal,`85,`854,`0000,Other education,2,2,0,0,0,0,2,2,0,0,0,0,0,0,0,0,0,0
`05,`059,District - Tehri Garhwal,`85,`854,`8549,Other education n.e.c.,2,2,0,0,0,0,2,2,0,0,0,0,0,0,0,0,0,0
`05,`059,District - Tehri Garhwal,`86,`000,`0000,Human health activities,8,6,2,6,4,2,2,2,0,0,0,0,0,0,0,0,0,0
`05,`059,District - Tehri Garhwal,`86,`861,`0000,Hospital activities,4,4,0,2,2,0,2,2,0,0,0,0,0,0,0,0,0,0
`05,`059,District - Tehri Garhwal,`86,`861,`8610,Hospital activities,4,4,0,2,2,0,2,2,0,0,0,0,0,0,0,0,0,0
`05,`059,District - Tehri Garhwal,`86,`869,`0000,Other human health activities,4,2,2,4,2,2,0,0,0,0,0,0,0,0,0,0,0,0
`05,`059,District - Tehri Garhwal,`86,`869,`8690,Other human health activities,4,2,2,4,2,2,0,0,0,0,0,0,0,0,0,0,0,0
`05,`059,District - Tehri Garhwal,`88,`000,`0000,Social work activities without accommodation,2,2,0,0,0,0,2,2,0,0,0,0,0,0,0,0,0,0
`05,`059,District - Tehri Garhwal,`88,`889,`0000,Other social work activities without accommodation n.e.c.,2,2,0,0,0,0,2,2,0,0,0,0,0,0,0,0,0,0
`05,`059,District - Tehri Garhwal,`88,`889,`8890,Other social work activities without accommodation n.e.c.,2,2,0,0,0,0,2,2,0,0,0,0,0,0,0,0,0,0
`05,`059,District - Tehri Garhwal,`90,`000,`0000,"Creative, arts and entertainment activities",2,2,0,2,2,0,0,0,0,0,0,0,0,0,0,0,0,0
`05,`059,District - Tehri Garhwal,`90,`900,`0000,"Creative, arts and entertainment activities",2,2,0,2,2,0,0,0,0,0,0,0,0,0,0,0,0,0
`05,`059,District - Tehri Garhwal,`90,`900,`9000,"Dramatic arts, music and other arts activities",2,2,0,2,2,0,0,0,0,0,0,0,0,0,0,0,0,0
`05,`059,District - Tehri Garhwal,`94,`000,`0000,Activities of membership organizations,2,2,0,0,0,0,2,2,0,0,0,0,0,0,0,0,0,0
`05,`059,District - Tehri Garhwal,`94,`949,`0000,Activities of other membership organizations,2,2,0,0,0,0,2,2,0,0,0,0,0,0,0,0,0,0
`05,`059,District - Tehri Garhwal,`94,`949,`9491,Activities of religious organizations,2,2,0,0,0,0,2,2,0,0,0,0,0,0,0,0,0,0
`05,`059,District - Tehri Garhwal,`99,`000,`0000,Activities of extraterritorial organizations and bodies,10,2,8,10,2,8,0,0,0,2,0,2,0,0,0,2,0,2
`05,`059,District - Tehri Garhwal,`99,`991,`0000,Blank etc.,8,2,6,8,2,6,0,0,0,2,0,2,0,0,0,2,0,2
`05,`059,District - Tehri Garhwal,`99,`991,`9910,Blank etc.,8,2,6,8,2,6,0,0,0,2,0,2,0,0,0,2,0,2
`05,`059,District - Tehri Garhwal,`99,`992,`0000,Incomplete description/ Wrongly Classifed,2,0,2,2,0,2,0,0,0,0,0,0,0,0,0,0,0,0
`05,`059,District - Tehri Garhwal,`99,`992,`9920,Incomplete description/ Wrongly Classifed,2,0,2,2,0,2,0,0,0,0,0,0,0,0,0,0,0,0
`05,`060,District - Dehradun,`00,`000,`0000,Total,9930,7740,2190,7378,5596,1782,2552,2144,408,2378,1330,1048,2078,1138,940,300,192,108
`05,`060,District - Dehradun,`01,`000,`0000,"Crop and animal production, hunting and related service activities",568,290,278,540,264,276,28,26,2,492,154,338,486,150,336,6,4,2
`05,`060,District - Dehradun,`01,`011,`0000,Growing of non-perennial crops,112,70,42,102,62,40,10,8,2,118,60,58,114,58,56,4,2,2
`05,`060,District - Dehradun,`01,`011,`0111,"Growing of cereals (except rice), leguminous crops and oil seeds",50,34,16,46,32,14,4,2,2,74,30,44,72,30,42,2,0,2
`05,`060,District - Dehradun,`01,`011,`0113,"Growing of vegetables and melons, roots and tubers",22,6,16,22,6,16,0,0,0,12,6,6,12,6,6,0,0,0
`05,`060,District - Dehradun,`01,`011,`0116,Growing of fibre crops,32,26,6,26,20,6,6,6,0,24,16,8,22,14,8,2,2,0
`05,`060,District - Dehradun,`01,`011,`0119,Growing of other non-perennial crop,8,4,4,8,4,4,0,0,0,8,8,0,8,8,0,0,0,0
`05,`060,District - Dehradun,`01,`012,`0000,Growing of perennial crops,30,16,14,28,14,14,2,2,0,10,6,4,8,4,4,2,2,0
`05,`060,District - Dehradun,`01,`012,`0122,Growing of tropical and subtropical fruits,2,2,0,2,2,0,0,0,0,0,0,0,0,0,0,0,0,0
`05,`060,District - Dehradun,`01,`012,`0124,Growing of pome fruits and stone fruits,2,2,0,2,2,0,0,0,0,0,0,0,0,0,0,0,0,0
`05,`060,District - Dehradun,`01,`012,`0125,Growing of other tree and bush fruits and nuts,2,2,0,2,2,0,0,0,0,0,0,0,0,0,0,0,0,0
`05,`060,District - Dehradun,`01,`012,`0127,Growing of beverage crops,10,0,10,10,0,10,0,0,0,6,2,4,6,2,4,0,0,0
`05,`060,District - Dehradun,`01,`012,`0128,"Growing of spices, aromatic, drug and pharmaceutical crops",2,2,0,0,0,0,2,2,0,0,0,0,0,0,0,0,0,0
`05,`060,District - Dehradun,`01,`012,`0129,Growing of other perennial crops,12,8,4,12,8,4,0,0,0,4,4,0,2,2,0,2,2,0
`05,`060,District - Dehradun,`01,`013,`0000,Plant propagation,2,0,2,2,0,2,0,0,0,0,0,0,0,0,0,0,0,0
`05,`060,District - Dehradun,`01,`013,`0130,Plant propagation,2,0,2,2,0,2,0,0,0,0,0,0,0,0,0,0,0,0
`05,`060,District - Dehradun,`01,`014,`0000,Animal production,288,108,180,286,106,180,2,2,0,308,66,242,308,66,242,0,0,0
`05,`060,District - Dehradun,`01,`014,`0141,Raising of cattle and buffaloes,154,36,118,154,36,118,0,0,0,80,16,64,80,16,64,0,0,0
`05,`060,District - Dehradun,`01,`014,`0144,Raising of sheep and goats,46,30,16,46,30,16,0,0,0,24,6,18,24,6,18,0,0,0
`05,`060,District - Dehradun,`01,`014,`0146,Raising of poultry,6,4,2,6,4,2,0,0,0,6,4,2,6,4,2,0,0,0
`05,`060,District - Dehradun,`01,`014,`0149,Raising of other animals,82,38,44,80,36,44,2,2,0,198,40,158,198,40,158,0,0,0
`05,`060,District - Dehradun,`01,`015,`0000,Mixed farming,66,34,32,66,34,32,0,0,0,6,2,4,6,2,4,0,0,0
`05,`060,District - Dehradun,`01,`015,`0150,Mixed farming,66,34,32,66,34,32,0,0,0,6,2,4,6,2,4,0,0,0
`05,`060,District - Dehradun,`01,`016,`0000,Support activities to agriculture and post-harvest crop activities,70,62,8,56,48,8,14,14,0,50,20,30,50,20,30,0,0,0
`05,`060,District - Dehradun,`01,`016,`0161,Support activities for crop production,30,30,0,26,26,0,4,4,0,14,4,10,14,4,10,0,0,0
`05,`060,District - Dehradun,`01,`016,`0162,Support activities for animal production,2,0,2,2,0,2,0,0,0,0,0,0,0,0,0,0,0,0
`05,`060,District - Dehradun,`01,`016,`0163,Post-harvest crop activities,38,32,6,28,22,6,10,10,0,36,16,20,36,16,20,0,0,0
`05,`060,District - Dehradun,`02,`000,`0000,Forestry and logging,14,14,0,12,12,0,2,2,0,32,14,18,32,14,18,0,0,0
`05,`060,District - Dehradun,`02,`021,`0000,Silviculture and other forestry activities,4,4,0,4,4,0,0,0,0,0,0,0,0,0,0,0,0,0
`05,`060,District - Dehradun,`02,`021,`0210,Silviculture and other forestry activities,4,4,0,4,4,0,0,0,0,0,0,0,0,0,0,0,0,0
`05,`060,District - Dehradun,`02,`022,`0000,Logging,6,6,0,4,4,0,2,2,0,20,6,14,20,6,14,0,0,0
`05,`060,District - Dehradun,`02,`022,`0220,Logging,6,6,0,4,4,0,2,2,0,20,6,14,20,6,14,0,0,0
`05,`060,District - Dehradun,`02,`023,`0000,Gathering of non-wood forest products,2,2,0,2,2,0,0,0,0,12,8,4,12,8,4,0,0,0
`05,`060,District - Dehradun,`02,`023,`0230,Gathering of non-wood forest products,2,2,0,2,2,0,0,0,0,12,8,4,12,8,4,0,0,0
`05,`060,District - Dehradun,`02,`024,`0000,Support services to forestry,2,2,0,2,2,0,0,0,0,0,0,0,0,0,0,0,0,0
`05,`060,District - Dehradun,`02,`024,`0240,Support services to forestry,2,2,0,2,2,0,0,0,0,0,0,0,0,0,0,0,0,0
`05,`060,District - Dehradun,`05,`000,`0000,Mining of coal and lignite,0,0,0,0,0,0,0,0,0,2,2,0,2,2,0,0,0,0
`05,`060,District - Dehradun,`05,`051,`0000,Mining of hard coal,0,0,0,0,0,0,0,0,0,2,2,0,2,2,0,0,0,0
`05,`060,District - Dehradun,`05,`051,`0510,Mining of hard coal,0,0,0,0,0,0,0,0,0,2,2,0,2,2,0,0,0,0
`05,`060,District - Dehradun,`07,`000,`0000,Mining of metal ores,2,2,0,2,2,0,0,0,0,2,2,0,2,2,0,0,0,0
`05,`060,District - Dehradun,`07,`072,`0000,Mining of non-ferrous metal ores,2,2,0,2,2,0,0,0,0,2,2,0,2,2,0,0,0,0
`05,`060,District - Dehradun,`07,`072,`0729,Mining of other non-ferrous metal ores,2,2,0,2,2,0,0,0,0,2,2,0,2,2,0,0,0,0
`05,`060,District - Dehradun,`08,`000,`0000,Other mining and quarrying,52,52,0,52,52,0,0,0,0,12,12,0,8,8,0,4,4,0
`05,`060,District - Dehradun,`08,`081,`0000,"Quarrying of stone, sand and clay",10,10,0,10,10,0,0,0,0,8,8,0,8,8,0,0,0,0
`05,`060,District - Dehradun,`08,`081,`0810,"Quarrying of stone, sand and clay",10,10,0,10,10,0,0,0,0,8,8,0,8,8,0,0,0,0
`05,`060,District - Dehradun,`08,`089,`0000,Mining and quarrying n.e.c.,42,42,0,42,42,0,0,0,0,4,4,0,0,0,0,4,4,0
`05,`060,District - Dehradun,`08,`089,`0899,Other mining and quarrying n.e.c.,42,42,0,42,42,0,0,0,0,4,4,0,0,0,0,4,4,0
`05,`060,District - Dehradun,`10,`000,`0000,Manufacture of food products,266,194,72,238,172,66,28,22,6,126,38,88,124,38,86,2,0,2
`05,`060,District - Dehradun,`10,`101,`0000,Processing and preserving of meat,2,2,0,0,0,0,2,2,0,0,0,0,0,0,0,0,0,0
`05,`060,District - Dehradun,`10,`101,`1010,Processing and preserving of meat,2,2,0,0,0,0,2,2,0,0,0,0,0,0,0,0,0,0
`05,`060,District - Dehradun,`10,`103,`0000,Processing and preserving of fruit and vegetables,32,26,6,30,24,6,2,2,0,20,10,10,20,10,10,0,0,0
`05,`060,District - Dehradun,`10,`103,`1030,Processing and preserving of fruit and vegetables,32,26,6,30,24,6,2,2,0,20,10,10,20,10,10,0,0,0
`05,`060,District - Dehradun,`10,`104,`0000,Manufacture of vegetable and animal oils and fats,2,2,0,2,2,0,0,0,0,0,0,0,0,0,0,0,0,0
`05,`060,District - Dehradun,`10,`104,`1040,Manufacture of vegetable and animal oils and fats,2,2,0,2,2,0,0,0,0,0,0,0,0,0,0,0,0,0
`05,`060,District - Dehradun,`10,`105,`0000,Manufacture of dairy products,68,44,24,66,42,24,2,2,0,50,10,40,50,10,40,0,0,0
`05,`060,District - Dehradun,`10,`105,`1050,Manufacture of dairy products,68,44,24,66,42,24,2,2,0,50,10,40,50,10,40,0,0,0
`05,`060,District - Dehradun,`10,`106,`0000,"Manufacture of grain mill products, starches and starch products",60,40,20,58,40,18,2,0,2,44,14,30,42,14,28,2,0,2
`05,`060,District - Dehradun,`10,`106,`1061,Manufacture of grain mill products,60,40,20,58,40,18,2,0,2,44,14,30,42,14,28,2,0,2
`05,`060,District - Dehradun,`10,`107,`0000,Manufacture of other food products,102,80,22,82,64,18,20,16,4,12,4,8,12,4,8,0,0,0
`05,`060,District - Dehradun,`10,`107,`1073,"Manufacture of cocoa, chocolate and sugar confectionery",16,16,0,12,12,0,4,4,0,2,2,0,2,2,0,0,0,0
`05,`060,District - Dehradun,`10,`107,`1075,Manufacture of prepared meals and dishes,50,40,10,38,32,6,12,8,4,6,0,6,6,0,6,0,0,0
`05,`060,District - Dehradun,`10,`107,`1079,Manufacture of other food products n.e.c.,36,24,12,32,20,12,4,4,0,4,2,2,4,2,2,0,0,0
`05,`060,District - Dehradun,`11,`000,`0000,Manufacture of beverages,2,2,0,2,2,0,0,0,0,0,0,0,0,0,0,0,0,0
`05,`060,District - Dehradun,`11,`110,`0000,Manufacture of beverages,2,2,0,2,2,0,0,0,0,0,0,0,0,0,0,0,0,0
`05,`060,District - Dehradun,`11,`110,`1104,Manufacture of soft drinks; production of mineral waters and other,2,2,0,2,2,0,0,0,0,0,0,0,0,0,0,0,0,0
`05,`060,District - Dehradun,`13,`000,`0000,Manufacture of textiles,54,46,8,42,36,6,12,10,2,80,28,52,72,20,52,8,8,0
`05,`060,District - Dehradun,`13,`131,`0000,"Spinning, weaving and finishing of textiles",54,46,8,42,36,6,12,10,2,80,28,52,72,20,52,8,8,0
`05,`060,District - Dehradun,`13,`131,`1311,Preparation and spinning of textile fibres,46,44,2,38,36,2,8,8,0,76,26,50,68,18,50,8,8,0
`05,`060,District - Dehradun,`13,`131,`1312,Weaving of textiles,8,2,6,4,0,4,4,2,2,4,2,2,4,2,2,0,0,0
`05,`060,District - Dehradun,`14,`000,`0000,Manufacture of wearing apparel,174,142,32,134,110,24,40,32,8,30,10,20,26,10,16,4,0,4
`05,`060,District - Dehradun,`14,`141,`0000,"Manufacture of wearing apparel, except fur apparel",174,142,32,134,110,24,40,32,8,30,10,20,26,10,16,4,0,4
`05,`060,District - Dehradun,`14,`141,`1410,"Manufacture of wearing apparel, except fur apparel",174,142,32,134,110,24,40,32,8,30,10,20,26,10,16,4,0,4
`05,`060,District - Dehradun,`15,`000,`0000,Manufacture of leather and related products,6,6,0,6,6,0,0,0,0,2,2,0,2,2,0,0,0,0
`05,`060,District - Dehradun,`15,`152,`0000,Manufacture of footwear,6,6,0,6,6,0,0,0,0,2,2,0,2,2,0,0,0,0
`05,`060,District - Dehradun,`15,`152,`1520,Manufacture of footwear,6,6,0,6,6,0,0,0,0,2,2,0,2,2,0,0,0,0
`05,`060,District - Dehradun,`16,`000,`0000,"Manufacture of wood and products of wood and cork, except furniture;",24,16,8,22,14,8,2,2,0,8,6,2,8,6,2,0,0,0
`05,`060,District - Dehradun,`16,`161,`0000,Sawmilling and planing of wood,6,6,0,4,4,0,2,2,0,2,2,0,2,2,0,0,0,0
`05,`060,District - Dehradun,`16,`161,`1610,Saw milling and planing of wood,6,6,0,4,4,0,2,2,0,2,2,0,2,2,0,0,0,0
`05,`060,District - Dehradun,`16,`162,`0000,"Manufacture of products of wood, cork, straw and plaiting materials",18,10,8,18,10,8,0,0,0,6,4,2,6,4,2,0,0,0
`05,`060,District - Dehradun,`16,`162,`1621,"Manufacture of veneer sheets; manufacture of plywood, laminboard,",2,2,0,2,2,0,0,0,0,0,0,0,0,0,0,0,0,0
`05,`060,District - Dehradun,`16,`162,`1623,Manufacture of wooden containers,6,2,4,6,2,4,0,0,0,2,2,0,2,2,0,0,0,0
`05,`060,District - Dehradun,`16,`162,`1629,"Manufacture of other products of wood; manufacture of articles of cork,",10,6,4,10,6,4,0,0,0,4,2,2,4,2,2,0,0,0
`05,`060,District - Dehradun,`17,`000,`0000,Manufacture of paper and paper products,8,8,0,6,6,0,2,2,0,0,0,0,0,0,0,0,0,0
`05,`060,District - Dehradun,`17,`170,`0000,Manufacture of paper and paper products,8,8,0,6,6,0,2,2,0,0,0,0,0,0,0,0,0,0
`05,`060,District - Dehradun,`17,`170,`1702,Manufacture of corrugated paper and paperboard and containers of,6,6,0,4,4,0,2,2,0,0,0,0,0,0,0,0,0,0
`05,`060,District - Dehradun,`17,`170,`1709,Manufacture of other articles of paper and paperboard,2,2,0,2,2,0,0,0,0,0,0,0,0,0,0,0,0,0
`05,`060,District - Dehradun,`18,`000,`0000,Printing and reproduction of recorded media,8,8,0,8,8,0,0,0,0,0,0,0,0,0,0,0,0,0
`05,`060,District - Dehradun,`18,`181,`0000,Printing and service activities related to printing,8,8,0,8,8,0,0,0,0,0,0,0,0,0,0,0,0,0
`05,`060,District - Dehradun,`18,`181,`1811,Printing,6,6,0,6,6,0,0,0,0,0,0,0,0,0,0,0,0,0
`05,`060,District - Dehradun,`18,`181,`1812,Service activities related to printing,2,2,0,2,2,0,0,0,0,0,0,0,0,0,0,0,0,0
`05,`060,District - Dehradun,`19,`000,`0000,Manufacture of coke and refined petroleum products,2,2,0,2,2,0,0,0,0,0,0,0,0,0,0,0,0,0
`05,`060,District - Dehradun,`19,`192,`0000,Manufacture of refined petroleum products,2,2,0,2,2,0,0,0,0,0,0,0,0,0,0,0,0,0
`05,`060,District - Dehradun,`19,`192,`1920,Manufacture of refined petroleum products,2,2,0,2,2,0,0,0,0,0,0,0,0,0,0,0,0,0
`05,`060,District - Dehradun,`20,`000,`0000,Manufacture of chemicals and chemical products,8,8,0,6,6,0,2,2,0,0,0,0,0,0,0,0,0,0
`05,`060,District - Dehradun,`20,`202,`0000,Manufacture of other chemical products,8,8,0,6,6,0,2,2,0,0,0,0,0,0,0,0,0,0
`05,`060,District - Dehradun,`20,`202,`2022,"Manufacture of paints, varnishes and similar coatings, printing ink and",4,4,0,2,2,0,2,2,0,0,0,0,0,0,0,0,0,0
`05,`060,District - Dehradun,`20,`202,`2023,"Manufacture of soap and detergents, cleaning and polishing preparations,",2,2,0,2,2,0,0,0,0,0,0,0,0,0,0,0,0,0
`05,`060,District - Dehradun,`20,`202,`2029,Manufacture of other chemical products n.e.c.,2,2,0,2,2,0,0,0,0,0,0,0,0,0,0,0,0,0
`05,`060,District - Dehradun,`21,`000,`0000,"Manufacture of pharmaceuticals, medicinal chemical and botanical products",26,16,10,20,14,6,6,2,4,0,0,0,0,0,0,0,0,0
`05,`060,District - Dehradun,`21,`210,`0000,"Manufacture of pharmaceuticals, medicinal chemical and botanical products",26,16,10,20,14,6,6,2,4,0,0,0,0,0,0,0,0,0
`05,`060,District - Dehradun,`21,`210,`2100,"Manufacture of pharmaceuticals, medicinal chemical and botanical",26,16,10,20,14,6,6,2,4,0,0,0,0,0,0,0,0,0
`05,`060,District - Dehradun,`22,`000,`0000,Manufacture of rubber and plastics products,18,16,2,12,12,0,6,4,2,4,4,0,4,4,0,0,0,0
`05,`060,District - Dehradun,`22,`221,`0000,Manufacture of rubber products,6,6,0,4,4,0,2,2,0,0,0,0,0,0,0,0,0,0
`05,`060,District - Dehradun,`22,`221,`2211,Manufacture of rubber tyres and tubes; retreading and rebuilding of,6,6,0,4,4,0,2,2,0,0,0,0,0,0,0,0,0,0
`05,`060,District - Dehradun,`22,`222,`0000,Manufacture of plastics products,12,10,2,8,8,0,4,2,2,4,4,0,4,4,0,0,0,0
`05,`060,District - Dehradun,`22,`222,`2220,Manufacture of plastics products,12,10,2,8,8,0,4,2,2,4,4,0,4,4,0,0,0,0
`05,`060,District - Dehradun,`23,`000,`0000,Manufacture of other non-metallic mineral products,34,32,2,26,24,2,8,8,0,0,0,0,0,0,0,0,0,0
`05,`060,District - Dehradun,`23,`231,`0000,Manufacture of glass and glass products,12,12,0,4,4,0,8,8,0,0,0,0,0,0,0,0,0,0
`05,`060,District - Dehradun,`23,`231,`2310,Manufacture of glass and glass products,12,12,0,4,4,0,8,8,0,0,0,0,0,0,0,0,0,0
`05,`060,District - Dehradun,`23,`239,`0000,Manufacture of non-metallic mineral products n.e.c.,22,20,2,22,20,2,0,0,0,0,0,0,0,0,0,0,0,0
`05,`060,District - Dehradun,`23,`239,`2392,Manufacture of clay building materials,20,18,2,20,18,2,0,0,0,0,0,0,0,0,0,0,0,0
`05,`060,District - Dehradun,`23,`239,`2395,"Manufacture of articles of concrete, cement and plaster",2,2,0,2,2,0,0,0,0,0,0,0,0,0,0,0,0,0
`05,`060,District - Dehradun,`24,`000,`0000,Manufacture of basic metals,12,12,0,10,10,0,2,2,0,0,0,0,0,0,0,0,0,0
`05,`060,District - Dehradun,`24,`241,`0000,Manufacture of basic iron and steel,8,8,0,6,6,0,2,2,0,0,0,0,0,0,0,0,0,0
`05,`060,District - Dehradun,`24,`241,`2410,Manufacture of basic iron and steel,8,8,0,6,6,0,2,2,0,0,0,0,0,0,0,0,0,0
`05,`060,District - Dehradun,`24,`242,`0000,Manufacture of basic precious and other non-ferrous metals,2,2,0,2,2,0,0,0,0,0,0,0,0,0,0,0,0,0
`05,`060,District - Dehradun,`24,`242,`2420,Manufacture of basic precious and other non-ferrous metals,2,2,0,2,2,0,0,0,0,0,0,0,0,0,0,0,0,0
`05,`060,District - Dehradun,`24,`243,`0000,Casting of metals,2,2,0,2,2,0,0,0,0,0,0,0,0,0,0,0,0,0
`05,`060,District - Dehradun,`24,`243,`2432,Casting of non-ferrous metals,2,2,0,2,2,0,0,0,0,0,0,0,0,0,0,0,0,0
`05,`060,District - Dehradun,`25,`000,`0000,"Manufacture of fabricated metal products, except machinery and equipment",24,24,0,18,18,0,6,6,0,8,8,0,8,8,0,0,0,0
`05,`060,District - Dehradun,`25,`251,`0000,"Manufacture of structural metal products, tanks, reservoirs and steam",12,12,0,8,8,0,4,4,0,2,2,0,2,2,0,0,0,0
`05,`060,District - Dehradun,`25,`251,`2511,Manufacture of structural metal products,12,12,0,8,8,0,4,4,0,2,2,0,2,2,0,0,0,0
`05,`060,District - Dehradun,`25,`259,`0000,Manufacture of other fabricated metal products; metalworking service,12,12,0,10,10,0,2,2,0,6,6,0,6,6,0,0,0,0
`05,`060,District - Dehradun,`25,`259,`2592,Machining; treatment and coating of metals,4,4,0,4,4,0,0,0,0,0,0,0,0,0,0,0,0,0
`05,`060,District - Dehradun,`25,`259,`2593,"Manufacture of cutlery, hand tools and general hardware",8,8,0,6,6,0,2,2,0,6,6,0,6,6,0,0,0,0
`05,`060,District - Dehradun,`26,`000,`0000,"Manufacture of computer, electronic and optical products",4,2,2,2,0,2,2,2,0,0,0,0,0,0,0,0,0,0
`05,`060,District - Dehradun,`26,`262,`0000,Manufacture of computers and peripheral equipment,2,2,0,0,0,0,2,2,0,0,0,0,0,0,0,0,0,0
`05,`060,District - Dehradun,`26,`262,`2620,Manufacture of computers and peripheral equipment,2,2,0,0,0,0,2,2,0,0,0,0,0,0,0,0,0,0
`05,`060,District - Dehradun,`26,`264,`0000,Manufacture of consumer electronics,2,0,2,2,0,2,0,0,0,0,0,0,0,0,0,0,0,0
`05,`060,District - Dehradun,`26,`264,`2640,Manufacture of consumer electronics,2,0,2,2,0,2,0,0,0,0,0,0,0,0,0,0,0,0
`05,`060,District - Dehradun,`27,`000,`0000,Manufacture of electrical equipment,4,4,0,4,4,0,0,0,0,2,2,0,2,2,0,0,0,0
`05,`060,District - Dehradun,`27,`271,`0000,"Manufacture of electric motors, generators, transformers and electricity",0,0,0,0,0,0,0,0,0,2,2,0,2,2,0,0,0,0
`05,`060,District - Dehradun,`27,`271,`2710,"Manufacture of electric motors, generators, transformers and electricity",0,0,0,0,0,0,0,0,0,2,2,0,2,2,0,0,0,0
`05,`060,District - Dehradun,`27,`273,`0000,Manufacture of wiring and wiring devices,2,2,0,2,2,0,0,0,0,0,0,0,0,0,0,0,0,0
`05,`060,District - Dehradun,`27,`273,`2732,Manufacture of other electronic and electric wires and cables,2,2,0,2,2,0,0,0,0,0,0,0,0,0,0,0,0,0
`05,`060,District - Dehradun,`27,`274,`0000,Manufacture of electric lighting equipment,2,2,0,2,2,0,0,0,0,0,0,0,0,0,0,0,0,0
`05,`060,District - Dehradun,`27,`274,`2740,Manufacture of electric lighting equipment,2,2,0,2,2,0,0,0,0,0,0,0,0,0,0,0,0,0
`05,`060,District - Dehradun,`28,`000,`0000,Manufacture of machinery and equipment n.e.c.,2,2,0,0,0,0,2,2,0,0,0,0,0,0,0,0,0,0
`05,`060,District - Dehradun,`28,`281,`0000,Manufacture of general purpose machinery,2,2,0,0,0,0,2,2,0,0,0,0,0,0,0,0,0,0
`05,`060,District - Dehradun,`28,`281,`2819,Manufacture of other general-purpose machinery,2,2,0,0,0,0,2,2,0,0,0,0,0,0,0,0,0,0
`05,`060,District - Dehradun,`29,`000,`0000,"Manufacture of motor vehicles, trailers and semi-trailers",2,0,2,2,0,2,0,0,0,0,0,0,0,0,0,0,0,0
`05,`060,District - Dehradun,`29,`292,`0000,Manufacture of bodies (coachwork) for motor vehicles; manufacture of,2,0,2,2,0,2,0,0,0,0,0,0,0,0,0,0,0,0
`05,`060,District - Dehradun,`29,`292,`2920,Manufacture of bodies (coachwork) for motor vehicles; manufacture of trailers and semi-trailers,2,0,2,2,0,2,0,0,0,0,0,0,0,0,0,0,0,0
`05,`060,District - Dehradun,`30,`000,`0000,Manufacture of other transport equipment,28,28,0,12,12,0,16,16,0,6,4,2,4,4,0,2,0,2
`05,`060,District - Dehradun,`30,`301,`0000,Building of ships and boats,0,0,0,0,0,0,0,0,0,2,2,0,2,2,0,0,0,0
`05,`060,District - Dehradun,`30,`301,`3011,Building of ships and floating structures,0,0,0,0,0,0,0,0,0,2,2,0,2,2,0,0,0,0
`05,`060,District - Dehradun,`30,`304,`0000,Manufacture of military fighting vehicles,14,14,0,0,0,0,14,14,0,0,0,0,0,0,0,0,0,0
`05,`060,District - Dehradun,`30,`304,`3040,Manufacture of weapons and ammunition,14,14,0,0,0,0,14,14,0,0,0,0,0,0,0,0,0,0
`05,`060,District - Dehradun,`30,`309,`0000,Manufacture of transport equipment n.e.c.,14,14,0,12,12,0,2,2,0,4,2,2,2,2,0,2,0,2
`05,`060,District - Dehradun,`30,`309,`3091,Manufacture of motorcycles,2,2,0,2,2,0,0,0,0,0,0,0,0,0,0,0,0,0
`05,`060,District - Dehradun,`30,`309,`3092,Manufacture of bicycles and invalid carriages,2,2,0,0,0,0,2,2,0,0,0,0,0,0,0,0,0,0
`05,`060,District - Dehradun,`30,`309,`3099,Manufacture of other transport equipment n.e.c.,10,10,0,10,10,0,0,0,0,4,2,2,2,2,0,2,0,2
`05,`060,District - Dehradun,`31,`000,`0000,Manufacture of furniture,4,4,0,4,4,0,0,0,0,2,2,0,2,2,0,0,0,0
`05,`060,District - Dehradun,`31,`310,`0000,Manufacture of furniture,4,4,0,4,4,0,0,0,0,2,2,0,2,2,0,0,0,0
`05,`060,District - Dehradun,`31,`310,`3100,Manufacture of furniture,4,4,0,4,4,0,0,0,0,2,2,0,2,2,0,0,0,0
`05,`060,District - Dehradun,`32,`000,`0000,Other manufacturing,142,96,46,126,82,44,16,14,2,28,26,2,28,26,2,0,0,0
`05,`060,District - Dehradun,`32,`329,`0000,Other manufacturing n.e.c.,142,96,46,126,82,44,16,14,2,28,26,2,28,26,2,0,0,0
`05,`060,District - Dehradun,`32,`329,`3290,Other manufacturing n.e.c.,142,96,46,126,82,44,16,14,2,28,26,2,28,26,2,0,0,0
`05,`060,District - Dehradun,`33,`000,`0000,Repair and installation of machinery and equipment,6,6,0,4,4,0,2,2,0,0,0,0,0,0,0,0,0,0
`05,`060,District - Dehradun,`33,`331,`0000,"Repair of fabricated metal products, machinery and equipment",6,6,0,4,4,0,2,2,0,0,0,0,0,0,0,0,0,0
`05,`060,District - Dehradun,`33,`331,`3312,Repair of machinery,4,4,0,4,4,0,0,0,0,0,0,0,0,0,0,0,0,0
`05,`060,District - Dehradun,`33,`331,`3314,Repair of electrical equipment,2,2,0,0,0,0,2,2,0,0,0,0,0,0,0,0,0,0
`05,`060,District - Dehradun,`35,`000,`0000,"Electricity, gas, steam and air conditioning supply",80,72,8,56,50,6,24,22,2,4,4,0,4,4,0,0,0,0
`05,`060,District - Dehradun,`35,`351,`0000,"Electric power generation, transmission and distribution",66,58,8,50,44,6,16,14,2,4,4,0,4,4,0,0,0,0
`05,`060,District - Dehradun,`35,`351,`3510,"Electric power generation, transmission and distribution",66,58,8,50,44,6,16,14,2,4,4,0,4,4,0,0,0,0
`05,`060,District - Dehradun,`35,`352,`0000,Manufacture of gas; distribution of gaseous fuels through mains,14,14,0,6,6,0,8,8,0,0,0,0,0,0,0,0,0,0
`05,`060,District - Dehradun,`35,`352,`3520,Manufacture of gas; distribution of gaseous fuels through mains,14,14,0,6,6,0,8,8,0,0,0,0,0,0,0,0,0,0
`05,`060,District - Dehradun,`36,`000,`0000,"Water collection, treatment and supply",52,48,4,34,30,4,18,18,0,2,2,0,2,2,0,0,0,0
`05,`060,District - Dehradun,`36,`360,`0000,"Water collection, treatment and supply",52,48,4,34,30,4,18,18,0,2,2,0,2,2,0,0,0,0
`05,`060,District - Dehradun,`36,`360,`3600,"Water collection, treatment and supply",52,48,4,34,30,4,18,18,0,2,2,0,2,2,0,0,0,0
`05,`060,District - Dehradun,`38,`000,`0000,"Waste collection, treatment and disposal activities; materials recovery",14,12,2,2,2,0,12,10,2,2,2,0,0,0,0,2,2,0
`05,`060,District - Dehradun,`38,`381,`0000,Waste collection,14,12,2,2,2,0,12,10,2,2,2,0,0,0,0,2,2,0
`05,`060,District - Dehradun,`38,`381,`3811,Collection of non-hazardous waste,12,10,2,2,2,0,10,8,2,2,2,0,0,0,0,2,2,0
`05,`060,District - Dehradun,`38,`381,`3812,Collection of hazardous waste,2,2,0,0,0,0,2,2,0,0,0,0,0,0,0,0,0,0
`05,`060,District - Dehradun,`41,`000,`0000,Construction of buildings,1070,1030,40,938,906,32,132,124,8,390,386,4,354,350,4,36,36,0
`05,`060,District - Dehradun,`41,`410,`0000,Construction of buildings,1070,1030,40,938,906,32,132,124,8,390,386,4,354,350,4,36,36,0
`05,`060,District - Dehradun,`41,`410,`4100,Construction of buildings,1070,1030,40,938,906,32,132,124,8,390,386,4,354,350,4,36,36,0
`05,`060,District - Dehradun,`42,`000,`0000,Civil engineering,194,190,4,178,174,4,16,16,0,70,64,6,68,62,6,2,2,0
`05,`060,District - Dehradun,`42,`421,`0000,Construction of roads and railways,138,134,4,122,118,4,16,16,0,68,62,6,66,60,6,2,2,0
`05,`060,District - Dehradun,`42,`421,`4210,Construction roads and railways,138,134,4,122,118,4,16,16,0,68,62,6,66,60,6,2,2,0
`05,`060,District - Dehradun,`42,`422,`0000,Construction of utility projects,4,4,0,4,4,0,0,0,0,2,2,0,2,2,0,0,0,0
`05,`060,District - Dehradun,`42,`422,`4220,Construction of utility projects,4,4,0,4,4,0,0,0,0,2,2,0,2,2,0,0,0,0
`05,`060,District - Dehradun,`42,`429,`0000,Construction of other civil engineering projects,52,52,0,52,52,0,0,0,0,0,0,0,0,0,0,0,0,0
`05,`060,District - Dehradun,`42,`429,`4290,Construction of other civil engineering projects,52,52,0,52,52,0,0,0,0,0,0,0,0,0,0,0,0,0
`05,`060,District - Dehradun,`43,`000,`0000,Specialized construction activities,34,34,0,22,22,0,12,12,0,8,8,0,4,4,0,4,4,0
`05,`060,District - Dehradun,`43,`431,`0000,Demolition and site preparation,0,0,0,0,0,0,0,0,0,2,2,0,2,2,0,0,0,0
`05,`060,District - Dehradun,`43,`431,`4312,Site preparation,0,0,0,0,0,0,0,0,0,2,2,0,2,2,0,0,0,0
`05,`060,District - Dehradun,`43,`432,`0000,"Electrical, plumbing and other construction installation activities",8,8,0,8,8,0,0,0,0,0,0,0,0,0,0,0,0,0
`05,`060,District - Dehradun,`43,`432,`4321,Electrical installation,2,2,0,2,2,0,0,0,0,0,0,0,0,0,0,0,0,0
`05,`060,District - Dehradun,`43,`432,`4322,"Plumbing, heat and air-conditioning installation",6,6,0,6,6,0,0,0,0,0,0,0,0,0,0,0,0,0
`05,`060,District - Dehradun,`43,`433,`0000,Building completion and finishing,26,26,0,14,14,0,12,12,0,6,6,0,2,2,0,4,4,0
`05,`060,District - Dehradun,`43,`433,`4330,Building completion and finishing,26,26,0,14,14,0,12,12,0,6,6,0,2,2,0,4,4,0
`05,`060,District - Dehradun,`45,`000,`0000,Wholesale and retail trade and repair of motor vehicles and motorcycles,34,34,0,28,28,0,6,6,0,2,2,0,2,2,0,0,0,0
`05,`060,District - Dehradun,`45,`451,`0000,Sale of motor vehicles,4,4,0,4,4,0,0,0,0,0,0,0,0,0,0,0,0,0
`05,`060,District - Dehradun,`45,`451,`4510,Sale of motor vehicles,4,4,0,4,4,0,0,0,0,0,0,0,0,0,0,0,0,0
`05,`060,District - Dehradun,`45,`452,`0000,Maintenance and repair of motor vehicles,18,18,0,12,12,0,6,6,0,2,2,0,2,2,0,0,0,0
`05,`060,District - Dehradun,`45,`452,`4520,Maintenance and repair of motor vehicles,18,18,0,12,12,0,6,6,0,2,2,0,2,2,0,0,0,0
`05,`060,District - Dehradun,`45,`453,`0000,Sale of motor vehicle parts and accessories,2,2,0,2,2,0,0,0,0,0,0,0,0,0,0,0,0,0
`05,`060,District - Dehradun,`45,`453,`4530,Sale of motor vehicle parts and accessories,2,2,0,2,2,0,0,0,0,0,0,0,0,0,0,0,0,0
`05,`060,District - Dehradun,`45,`454,`0000,"Sale, maintenance and repair of motorcycles and related parts and",10,10,0,10,10,0,0,0,0,0,0,0,0,0,0,0,0,0
`05,`060,District - Dehradun,`45,`454,`4540,"Sale, maintenance and repair of motorcycles and related parts and",10,10,0,10,10,0,0,0,0,0,0,0,0,0,0,0,0,0
`05,`060,District - Dehradun,`46,`000,`0000,"Wholesale trade, except of motor vehicles and motorcycles",44,42,2,28,28,0,16,14,2,2,2,0,0,0,0,2,2,0
`05,`060,District - Dehradun,`46,`461,`0000,Wholesale on a fee or contract basis,4,4,0,2,2,0,2,2,0,0,0,0,0,0,0,0,0,0
`05,`060,District - Dehradun,`46,`461,`4610,Wholesale on a fee or contract basis,4,4,0,2,2,0,2,2,0,0,0,0,0,0,0,0,0,0
`05,`060,District - Dehradun,`46,`463,`0000,"Wholesale of food, beverages and tobacco",12,12,0,8,8,0,4,4,0,0,0,0,0,0,0,0,0,0
`05,`060,District - Dehradun,`46,`463,`4630,"Wholesale of food, beverages and tobacco",12,12,0,8,8,0,4,4,0,0,0,0,0,0,0,0,0,0
`05,`060,District - Dehradun,`46,`464,`0000,Wholesale of household goods,10,8,2,4,4,0,6,4,2,0,0,0,0,0,0,0,0,0
`05,`060,District - Dehradun,`46,`464,`4649,Wholesale of other household goods,10,8,2,4,4,0,6,4,2,0,0,0,0,0,0,0,0,0
`05,`060,District - Dehradun,`46,`465,`0000,"Wholesale of machinery, equipment and supplies",4,4,0,2,2,0,2,2,0,0,0,0,0,0,0,0,0,0
`05,`060,District - Dehradun,`46,`465,`4652,Wholesale of electronic and telecommunications equipment and parts,2,2,0,0,0,0,2,2,0,0,0,0,0,0,0,0,0,0
`05,`060,District - Dehradun,`46,`465,`4659,Wholesale of other machinery and equipment,2,2,0,2,2,0,0,0,0,0,0,0,0,0,0,0,0,0
`05,`060,District - Dehradun,`46,`466,`0000,Other specialized wholesale,2,2,0,0,0,0,2,2,0,2,2,0,0,0,0,2,2,0
`05,`060,District - Dehradun,`46,`466,`4661,"Wholesale of solid, liquid and gaseous fuels and related products",0,0,0,0,0,0,0,0,0,2,2,0,0,0,0,2,2,0
`05,`060,District - Dehradun,`46,`466,`4663,"Wholesale of construction materials, hardware, plumbing and heating",2,2,0,0,0,0,2,2,0,0,0,0,0,0,0,0,0,0
`05,`060,District - Dehradun,`46,`469,`0000,Non-specialized wholesale trade,12,12,0,12,12,0,0,0,0,0,0,0,0,0,0,0,0,0
`05,`060,District - Dehradun,`46,`469,`4690,Non-specialized wholesale trade,12,12,0,12,12,0,0,0,0,0,0,0,0,0,0,0,0,0
`05,`060,District - Dehradun,`47,`000,`0000,"Retail trade, except of motor vehicles and motorcycles",754,666,88,524,476,48,230,190,40,72,50,22,62,40,22,10,10,0
`05,`060,District - Dehradun,`47,`471,`0000,Retail sale in non-specialized stores,4,4,0,2,2,0,2,2,0,0,0,0,0,0,0,0,0,0
`05,`060,District - Dehradun,`47,`471,`4719,Other retail sale in non-specialized stores,4,4,0,2,2,0,2,2,0,0,0,0,0,0,0,0,0,0
`05,`060,District - Dehradun,`47,`472,`0000,"Retail sale of food, beverages and tobacco in specialized stores",310,278,32,268,246,22,42,32,10,16,12,4,16,12,4,0,0,0
`05,`060,District - Dehradun,`47,`472,`4721,Retail sale of food in specialized stores,310,278,32,268,246,22,42,32,10,16,12,4,16,12,4,0,0,0
`05,`060,District - Dehradun,`47,`473,`0000,Retail sale of automotive fuel in specialized stores,2,2,0,2,2,0,0,0,0,0,0,0,0,0,0,0,0,0
`05,`060,District - Dehradun,`47,`473,`4730,Retail sale of automotive fuel in specialized stores,2,2,0,2,2,0,0,0,0,0,0,0,0,0,0,0,0,0
`05,`060,District - Dehradun,`47,`474,`0000,Retail sale of information and communications equipment in specialized,10,10,0,6,6,0,4,4,0,4,4,0,0,0,0,4,4,0
`05,`060,District - Dehradun,`47,`474,`4741,"Retail sale of computers, peripheral units, software and",10,10,0,6,6,0,4,4,0,4,4,0,0,0,0,4,4,0
`05,`060,District - Dehradun,`47,`475,`0000,Retail sale of other household equipment in specialized stores,98,96,2,72,72,0,26,24,2,30,18,12,26,14,12,4,4,0
`05,`060,District - Dehradun,`47,`475,`4751,Retail sale of textiles in specialized stores,6,4,2,0,0,0,6,4,2,0,0,0,0,0,0,0,0,0
`05,`060,District - Dehradun,`47,`475,`4752,"Retail sale of hardware, paints and glass in specialized stores",32,32,0,24,24,0,8,8,0,20,10,10,18,8,10,2,2,0
`05,`060,District - Dehradun,`47,`475,`4759,"Retail sale of electrical household appliances, furniture, lighting",60,60,0,48,48,0,12,12,0,10,8,2,8,6,2,2,2,0
`05,`060,District - Dehradun,`47,`476,`0000,Retail sale of cultural and recreation goods in specialized stores,6,6,0,4,4,0,2,2,0,0,0,0,0,0,0,0,0,0
`05,`060,District - Dehradun,`47,`476,`4761,"Retail sale of books, newspapers and stationary in specialized stores",6,6,0,4,4,0,2,2,0,0,0,0,0,0,0,0,0,0
`05,`060,District - Dehradun,`47,`477,`0000,Retail sale of other goods in specialized stores,152,122,30,64,52,12,88,70,18,8,6,2,6,4,2,2,2,0
`05,`060,District - Dehradun,`47,`477,`4771,"Retail sale of clothing, footwear and leather articles in specialized",76,56,20,18,14,4,58,42,16,0,0,0,0,0,0,0,0,0
`05,`060,District - Dehradun,`47,`477,`4772,"Retail sale of pharmaceutical and medical goods, cosmetic and toilet",38,30,8,26,18,8,12,12,0,0,0,0,0,0,0,0,0,0
`05,`060,District - Dehradun,`47,`477,`4773,Other retail sale of new goods in specialized stores,38,36,2,20,20,0,18,16,2,8,6,2,6,4,2,2,2,0
`05,`060,District - Dehradun,`47,`478,`0000,Retail sale via stalls and markets,150,126,24,88,74,14,62,52,10,12,8,4,12,8,4,0,0,0
`05,`060,District - Dehradun,`47,`478,`4781,"Retail sale via stalls and markets of food, beverages and tobacco",10,10,0,6,6,0,4,4,0,0,0,0,0,0,0,0,0,0
`05,`060,District - Dehradun,`47,`478,`4782,"Retail sale via stalls and markets of textiles, clothing and footwear",12,10,2,2,0,2,10,10,0,0,0,0,0,0,0,0,0,0
`05,`060,District - Dehradun,`47,`478,`4789,Retail sale via stalls and markets of other goods,128,106,22,80,68,12,48,38,10,12,8,4,12,8,4,0,0,0
`05,`060,District - Dehradun,`47,`479,`0000,"Retail trade not in stores, stalls or markets",22,22,0,18,18,0,4,4,0,2,2,0,2,2,0,0,0,0
`05,`060,District - Dehradun,`47,`479,`4799,"Other retail sale not in stores, stalls or markets",22,22,0,18,18,0,4,4,0,2,2,0,2,2,0,0,0,0
`05,`060,District - Dehradun,`49,`000,`0000,Land transport and transport via pipelines,412,400,12,344,334,10,68,66,2,42,42,0,36,36,0,6,6,0
`05,`060,District - Dehradun,`49,`491,`0000,Transport via railways,26,22,4,20,16,4,6,6,0,2,2,0,0,0,0,2,2,0
`05,`060,District - Dehradun,`49,`491,`4911,Passenger rail transport,26,22,4,20,16,4,6,6,0,0,0,0,0,0,0,0,0,0
`05,`060,District - Dehradun,`49,`491,`4912,Freight rail transport,0,0,0,0,0,0,0,0,0,2,2,0,0,0,0,2,2,0
`05,`060,District - Dehradun,`49,`492,`0000,Other land transport,386,378,8,324,318,6,62,60,2,40,40,0,36,36,0,4,4,0
`05,`060,District - Dehradun,`49,`492,`4921,Urban or suburban passenger land transport,126,124,2,104,102,2,22,22,0,12,12,0,10,10,0,2,2,0
`05,`060,District - Dehradun,`49,`492,`4922,Other passenger land transport,154,150,4,136,134,2,18,16,2,18,18,0,16,16,0,2,2,0
`05,`060,District - Dehradun,`49,`492,`4923,Freight transport by road,106,104,2,84,82,2,22,22,0,10,10,0,10,10,0,0,0,0
`05,`060,District - Dehradun,`50,`000,`0000,Water transport,6,6,0,0,0,0,6,6,0,0,0,0,0,0,0,0,0,0
`05,`060,District - Dehradun,`50,`501,`0000,Sea and coastal water transport,4,4,0,0,0,0,4,4,0,0,0,0,0,0,0,0,0,0
`05,`060,District - Dehradun,`50,`501,`5011,Sea and coastal passenger water transport,4,4,0,0,0,0,4,4,0,0,0,0,0,0,0,0,0,0
`05,`060,District - Dehradun,`50,`502,`0000,Inland water transport,2,2,0,0,0,0,2,2,0,0,0,0,0,0,0,0,0,0
`05,`060,District - Dehradun,`50,`502,`5021,Inland passenger water transport,2,2,0,0,0,0,2,2,0,0,0,0,0,0,0,0,0,0
`05,`060,District - Dehradun,`51,`000,`0000,Air transport,2,2,0,0,0,0,2,2,0,0,0,0,0,0,0,0,0,0
`05,`060,District - Dehradun,`51,`512,`0000,Freight air transport,2,2,0,0,0,0,2,2,0,0,0,0,0,0,0,0,0,0
`05,`060,District - Dehradun,`51,`512,`5120,Freight air transport,2,2,0,0,0,0,2,2,0,0,0,0,0,0,0,0,0,0
`05,`060,District - Dehradun,`52,`000,`0000,Warehousing and support activities for transportation,34,32,2,24,24,0,10,8,2,0,0,0,0,0,0,0,0,0
`05,`060,District - Dehradun,`52,`521,`0000,Warehousing and storage,2,2,0,2,2,0,0,0,0,0,0,0,0,0,0,0,0,0
`05,`060,District - Dehradun,`52,`521,`5210,Warehousing and storage,2,2,0,2,2,0,0,0,0,0,0,0,0,0,0,0,0,0
`05,`060,District - Dehradun,`52,`522,`0000,Support activities for transportation,32,30,2,22,22,0,10,8,2,0,0,0,0,0,0,0,0,0
`05,`060,District - Dehradun,`52,`522,`5221,Service activities incidental to land transportation,10,8,2,4,4,0,6,4,2,0,0,0,0,0,0,0,0,0
`05,`060,District - Dehradun,`52,`522,`5223,Service activities incidental to air transportation,2,2,0,2,2,0,0,0,0,0,0,0,0,0,0,0,0,0
`05,`060,District - Dehradun,`52,`522,`5229,Other transportation support activities,20,20,0,16,16,0,4,4,0,0,0,0,0,0,0,0,0,0
`05,`060,District - Dehradun,`53,`000,`0000,Postal and courier activities,150,138,12,124,116,8,26,22,4,8,8,0,8,8,0,0,0,0
`05,`060,District - Dehradun,`53,`531,`0000,Postal activities,144,136,8,118,114,4,26,22,4,6,6,0,6,6,0,0,0,0
`05,`060,District - Dehradun,`53,`531,`5310,Postal activities,144,136,8,118,114,4,26,22,4,6,6,0,6,6,0,0,0,0
`05,`060,District - Dehradun,`53,`532,`0000,Courier activities,6,2,4,6,2,4,0,0,0,2,2,0,2,2,0,0,0,0
`05,`060,District - Dehradun,`53,`532,`5320,Courier activities,6,2,4,6,2,4,0,0,0,2,2,0,2,2,0,0,0,0
`05,`060,District - Dehradun,`55,`000,`0000,Accommodation,86,74,12,48,42,6,38,32,6,4,4,0,4,4,0,0,0,0
`05,`060,District - Dehradun,`55,`551,`0000,Short term accommodation activities,86,74,12,48,42,6,38,32,6,4,4,0,4,4,0,0,0,0
`05,`060,District - Dehradun,`55,`551,`5510,Short term accommodation activities,86,74,12,48,42,6,38,32,6,4,4,0,4,4,0,0,0,0
`05,`060,District - Dehradun,`56,`000,`0000,Food and beverage service activities,42,38,4,30,26,4,12,12,0,6,6,0,6,6,0,0,0,0
`05,`060,District - Dehradun,`56,`562,`0000,Event catering and other food service activities,6,6,0,0,0,0,6,6,0,6,6,0,6,6,0,0,0,0
`05,`060,District - Dehradun,`56,`562,`5621,Event catering,6,6,0,0,0,0,6,6,0,6,6,0,6,6,0,0,0,0
`05,`060,District - Dehradun,`56,`563,`0000,Beverage serving activities,36,32,4,30,26,4,6,6,0,0,0,0,0,0,0,0,0,0
`05,`060,District - Dehradun,`56,`563,`5630,Beverage serving activities,36,32,4,30,26,4,6,6,0,0,0,0,0,0,0,0,0,0
`05,`060,District - Dehradun,`58,`000,`0000,Publishing activities,2,2,0,2,2,0,0,0,0,0,0,0,0,0,0,0,0,0
`05,`060,District - Dehradun,`58,`581,`0000,"Publishing of books, periodicals and other publishing activities",2,2,0,2,2,0,0,0,0,0,0,0,0,0,0,0,0,0
`05,`060,District - Dehradun,`58,`581,`5813,"Publishing of newspapers, journals and periodicals",2,2,0,2,2,0,0,0,0,0,0,0,0,0,0,0,0,0
`05,`060,District - Dehradun,`59,`000,`0000,"Motion picture, video and television programme production, sound recording",2,2,0,0,0,0,2,2,0,0,0,0,0,0,0,0,0,0
`05,`060,District - Dehradun,`59,`591,`0000,"Motion picture, video and television programme activities",2,2,0,0,0,0,2,2,0,0,0,0,0,0,0,0,0,0
`05,`060,District - Dehradun,`59,`591,`5912,"Motion picture, video and television programme post-production",2,2,0,0,0,0,2,2,0,0,0,0,0,0,0,0,0,0
`05,`060,District - Dehradun,`60,`000,`0000,Broadcasting and programming activities,2,2,0,2,2,0,0,0,0,0,0,0,0,0,0,0,0,0
`05,`060,District - Dehradun,`60,`601,`0000,Radio broadcasting,2,2,0,2,2,0,0,0,0,0,0,0,0,0,0,0,0,0
`05,`060,District - Dehradun,`60,`601,`6010,Radio broadcasting,2,2,0,2,2,0,0,0,0,0,0,0,0,0,0,0,0,0
`05,`060,District - Dehradun,`61,`000,`0000,Telecommunications,32,32,0,20,20,0,12,12,0,0,0,0,0,0,0,0,0,0
`05,`060,District - Dehradun,`61,`611,`0000,Wired telecommunications activities,8,8,0,6,6,0,2,2,0,0,0,0,0,0,0,0,0,0
`05,`060,District - Dehradun,`61,`611,`6110,Wired telecommunications activities,8,8,0,6,6,0,2,2,0,0,0,0,0,0,0,0,0,0
`05,`060,District - Dehradun,`61,`612,`0000,Wireless telecommunications activities,2,2,0,2,2,0,0,0,0,0,0,0,0,0,0,0,0,0
`05,`060,District - Dehradun,`61,`612,`6120,Wireless telecommunications activities,2,2,0,2,2,0,0,0,0,0,0,0,0,0,0,0,0,0
`05,`060,District - Dehradun,`61,`619,`0000,Other telecommunications activities,22,22,0,12,12,0,10,10,0,0,0,0,0,0,0,0,0,0
`05,`060,District - Dehradun,`61,`619,`6190,Other telecommunications activities,22,22,0,12,12,0,10,10,0,0,0,0,0,0,0,0,0,0
`05,`060,District - Dehradun,`62,`000,`0000,"Computer programming, consultancy and related activities",4,4,0,2,2,0,2,2,0,0,0,0,0,0,0,0,0,0
`05,`060,District - Dehradun,`62,`620,`0000,"Computer programming, consultancy and related activities",4,4,0,2,2,0,2,2,0,0,0,0,0,0,0,0,0,0
`05,`060,District - Dehradun,`62,`620,`6202,Computer consultancy and computer facilities management activities,2,2,0,0,0,0,2,2,0,0,0,0,0,0,0,0,0,0
`05,`060,District - Dehradun,`62,`620,`6209,Other information technology and computer service activities,2,2,0,2,2,0,0,0,0,0,0,0,0,0,0,0,0,0
`05,`060,District - Dehradun,`63,`000,`0000,Information service activities,22,18,4,16,14,2,6,4,2,2,2,0,2,2,0,0,0,0
`05,`060,District - Dehradun,`63,`639,`0000,Other information service activities,22,18,4,16,14,2,6,4,2,2,2,0,2,2,0,0,0,0
`05,`060,District - Dehradun,`63,`639,`6391,News agency activities,0,0,0,0,0,0,0,0,0,2,2,0,2,2,0,0,0,0
`05,`060,District - Dehradun,`63,`639,`6399,Other information service activities n.e.c.,22,18,4,16,14,2,6,4,2,0,0,0,0,0,0,0,0,0
`05,`060,District - Dehradun,`64,`000,`0000,"Financial service activities, except insurance and pension funding",284,262,22,122,106,16,162,156,6,6,6,0,4,4,0,2,2,0
`05,`060,District - Dehradun,`64,`641,`0000,Monetary intermediation,280,258,22,120,104,16,160,154,6,6,6,0,4,4,0,2,2,0
`05,`060,District - Dehradun,`64,`641,`6411,Central banking,276,254,22,120,104,16,156,150,6,6,6,0,4,4,0,2,2,0
`05,`060,District - Dehradun,`64,`641,`6419,Other monetary intermediation,4,4,0,0,0,0,4,4,0,0,0,0,0,0,0,0,0,0
`05,`060,District - Dehradun,`64,`649,`0000,"Other financial service activities, except insurance and pension funding",4,4,0,2,2,0,2,2,0,0,0,0,0,0,0,0,0,0
`05,`060,District - Dehradun,`64,`649,`6499,"Other financial service activities, except insurance and pension funding",4,4,0,2,2,0,2,2,0,0,0,0,0,0,0,0,0,0
`05,`060,District - Dehradun,`65,`000,`0000,"Insurance, reinsurance and pension funding, except compulsory social",70,62,8,36,32,4,34,30,4,8,8,0,6,6,0,2,2,0
`05,`060,District - Dehradun,`65,`651,`0000,Insurance,68,60,8,36,32,4,32,28,4,8,8,0,6,6,0,2,2,0
`05,`060,District - Dehradun,`65,`651,`6511,Life insurance,66,58,8,36,32,4,30,26,4,8,8,0,6,6,0,2,2,0
`05,`060,District - Dehradun,`65,`651,`6512,Non-life insurance,2,2,0,0,0,0,2,2,0,0,0,0,0,0,0,0,0,0
`05,`060,District - Dehradun,`65,`653,`0000,Pension funding,2,2,0,0,0,0,2,2,0,0,0,0,0,0,0,0,0,0
`05,`060,District - Dehradun,`65,`653,`6530,Pension funding,2,2,0,0,0,0,2,2,0,0,0,0,0,0,0,0,0,0
`05,`060,District - Dehradun,`66,`000,`0000,Other financial activities,4,2,2,0,0,0,4,2,2,0,0,0,0,0,0,0,0,0
`05,`060,District - Dehradun,`66,`661,`0000,"Activities auxiliary to financial service activities, except insurance and",2,0,2,0,0,0,2,0,2,0,0,0,0,0,0,0,0,0
`05,`060,District - Dehradun,`66,`661,`6612,Security and commodity contracts brokerage,2,0,2,0,0,0,2,0,2,0,0,0,0,0,0,0,0,0
`05,`060,District - Dehradun,`66,`662,`0000,Activities auxiliary to insurance and pension funding,2,2,0,0,0,0,2,2,0,0,0,0,0,0,0,0,0,0
`05,`060,District - Dehradun,`66,`662,`6629,Other activities auxiliary to insurance and pension funding,2,2,0,0,0,0,2,2,0,0,0,0,0,0,0,0,0,0
`05,`060,District - Dehradun,`68,`000,`0000,Real estate activities,12,12,0,2,2,0,10,10,0,2,2,0,2,2,0,0,0,0
`05,`060,District - Dehradun,`68,`681,`0000,Real estate activities with own or leased property,8,8,0,0,0,0,8,8,0,2,2,0,2,2,0,0,0,0
`05,`060,District - Dehradun,`68,`681,`6810,Real estate activities with own or leased property,8,8,0,0,0,0,8,8,0,2,2,0,2,2,0,0,0,0
`05,`060,District - Dehradun,`68,`682,`0000,Real estate activities on a fee or contract basis,4,4,0,2,2,0,2,2,0,0,0,0,0,0,0,0,0,0
`05,`060,District - Dehradun,`68,`682,`6820,Real estate activities on a fee or contract basis,4,4,0,2,2,0,2,2,0,0,0,0,0,0,0,0,0,0
`05,`060,District - Dehradun,`69,`000,`0000,Legal and accounting activities,18,16,2,6,6,0,12,10,2,0,0,0,0,0,0,0,0,0
`05,`060,District - Dehradun,`69,`691,`0000,Legal activities,18,16,2,6,6,0,12,10,2,0,0,0,0,0,0,0,0,0
`05,`060,District - Dehradun,`69,`691,`6910,Legal activities,18,16,2,6,6,0,12,10,2,0,0,0,0,0,0,0,0,0
`05,`060,District - Dehradun,`70,`000,`0000,Activities of head offices; management consultancy activities,78,70,8,16,16,0,62,54,8,2,0,2,0,0,0,2,0,2
`05,`060,District - Dehradun,`70,`701,`0000,Activities of head offices,78,70,8,16,16,0,62,54,8,2,0,2,0,0,0,2,0,2
`05,`060,District - Dehradun,`70,`701,`7010,Activities of head offices,78,70,8,16,16,0,62,54,8,2,0,2,0,0,0,2,0,2
`05,`060,District - Dehradun,`71,`000,`0000,Architecture and engineering activities; technical testing and analysis,4,4,0,2,2,0,2,2,0,2,2,0,0,0,0,2,2,0
`05,`060,District - Dehradun,`71,`711,`0000,Architectural and engineering activities and related technical consultancy,4,4,0,2,2,0,2,2,0,2,2,0,0,0,0,2,2,0
`05,`060,District - Dehradun,`71,`711,`7110,Architectural and engineering activities and related technical,4,4,0,2,2,0,2,2,0,2,2,0,0,0,0,2,2,0
`05,`060,District - Dehradun,`72,`000,`0000,Scientific research and development,2,2,0,2,2,0,0,0,0,0,0,0,0,0,0,0,0,0
`05,`060,District - Dehradun,`72,`721,`0000,Research and experimental development on natural sciences and,2,2,0,2,2,0,0,0,0,0,0,0,0,0,0,0,0,0
`05,`060,District - Dehradun,`72,`721,`7210,Research and experimental development on natural sciences and,2,2,0,2,2,0,0,0,0,0,0,0,0,0,0,0,0,0
`05,`060,District - Dehradun,`73,`000,`0000,Advertising and market research,4,4,0,0,0,0,4,4,0,0,0,0,0,0,0,0,0,0
`05,`060,District - Dehradun,`73,`731,`0000,Advertising,2,2,0,0,0,0,2,2,0,0,0,0,0,0,0,0,0,0
`05,`060,District - Dehradun,`73,`731,`7310,Advertising,2,2,0,0,0,0,2,2,0,0,0,0,0,0,0,0,0,0
`05,`060,District - Dehradun,`73,`732,`0000,Market research and public opinion polling,2,2,0,0,0,0,2,2,0,0,0,0,0,0,0,0,0,0
`05,`060,District - Dehradun,`73,`732,`7320,Market research and public opinion polling,2,2,0,0,0,0,2,2,0,0,0,0,0,0,0,0,0,0
`05,`060,District - Dehradun,`74,`000,`0000,"Other professional, scientific and technical activities",16,16,0,10,10,0,6,6,0,0,0,0,0,0,0,0,0,0
`05,`060,District - Dehradun,`74,`742,`0000,Photographic activities,12,12,0,8,8,0,4,4,0,0,0,0,0,0,0,0,0,0
`05,`060,District - Dehradun,`74,`742,`7420,Photographic activities,12,12,0,8,8,0,4,4,0,0,0,0,0,0,0,0,0,0
`05,`060,District - Dehradun,`74,`749,`0000,"Other professional, scientific and technical activities n.e.c.",4,4,0,2,2,0,2,2,0,0,0,0,0,0,0,0,0,0
`05,`060,District - Dehradun,`74,`749,`7490,"Other professional, scientific and technical activities n.e.c.",4,4,0,2,2,0,2,2,0,0,0,0,0,0,0,0,0,0
`05,`060,District - Dehradun,`75,`000,`0000,Veterinary activities,20,20,0,16,16,0,4,4,0,0,0,0,0,0,0,0,0,0
`05,`060,District - Dehradun,`75,`750,`0000,Veterinary activities,20,20,0,16,16,0,4,4,0,0,0,0,0,0,0,0,0,0
`05,`060,District - Dehradun,`75,`750,`7500,Veterinary activities,20,20,0,16,16,0,4,4,0,0,0,0,0,0,0,0,0,0
`05,`060,District - Dehradun,`77,`000,`0000,Rental and leasing activities,2,2,0,0,0,0,2,2,0,4,4,0,4,4,0,0,0,0
`05,`060,District - Dehradun,`77,`772,`0000,Renting and leasing of personal and household goods,2,2,0,0,0,0,2,2,0,4,4,0,4,4,0,0,0,0
`05,`060,District - Dehradun,`77,`772,`7729,Renting and leasing of other personal and household goods n.e.c.,2,2,0,0,0,0,2,2,0,4,4,0,4,4,0,0,0,0
`05,`060,District - Dehradun,`78,`000,`0000,Employment activities,4,4,0,2,2,0,2,2,0,0,0,0,0,0,0,0,0,0
`05,`060,District - Dehradun,`78,`781,`0000,Activities of employment placement agencies,4,4,0,2,2,0,2,2,0,0,0,0,0,0,0,0,0,0
`05,`060,District - Dehradun,`78,`781,`7810,Activities of employment placement agencies,4,4,0,2,2,0,2,2,0,0,0,0,0,0,0,0,0,0
`05,`060,District - Dehradun,`79,`000,`0000,"Travel agency, tour operator and other reservation service activities",4,2,2,2,0,2,2,2,0,0,0,0,0,0,0,0,0,0
`05,`060,District - Dehradun,`79,`791,`0000,Travel agency and tour operator activities,4,2,2,2,0,2,2,2,0,0,0,0,0,0,0,0,0,0
`05,`060,District - Dehradun,`79,`791,`7911,Travel agency activities,4,2,2,2,0,2,2,2,0,0,0,0,0,0,0,0,0,0
`05,`060,District - Dehradun,`81,`000,`0000,Services to buildings and landscape activities,2,2,0,0,0,0,2,2,0,0,0,0,0,0,0,0,0,0
`05,`060,District - Dehradun,`81,`812,`0000,Cleaning activities,2,2,0,0,0,0,2,2,0,0,0,0,0,0,0,0,0,0
`05,`060,District - Dehradun,`81,`812,`8121,General cleaning of buildings,2,2,0,0,0,0,2,2,0,0,0,0,0,0,0,0,0,0
`05,`060,District - Dehradun,`82,`000,`0000,"Office administrative, office support and other business support activities",432,400,32,272,250,22,160,150,10,58,50,8,36,30,6,22,20,2
`05,`060,District - Dehradun,`82,`821,`0000,Office administrative and support activities,6,4,2,4,4,0,2,0,2,0,0,0,0,0,0,0,0,0
`05,`060,District - Dehradun,`82,`821,`8219,"Photocopying, document preparation and other specialized office",6,4,2,4,4,0,2,0,2,0,0,0,0,0,0,0,0,0
`05,`060,District - Dehradun,`82,`822,`0000,Activities of call centres,10,4,6,8,2,6,2,2,0,2,2,0,2,2,0,0,0,0
`05,`060,District - Dehradun,`82,`822,`8220,Activities of call centres,10,4,6,8,2,6,2,2,0,2,2,0,2,2,0,0,0,0
`05,`060,District - Dehradun,`82,`829,`0000,Business support service activities n.e.c.,416,392,24,260,244,16,156,148,8,56,48,8,34,28,6,22,20,2
`05,`060,District - Dehradun,`82,`829,`8291,Activities of collection agencies and credit bureaus,2,2,0,2,2,0,0,0,0,0,0,0,0,0,0,0,0,0
`05,`060,District - Dehradun,`82,`829,`8292,Packaging activities,2,0,2,2,0,2,0,0,0,0,0,0,0,0,0,0,0,0
`05,`060,District - Dehradun,`82,`829,`8299,Other business support service activities n.e.c.,412,390,22,256,242,14,156,148,8,56,48,8,34,28,6,22,20,2
`05,`060,District - Dehradun,`84,`000,`0000,Public administration and defence; compulsory social security,1970,1810,160,1204,1108,96,766,702,64,54,40,14,38,28,10,16,12,4
`05,`060,District - Dehradun,`84,`841,`0000,Administration of the State and the economic and social policy of the,1470,1324,146,914,824,90,556,500,56,42,34,8,34,26,8,8,8,0
`05,`060,District - Dehradun,`84,`841,`8411,General public administration activities,1470,1324,146,914,824,90,556,500,56,42,34,8,34,26,8,8,8,0
`05,`060,District - Dehradun,`84,`842,`0000,Provision of services to the community as a whole,496,482,14,286,280,6,210,202,8,12,6,6,4,2,2,8,4,4
`05,`060,District - Dehradun,`84,`842,`8422,Defence activities,350,340,10,186,184,2,164,156,8,12,6,6,4,2,2,8,4,4
`05,`060,District - Dehradun,`84,`842,`8423,Public order and safety activities,146,142,4,100,96,4,46,46,0,0,0,0,0,0,0,0,0,0
`05,`060,District - Dehradun,`84,`843,`0000,Compulsory social security activities,4,4,0,4,4,0,0,0,0,0,0,0,0,0,0,0,0,0
`05,`060,District - Dehradun,`84,`843,`8430,Compulsory social security activities,4,4,0,4,4,0,0,0,0,0,0,0,0,0,0,0,0,0
`05,`060,District - Dehradun,`85,`000,`0000,Education,992,452,540,782,340,442,210,112,98,62,22,40,54,22,32,8,0,8
`05,`060,District - Dehradun,`85,`851,`0000,Primary education,638,252,386,548,218,330,90,34,56,28,12,16,26,12,14,2,0,2
`05,`060,District - Dehradun,`85,`851,`8510,Primary education,638,252,386,548,218,330,90,34,56,28,12,16,26,12,14,2,0,2
`05,`060,District - Dehradun,`85,`852,`0000,Secondary education,206,98,108,158,74,84,48,24,24,12,2,10,12,2,10,0,0,0
`05,`060,District - Dehradun,`85,`852,`8521,General secondary education,204,96,108,158,74,84,46,22,24,12,2,10,12,2,10,0,0,0
`05,`060,District - Dehradun,`85,`852,`8522,Technical and vocational secondary education,2,2,0,0,0,0,2,2,0,0,0,0,0,0,0,0,0,0
`05,`060,District - Dehradun,`85,`853,`0000,Higher education,60,46,14,28,24,4,32,22,10,0,0,0,0,0,0,0,0,0
`05,`060,District - Dehradun,`85,`853,`8530,Higher education,60,46,14,28,24,4,32,22,10,0,0,0,0,0,0,0,0,0
`05,`060,District - Dehradun,`85,`854,`0000,Other education,56,42,14,26,18,8,30,24,6,18,8,10,14,8,6,4,0,4
`05,`060,District - Dehradun,`85,`854,`8549,Other education n.e.c.,56,42,14,26,18,8,30,24,6,18,8,10,14,8,6,4,0,4
`05,`060,District - Dehradun,`85,`855,`0000,Educational support services,32,14,18,22,6,16,10,8,2,4,0,4,2,0,2,2,0,2
`05,`060,District - Dehradun,`85,`855,`8550,Educational support services,32,14,18,22,6,16,10,8,2,4,0,4,2,0,2,2,0,2
`05,`060,District - Dehradun,`86,`000,`0000,Human health activities,288,102,186,206,62,144,82,40,42,22,4,18,20,2,18,2,2,0
`05,`060,District - Dehradun,`86,`861,`0000,Hospital activities,74,40,34,36,22,14,38,18,20,2,2,0,0,0,0,2,2,0
`05,`060,District - Dehradun,`86,`861,`8610,Hospital activities,74,40,34,36,22,14,38,18,20,2,2,0,0,0,0,2,2,0
`05,`060,District - Dehradun,`86,`862,`0000,Medical and dental practice activities,10,8,2,8,6,2,2,2,0,0,0,0,0,0,0,0,0,0
`05,`060,District - Dehradun,`86,`862,`8620,Medical and dental practice activities,10,8,2,8,6,2,2,2,0,0,0,0,0,0,0,0,0,0
`05,`060,District - Dehradun,`86,`869,`0000,Other human health activities,204,54,150,162,34,128,42,20,22,20,2,18,20,2,18,0,0,0
`05,`060,District - Dehradun,`86,`869,`8690,Other human health activities,204,54,150,162,34,128,42,20,22,20,2,18,20,2,18,0,0,0
`05,`060,District - Dehradun,`88,`000,`0000,Social work activities without accommodation,140,10,130,120,6,114,20,4,16,12,0,12,12,0,12,0,0,0
`05,`060,District - Dehradun,`88,`889,`0000,Other social work activities without accommodation n.e.c.,140,10,130,120,6,114,20,4,16,12,0,12,12,0,12,0,0,0
`05,`060,District - Dehradun,`88,`889,`8890,Other social work activities without accommodation n.e.c.,140,10,130,120,6,114,20,4,16,12,0,12,12,0,12,0,0,0
`05,`060,District - Dehradun,`90,`000,`0000,"Creative, arts and entertainment activities",6,6,0,2,2,0,4,4,0,2,2,0,2,2,0,0,0,0
`05,`060,District - Dehradun,`90,`900,`0000,"Creative, arts and entertainment activities",6,6,0,2,2,0,4,4,0,2,2,0,2,2,0,0,0,0
`05,`060,District - Dehradun,`90,`900,`9000,"Dramatic arts, music and other arts activities",6,6,0,2,2,0,4,4,0,2,2,0,2,2,0,0,0,0
`05,`060,District - Dehradun,`93,`000,`0000,Sports activities and amusement and recreation activities,6,6,0,2,2,0,4,4,0,0,0,0,0,0,0,0,0,0
`05,`060,District - Dehradun,`93,`931,`0000,Sports activities,2,2,0,0,0,0,2,2,0,0,0,0,0,0,0,0,0,0
`05,`060,District - Dehradun,`93,`931,`9312,Activities of sports clubs,2,2,0,0,0,0,2,2,0,0,0,0,0,0,0,0,0,0
`05,`060,District - Dehradun,`93,`932,`0000,Other amusement and recreation activities,4,4,0,2,2,0,2,2,0,0,0,0,0,0,0,0,0,0
`05,`060,District - Dehradun,`93,`932,`9329,Other amusement and recreation activities n.e.c.,4,4,0,2,2,0,2,2,0,0,0,0,0,0,0,0,0,0
`05,`060,District - Dehradun,`94,`000,`0000,Activities of membership organizations,128,86,42,114,76,38,14,10,4,12,10,2,12,10,2,0,0,0
`05,`060,District - Dehradun,`94,`941,`0000,"Activities of business, employers and professional membership",8,2,6,8,2,6,0,0,0,0,0,0,0,0,0,0,0,0
`05,`060,District - Dehradun,`94,`941,`9411,Activities of business and employers membership organizations,8,2,6,8,2,6,0,0,0,0,0,0,0,0,0,0,0,0
`05,`060,District - Dehradun,`94,`942,`0000,Activities of trade unions,6,4,2,6,4,2,0,0,0,0,0,0,0,0,0,0,0,0
`05,`060,District - Dehradun,`94,`942,`9420,Activities of trade unions,6,4,2,6,4,2,0,0,0,0,0,0,0,0,0,0,0,0
`05,`060,District - Dehradun,`94,`949,`0000,Activities of other membership organizations,114,80,34,100,70,30,14,10,4,12,10,2,12,10,2,0,0,0
`05,`060,District - Dehradun,`94,`949,`9491,Activities of religious organizations,48,42,6,40,36,4,8,6,2,10,10,0,10,10,0,0,0,0
`05,`060,District - Dehradun,`94,`949,`9492,Activities of political organizations,54,30,24,50,28,22,4,2,2,2,0,2,2,0,2,0,0,0
`05,`060,District - Dehradun,`94,`949,`9499,Activities of other membership organizations n.e.c.,12,8,4,10,6,4,2,2,0,0,0,0,0,0,0,0,0,0
`05,`060,District - Dehradun,`95,`000,`0000,Repair of computers and personal and household goods,76,74,2,50,48,2,26,26,0,18,14,4,10,6,4,8,8,0
`05,`060,District - Dehradun,`95,`951,`0000,Repair of computers and communication equipment,2,2,0,2,2,0,0,0,0,2,2,0,0,0,0,2,2,0
`05,`060,District - Dehradun,`95,`951,`9512,Repair of communication equipment,2,2,0,2,2,0,0,0,0,2,2,0,0,0,0,2,2,0
`05,`060,District - Dehradun,`95,`952,`0000,Repair of personal and household goods,74,72,2,48,46,2,26,26,0,16,12,4,10,6,4,6,6,0
`05,`060,District - Dehradun,`95,`952,`9521,Repair of consumer electronics,12,10,2,10,8,2,2,2,0,4,2,2,4,2,2,0,0,0
`05,`060,District - Dehradun,`95,`952,`9522,Repair of household appliances and home and garden equipment,16,16,0,16,16,0,0,0,0,8,6,2,4,2,2,4,4,0
`05,`060,District - Dehradun,`95,`952,`9523,Repair of footwear and leather goods,14,14,0,0,0,0,14,14,0,0,0,0,0,0,0,0,0,0
`05,`060,District - Dehradun,`95,`952,`9529,"Repair of personal and household goods, n.e.c.",32,32,0,22,22,0,10,10,0,4,4,0,2,2,0,2,2,0
`05,`060,District - Dehradun,`96,`000,`0000,Other personal service activities,28,20,8,8,4,4,20,16,4,0,0,0,0,0,0,0,0,0
`05,`060,District - Dehradun,`96,`960,`0000,Other personal service activities,28,20,8,8,4,4,20,16,4,0,0,0,0,0,0,0,0,0
`05,`060,District - Dehradun,`96,`960,`9601,Washing and (dry-) cleaning of textile and fur products,2,2,0,0,0,0,2,2,0,0,0,0,0,0,0,0,0,0
`05,`060,District - Dehradun,`96,`960,`9602,Hairdressing and other beauty treatment,20,12,8,4,0,4,16,12,4,0,0,0,0,0,0,0,0,0
`05,`060,District - Dehradun,`96,`960,`9609,Other personal service activities n.e.c.,6,6,0,4,4,0,2,2,0,0,0,0,0,0,0,0,0,0
`05,`060,District - Dehradun,`97,`000,`0000,Activities of households as employers of domestic personnel,58,26,32,32,12,20,26,14,12,16,6,10,14,4,10,2,2,0
`05,`060,District - Dehradun,`97,`970,`0000,Activities of households as employers of domestic personnel,58,26,32,32,12,20,26,14,12,16,6,10,14,4,10,2,2,0
`05,`060,District - Dehradun,`97,`970,`9700,Activities of households as employers of domestic personnel,58,26,32,32,12,20,26,14,12,16,6,10,14,4,10,2,2,0
`05,`060,District - Dehradun,`99,`000,`0000,Activities of extraterritorial organizations and bodies,716,358,358,636,318,318,80,40,40,648,264,384,502,200,302,146,64,82
`05,`060,District - Dehradun,`99,`990,`0000,Activities of extraterritorial organizations and bodies,2,2,0,2,2,0,0,0,0,0,0,0,0,0,0,0,0,0
`05,`060,District - Dehradun,`99,`990,`9900,Activities of extraterritorial organizations and bodies,2,2,0,2,2,0,0,0,0,0,0,0,0,0,0,0,0,0
`05,`060,District - Dehradun,`99,`991,`0000,Blank etc.,408,244,164,358,220,138,50,24,26,358,176,182,244,124,120,114,52,62
`05,`060,District - Dehradun,`99,`991,`9910,Blank etc.,408,244,164,358,220,138,50,24,26,358,176,182,244,124,120,114,52,62
`05,`060,District - Dehradun,`99,`992,`0000,Incomplete description/ Wrongly Classifed,306,112,194,276,96,180,30,16,14,290,88,202,258,76,182,32,12,20
`05,`060,District - Dehradun,`99,`992,`9920,Incomplete description/ Wrongly Classifed,306,112,194,276,96,180,30,16,14,290,88,202,258,76,182,32,12,20
`05,`061,District - Garhwal,`00,`000,`0000,Total,288,250,38,188,162,26,100,88,12,100,88,12,100,88,12,0,0,0
`05,`061,District - Garhwal,`01,`000,`0000,"Crop and animal production, hunting and related service activities",2,2,0,2,2,0,0,0,0,2,2,0,2,2,0,0,0,0
`05,`061,District - Garhwal,`01,`011,`0000,Growing of non-perennial crops,2,2,0,2,2,0,0,0,0,0,0,0,0,0,0,0,0,0
`05,`061,District - Garhwal,`01,`011,`0119,Growing of other non-perennial crop,2,2,0,2,2,0,0,0,0,0,0,0,0,0,0,0,0,0
`05,`061,District - Garhwal,`01,`014,`0000,Animal production,0,0,0,0,0,0,0,0,0,2,2,0,2,2,0,0,0,0
`05,`061,District - Garhwal,`01,`014,`0144,Raising of sheep and goats,0,0,0,0,0,0,0,0,0,2,2,0,2,2,0,0,0,0
`05,`061,District - Garhwal,`02,`000,`0000,Forestry and logging,2,2,0,2,2,0,0,0,0,0,0,0,0,0,0,0,0,0
`05,`061,District - Garhwal,`02,`021,`0000,Silviculture and other forestry activities,2,2,0,2,2,0,0,0,0,0,0,0,0,0,0,0,0,0
`05,`061,District - Garhwal,`02,`021,`0210,Silviculture and other forestry activities,2,2,0,2,2,0,0,0,0,0,0,0,0,0,0,0,0,0
`05,`061,District - Garhwal,`08,`000,`0000,Other mining and quarrying,2,2,0,2,2,0,0,0,0,0,0,0,0,0,0,0,0,0
`05,`061,District - Garhwal,`08,`089,`0000,Mining and quarrying n.e.c.,2,2,0,2,2,0,0,0,0,0,0,0,0,0,0,0,0,0
`05,`061,District - Garhwal,`08,`089,`0899,Other mining and quarrying n.e.c.,2,2,0,2,2,0,0,0,0,0,0,0,0,0,0,0,0,0
`05,`061,District - Garhwal,`10,`000,`0000,Manufacture of food products,2,2,0,2,2,0,0,0,0,0,0,0,0,0,0,0,0,0
`05,`061,District - Garhwal,`10,`107,`0000,Manufacture of other food products,2,2,0,2,2,0,0,0,0,0,0,0,0,0,0,0,0,0
`05,`061,District - Garhwal,`10,`107,`1075,Manufacture of prepared meals and dishes,2,2,0,2,2,0,0,0,0,0,0,0,0,0,0,0,0,0
`05,`061,District - Garhwal,`20,`000,`0000,Manufacture of chemicals and chemical products,2,2,0,2,2,0,0,0,0,0,0,0,0,0,0,0,0,0
`05,`061,District - Garhwal,`20,`202,`0000,Manufacture of other chemical products,2,2,0,2,2,0,0,0,0,0,0,0,0,0,0,0,0,0
`05,`061,District - Garhwal,`20,`202,`2023,"Manufacture of soap and detergents, cleaning and polishing preparations,",2,2,0,2,2,0,0,0,0,0,0,0,0,0,0,0,0,0
`05,`061,District - Garhwal,`24,`000,`0000,Manufacture of basic metals,8,8,0,8,8,0,0,0,0,0,0,0,0,0,0,0,0,0
`05,`061,District - Garhwal,`24,`241,`0000,Manufacture of basic iron and steel,6,6,0,6,6,0,0,0,0,0,0,0,0,0,0,0,0,0
`05,`061,District - Garhwal,`24,`241,`2410,Manufacture of basic iron and steel,6,6,0,6,6,0,0,0,0,0,0,0,0,0,0,0,0,0
`05,`061,District - Garhwal,`24,`243,`0000,Casting of metals,2,2,0,2,2,0,0,0,0,0,0,0,0,0,0,0,0,0
`05,`061,District - Garhwal,`24,`243,`2432,Casting of non-ferrous metals,2,2,0,2,2,0,0,0,0,0,0,0,0,0,0,0,0,0
`05,`061,District - Garhwal,`25,`000,`0000,"Manufacture of fabricated metal products, except machinery and equipment",2,2,0,2,2,0,0,0,0,0,0,0,0,0,0,0,0,0
`05,`061,District - Garhwal,`25,`259,`0000,Manufacture of other fabricated metal products; metalworking service,2,2,0,2,2,0,0,0,0,0,0,0,0,0,0,0,0,0
`05,`061,District - Garhwal,`25,`259,`2599,Manufacture of other fabricated metal products n.e.c.,2,2,0,2,2,0,0,0,0,0,0,0,0,0,0,0,0,0
`05,`061,District - Garhwal,`32,`000,`0000,Other manufacturing,20,18,2,20,18,2,0,0,0,4,4,0,4,4,0,0,0,0
`05,`061,District - Garhwal,`32,`321,`0000,"Manufacture of jewellery, bijouterie and related articles",2,2,0,2,2,0,0,0,0,0,0,0,0,0,0,0,0,0
`05,`061,District - Garhwal,`32,`321,`3212,Manufacture of imitation jewellery and related articles,2,2,0,2,2,0,0,0,0,0,0,0,0,0,0,0,0,0
`05,`061,District - Garhwal,`32,`329,`0000,Other manufacturing n.e.c.,18,16,2,18,16,2,0,0,0,4,4,0,4,4,0,0,0,0
`05,`061,District - Garhwal,`32,`329,`3290,Other manufacturing n.e.c.,18,16,2,18,16,2,0,0,0,4,4,0,4,4,0,0,0,0
`05,`061,District - Garhwal,`35,`000,`0000,"Electricity, gas, steam and air conditioning supply",4,4,0,4,4,0,0,0,0,0,0,0,0,0,0,0,0,0
`05,`061,District - Garhwal,`35,`351,`0000,"Electric power generation, transmission and distribution",4,4,0,4,4,0,0,0,0,0,0,0,0,0,0,0,0,0
`05,`061,District - Garhwal,`35,`351,`3510,"Electric power generation, transmission and distribution",4,4,0,4,4,0,0,0,0,0,0,0,0,0,0,0,0,0
`05,`061,District - Garhwal,`36,`000,`0000,"Water collection, treatment and supply",2,2,0,0,0,0,2,2,0,0,0,0,0,0,0,0,0,0
`05,`061,District - Garhwal,`36,`360,`0000,"Water collection, treatment and supply",2,2,0,0,0,0,2,2,0,0,0,0,0,0,0,0,0,0
`05,`061,District - Garhwal,`36,`360,`3600,"Water collection, treatment and supply",2,2,0,0,0,0,2,2,0,0,0,0,0,0,0,0,0,0
`05,`061,District - Garhwal,`41,`000,`0000,Construction of buildings,4,4,0,4,4,0,0,0,0,44,44,0,44,44,0,0,0,0
`05,`061,District - Garhwal,`41,`410,`0000,Construction of buildings,4,4,0,4,4,0,0,0,0,44,44,0,44,44,0,0,0,0
`05,`061,District - Garhwal,`41,`410,`4100,Construction of buildings,4,4,0,4,4,0,0,0,0,44,44,0,44,44,0,0,0,0
`05,`061,District - Garhwal,`45,`000,`0000,Wholesale and retail trade and repair of motor vehicles and motorcycles,8,8,0,0,0,0,8,8,0,0,0,0,0,0,0,0,0,0
`05,`061,District - Garhwal,`45,`452,`0000,Maintenance and repair of motor vehicles,6,6,0,0,0,0,6,6,0,0,0,0,0,0,0,0,0,0
`05,`061,District - Garhwal,`45,`452,`4520,Maintenance and repair of motor vehicles,6,6,0,0,0,0,6,6,0,0,0,0,0,0,0,0,0,0
`05,`061,District - Garhwal,`45,`454,`0000,"Sale, maintenance and repair of motorcycles and related parts and",2,2,0,0,0,0,2,2,0,0,0,0,0,0,0,0,0,0
`05,`061,District - Garhwal,`45,`454,`4540,"Sale, maintenance and repair of motorcycles and related parts and",2,2,0,0,0,0,2,2,0,0,0,0,0,0,0,0,0,0
`05,`061,District - Garhwal,`47,`000,`0000,"Retail trade, except of motor vehicles and motorcycles",10,4,6,6,4,2,4,0,4,2,2,0,2,2,0,0,0,0
`05,`061,District - Garhwal,`47,`472,`0000,"Retail sale of food, beverages and tobacco in specialized stores",6,4,2,6,4,2,0,0,0,2,2,0,2,2,0,0,0,0
`05,`061,District - Garhwal,`47,`472,`4721,Retail sale of food in specialized stores,6,4,2,6,4,2,0,0,0,2,2,0,2,2,0,0,0,0
`05,`061,District - Garhwal,`47,`477,`0000,Retail sale of other goods in specialized stores,4,0,4,0,0,0,4,0,4,0,0,0,0,0,0,0,0,0
`05,`061,District - Garhwal,`47,`477,`4772,"Retail sale of pharmaceutical and medical goods, cosmetic and toilet",2,0,2,0,0,0,2,0,2,0,0,0,0,0,0,0,0,0
`05,`061,District - Garhwal,`47,`477,`4773,Other retail sale of new goods in specialized stores,2,0,2,0,0,0,2,0,2,0,0,0,0,0,0,0,0,0
`05,`061,District - Garhwal,`49,`000,`0000,Land transport and transport via pipelines,16,16,0,12,12,0,4,4,0,16,16,0,16,16,0,0,0,0
`05,`061,District - Garhwal,`49,`491,`0000,Transport via railways,2,2,0,0,0,0,2,2,0,0,0,0,0,0,0,0,0,0
`05,`061,District - Garhwal,`49,`491,`4912,Freight rail transport,2,2,0,0,0,0,2,2,0,0,0,0,0,0,0,0,0,0
`05,`061,District - Garhwal,`49,`492,`0000,Other land transport,14,14,0,12,12,0,2,2,0,16,16,0,16,16,0,0,0,0
`05,`061,District - Garhwal,`49,`492,`4921,Urban or suburban passenger land transport,4,4,0,4,4,0,0,0,0,4,4,0,4,4,0,0,0,0
`05,`061,District - Garhwal,`49,`492,`4922,Other passenger land transport,8,8,0,6,6,0,2,2,0,12,12,0,12,12,0,0,0,0
`05,`061,District - Garhwal,`49,`492,`4923,Freight transport by road,2,2,0,2,2,0,0,0,0,0,0,0,0,0,0,0,0,0
`05,`061,District - Garhwal,`52,`000,`0000,Warehousing and support activities for transportation,2,2,0,2,2,0,0,0,0,2,2,0,2,2,0,0,0,0
`05,`061,District - Garhwal,`52,`522,`0000,Support activities for transportation,2,2,0,2,2,0,0,0,0,2,2,0,2,2,0,0,0,0
`05,`061,District - Garhwal,`52,`522,`5221,Service activities incidental to land transportation,2,2,0,2,2,0,0,0,0,2,2,0,2,2,0,0,0,0
`05,`061,District - Garhwal,`53,`000,`0000,Postal and courier activities,6,6,0,4,4,0,2,2,0,0,0,0,0,0,0,0,0,0
`05,`061,District - Garhwal,`53,`531,`0000,Postal activities,6,6,0,4,4,0,2,2,0,0,0,0,0,0,0,0,0,0
`05,`061,District - Garhwal,`53,`531,`5310,Postal activities,6,6,0,4,4,0,2,2,0,0,0,0,0,0,0,0,0,0
`05,`061,District - Garhwal,`56,`000,`0000,Food and beverage service activities,0,0,0,0,0,0,0,0,0,2,2,0,2,2,0,0,0,0
`05,`061,District - Garhwal,`56,`562,`0000,Event catering and other food service activities,0,0,0,0,0,0,0,0,0,2,2,0,2,2,0,0,0,0
`05,`061,District - Garhwal,`56,`562,`5621,Event catering,0,0,0,0,0,0,0,0,0,2,2,0,2,2,0,0,0,0
`05,`061,District - Garhwal,`60,`000,`0000,Broadcasting and programming activities,2,2,0,0,0,0,2,2,0,0,0,0,0,0,0,0,0,0
`05,`061,District - Garhwal,`60,`601,`0000,Radio broadcasting,2,2,0,0,0,0,2,2,0,0,0,0,0,0,0,0,0,0
`05,`061,District - Garhwal,`60,`601,`6010,Radio broadcasting,2,2,0,0,0,0,2,2,0,0,0,0,0,0,0,0,0,0
`05,`061,District - Garhwal,`64,`000,`0000,"Financial service activities, except insurance and pension funding",12,10,2,8,6,2,4,4,0,0,0,0,0,0,0,0,0,0
`05,`061,District - Garhwal,`64,`641,`0000,Monetary intermediation,12,10,2,8,6,2,4,4,0,0,0,0,0,0,0,0,0,0
`05,`061,District - Garhwal,`64,`641,`6411,Central banking,12,10,2,8,6,2,4,4,0,0,0,0,0,0,0,0,0,0
`05,`061,District - Garhwal,`65,`000,`0000,"Insurance, reinsurance and pension funding, except compulsory social",2,2,0,0,0,0,2,2,0,0,0,0,0,0,0,0,0,0
`05,`061,District - Garhwal,`65,`651,`0000,Insurance,2,2,0,0,0,0,2,2,0,0,0,0,0,0,0,0,0,0
`05,`061,District - Garhwal,`65,`651,`6511,Life insurance,2,2,0,0,0,0,2,2,0,0,0,0,0,0,0,0,0,0
`05,`061,District - Garhwal,`82,`000,`0000,"Office administrative, office support and other business support activities",2,2,0,2,2,0,0,0,0,2,2,0,2,2,0,0,0,0
`05,`061,District - Garhwal,`82,`829,`0000,Business support service activities n.e.c.,2,2,0,2,2,0,0,0,0,2,2,0,2,2,0,0,0,0
`05,`061,District - Garhwal,`82,`829,`8299,Other business support service activities n.e.c.,2,2,0,2,2,0,0,0,0,2,2,0,2,2,0,0,0,0
`05,`061,District - Garhwal,`84,`000,`0000,Public administration and defence; compulsory social security,98,92,6,36,34,2,62,58,4,10,10,0,10,10,0,0,0,0
`05,`061,District - Garhwal,`84,`841,`0000,Administration of the State and the economic and social policy of the,54,48,6,26,24,2,28,24,4,8,8,0,8,8,0,0,0,0
`05,`061,District - Garhwal,`84,`841,`8411,General public administration activities,54,48,6,26,24,2,28,24,4,8,8,0,8,8,0,0,0,0
`05,`061,District - Garhwal,`84,`842,`0000,Provision of services to the community as a whole,44,44,0,10,10,0,34,34,0,2,2,0,2,2,0,0,0,0
`05,`061,District - Garhwal,`84,`842,`8422,Defence activities,18,18,0,4,4,0,14,14,0,2,2,0,2,2,0,0,0,0
`05,`061,District - Garhwal,`84,`842,`8423,Public order and safety activities,26,26,0,6,6,0,20,20,0,0,0,0,0,0,0,0,0,0
`05,`061,District - Garhwal,`85,`000,`0000,Education,60,48,12,54,44,10,6,4,2,2,0,2,2,0,2,0,0,0
`05,`061,District - Garhwal,`85,`851,`0000,Primary education,34,26,8,30,24,6,4,2,2,2,0,2,2,0,2,0,0,0
`05,`061,District - Garhwal,`85,`851,`8510,Primary education,34,26,8,30,24,6,4,2,2,2,0,2,2,0,2,0,0,0
`05,`061,District - Garhwal,`85,`852,`0000,Secondary education,20,16,4,20,16,4,0,0,0,0,0,0,0,0,0,0,0,0
`05,`061,District - Garhwal,`85,`852,`8521,General secondary education,20,16,4,20,16,4,0,0,0,0,0,0,0,0,0,0,0,0
`05,`061,District - Garhwal,`85,`853,`0000,Higher education,6,6,0,4,4,0,2,2,0,0,0,0,0,0,0,0,0,0
`05,`061,District - Garhwal,`85,`853,`8530,Higher education,6,6,0,4,4,0,2,2,0,0,0,0,0,0,0,0,0,0
`05,`061,District - Garhwal,`86,`000,`0000,Human health activities,16,8,8,12,6,6,4,2,2,0,0,0,0,0,0,0,0,0
`05,`061,District - Garhwal,`86,`861,`0000,Hospital activities,10,6,4,6,4,2,4,2,2,0,0,0,0,0,0,0,0,0
`05,`061,District - Garhwal,`86,`861,`8610,Hospital activities,10,6,4,6,4,2,4,2,2,0,0,0,0,0,0,0,0,0
`05,`061,District - Garhwal,`86,`869,`0000,Other human health activities,6,2,4,6,2,4,0,0,0,0,0,0,0,0,0,0,0,0
`05,`061,District - Garhwal,`86,`869,`8690,Other human health activities,6,2,4,6,2,4,0,0,0,0,0,0,0,0,0,0,0,0
`05,`061,District - Garhwal,`88,`000,`0000,Social work activities without accommodation,2,2,0,2,2,0,0,0,0,0,0,0,0,0,0,0,0,0
`05,`061,District - Garhwal,`88,`889,`0000,Other social work activities without accommodation n.e.c.,2,2,0,2,2,0,0,0,0,0,0,0,0,0,0,0,0,0
`05,`061,District - Garhwal,`88,`889,`8890,Other social work activities without accommodation n.e.c.,2,2,0,2,2,0,0,0,0,0,0,0,0,0,0,0,0,0
`05,`061,District - Garhwal,`90,`000,`0000,"Creative, arts and entertainment activities",0,0,0,0,0,0,0,0,0,2,2,0,2,2,0,0,0,0
`05,`061,District - Garhwal,`90,`900,`0000,"Creative, arts and entertainment activities",0,0,0,0,0,0,0,0,0,2,2,0,2,2,0,0,0,0
`05,`061,District - Garhwal,`90,`900,`9000,"Dramatic arts, music and other arts activities",0,0,0,0,0,0,0,0,0,2,2,0,2,2,0,0,0,0
`05,`061,District - Garhwal,`93,`000,`0000,Sports activities and amusement and recreation activities,0,0,0,0,0,0,0,0,0,2,2,0,2,2,0,0,0,0
`05,`061,District - Garhwal,`93,`932,`0000,Other amusement and recreation activities,0,0,0,0,0,0,0,0,0,2,2,0,2,2,0,0,0,0
`05,`061,District - Garhwal,`93,`932,`9329,Other amusement and recreation activities n.e.c.,0,0,0,0,0,0,0,0,0,2,2,0,2,2,0,0,0,0
`05,`061,District - Garhwal,`99,`000,`0000,Activities of extraterritorial organizations and bodies,2,0,2,2,0,2,0,0,0,10,0,10,10,0,10,0,0,0
`05,`061,District - Garhwal,`99,`991,`0000,Blank etc.,2,0,2,2,0,2,0,0,0,10,0,10,10,0,10,0,0,0
`05,`061,District - Garhwal,`99,`991,`9910,Blank etc.,2,0,2,2,0,2,0,0,0,10,0,10,10,0,10,0,0,0
`05,`062,District - Pithoragarh,`00,`000,`0000,Total,3172,2000,1172,2372,1388,984,800,612,188,1366,476,890,1014,386,628,352,90,262
`05,`062,District - Pithoragarh,`01,`000,`0000,"Crop and animal production, hunting and related service activities",114,100,14,106,92,14,8,8,0,38,22,16,38,22,16,0,0,0
`05,`062,District - Pithoragarh,`01,`011,`0000,Growing of non-perennial crops,8,8,0,4,4,0,4,4,0,0,0,0,0,0,0,0,0,0
`05,`062,District - Pithoragarh,`01,`011,`0111,"Growing of cereals (except rice), leguminous crops and oil seeds",4,4,0,4,4,0,0,0,0,0,0,0,0,0,0,0,0,0
`05,`062,District - Pithoragarh,`01,`011,`0112,Growing of rice,2,2,0,0,0,0,2,2,0,0,0,0,0,0,0,0,0,0
`05,`062,District - Pithoragarh,`01,`011,`0116,Growing of fibre crops,2,2,0,0,0,0,2,2,0,0,0,0,0,0,0,0,0,0
`05,`062,District - Pithoragarh,`01,`012,`0000,Growing of perennial crops,2,2,0,2,2,0,0,0,0,0,0,0,0,0,0,0,0,0
`05,`062,District - Pithoragarh,`01,`012,`0127,Growing of beverage crops,2,2,0,2,2,0,0,0,0,0,0,0,0,0,0,0,0,0
`05,`062,District - Pithoragarh,`01,`014,`0000,Animal production,94,80,14,90,76,14,4,4,0,36,22,14,36,22,14,0,0,0
`05,`062,District - Pithoragarh,`01,`014,`0141,Raising of cattle and buffaloes,18,6,12,16,4,12,2,2,0,22,8,14,22,8,14,0,0,0
`05,`062,District - Pithoragarh,`01,`014,`0144,Raising of sheep and goats,64,62,2,62,60,2,2,2,0,10,10,0,10,10,0,0,0,0
`05,`062,District - Pithoragarh,`01,`014,`0146,Raising of poultry,2,2,0,2,2,0,0,0,0,0,0,0,0,0,0,0,0,0
`05,`062,District - Pithoragarh,`01,`014,`0149,Raising of other animals,10,10,0,10,10,0,0,0,0,4,4,0,4,4,0,0,0,0
`05,`062,District - Pithoragarh,`01,`015,`0000,Mixed farming,6,6,0,6,6,0,0,0,0,0,0,0,0,0,0,0,0,0
`05,`062,District - Pithoragarh,`01,`015,`0150,Mixed farming,6,6,0,6,6,0,0,0,0,0,0,0,0,0,0,0,0,0
`05,`062,District - Pithoragarh,`01,`016,`0000,Support activities to agriculture and post-harvest crop activities,4,4,0,4,4,0,0,0,0,2,0,2,2,0,2,0,0,0
`05,`062,District - Pithoragarh,`01,`016,`0161,Support activities for crop production,2,2,0,2,2,0,0,0,0,0,0,0,0,0,0,0,0,0
`05,`062,District - Pithoragarh,`01,`016,`0163,Post-harvest crop activities,2,2,0,2,2,0,0,0,0,2,0,2,2,0,2,0,0,0
`05,`062,District - Pithoragarh,`02,`000,`0000,Forestry and logging,6,4,2,6,4,2,0,0,0,14,0,14,14,0,14,0,0,0
`05,`062,District - Pithoragarh,`02,`021,`0000,Silviculture and other forestry activities,6,4,2,6,4,2,0,0,0,0,0,0,0,0,0,0,0,0
`05,`062,District - Pithoragarh,`02,`021,`0210,Silviculture and other forestry activities,6,4,2,6,4,2,0,0,0,0,0,0,0,0,0,0,0,0
`05,`062,District - Pithoragarh,`02,`022,`0000,Logging,0,0,0,0,0,0,0,0,0,14,0,14,14,0,14,0,0,0
`05,`062,District - Pithoragarh,`02,`022,`0220,Logging,0,0,0,0,0,0,0,0,0,14,0,14,14,0,14,0,0,0
`05,`062,District - Pithoragarh,`08,`000,`0000,Other mining and quarrying,6,4,2,6,4,2,0,0,0,0,0,0,0,0,0,0,0,0
`05,`062,District - Pithoragarh,`08,`081,`0000,"Quarrying of stone, sand and clay",4,2,2,4,2,2,0,0,0,0,0,0,0,0,0,0,0,0
`05,`062,District - Pithoragarh,`08,`081,`0810,"Quarrying of stone, sand and clay",4,2,2,4,2,2,0,0,0,0,0,0,0,0,0,0,0,0
`05,`062,District - Pithoragarh,`08,`089,`0000,Mining and quarrying n.e.c.,2,2,0,2,2,0,0,0,0,0,0,0,0,0,0,0,0,0
`05,`062,District - Pithoragarh,`08,`089,`0899,Other mining and quarrying n.e.c.,2,2,0,2,2,0,0,0,0,0,0,0,0,0,0,0,0,0
`05,`062,District - Pithoragarh,`10,`000,`0000,Manufacture of food products,62,50,12,58,46,12,4,4,0,22,18,4,22,18,4,0,0,0
`05,`062,District - Pithoragarh,`10,`101,`0000,Processing and preserving of meat,0,0,0,0,0,0,0,0,0,2,2,0,2,2,0,0,0,0
`05,`062,District - Pithoragarh,`10,`101,`1010,Processing and preserving of meat,0,0,0,0,0,0,0,0,0,2,2,0,2,2,0,0,0,0
`05,`062,District - Pithoragarh,`10,`105,`0000,Manufacture of dairy products,16,10,6,16,10,6,0,0,0,10,6,4,10,6,4,0,0,0
`05,`062,District - Pithoragarh,`10,`105,`1050,Manufacture of dairy products,16,10,6,16,10,6,0,0,0,10,6,4,10,6,4,0,0,0
`05,`062,District - Pithoragarh,`10,`106,`0000,"Manufacture of grain mill products, starches and starch products",8,8,0,8,8,0,0,0,0,0,0,0,0,0,0,0,0,0
`05,`062,District - Pithoragarh,`10,`106,`1061,Manufacture of grain mill products,8,8,0,8,8,0,0,0,0,0,0,0,0,0,0,0,0,0
`05,`062,District - Pithoragarh,`10,`107,`0000,Manufacture of other food products,38,32,6,34,28,6,4,4,0,10,10,0,10,10,0,0,0,0
`05,`062,District - Pithoragarh,`10,`107,`1075,Manufacture of prepared meals and dishes,22,18,4,20,16,4,2,2,0,6,6,0,6,6,0,0,0,0
`05,`062,District - Pithoragarh,`10,`107,`1079,Manufacture of other food products n.e.c.,16,14,2,14,12,2,2,2,0,4,4,0,4,4,0,0,0,0
`05,`062,District - Pithoragarh,`13,`000,`0000,Manufacture of textiles,602,122,480,594,120,474,8,2,6,662,58,604,478,50,428,184,8,176
`05,`062,District - Pithoragarh,`13,`131,`0000,"Spinning, weaving and finishing of textiles",230,60,170,226,60,166,4,0,4,294,44,250,242,36,206,52,8,44
`05,`062,District - Pithoragarh,`13,`131,`1311,Preparation and spinning of textile fibres,42,32,10,42,32,10,0,0,0,60,8,52,58,8,50,2,0,2
`05,`062,District - Pithoragarh,`13,`131,`1312,Weaving of textiles,178,28,150,174,28,146,4,0,4,230,36,194,180,28,152,50,8,42
`05,`062,District - Pithoragarh,`13,`131,`1313,Finishing of textiles,10,0,10,10,0,10,0,0,0,4,0,4,4,0,4,0,0,0
`05,`062,District - Pithoragarh,`13,`139,`0000,Manufacture of other textiles,372,62,310,368,60,308,4,2,2,368,14,354,236,14,222,132,0,132
`05,`062,District - Pithoragarh,`13,`139,`1391,Manufacture of knitted and crocheted fabrics,24,6,18,24,6,18,0,0,0,30,0,30,26,0,26,4,0,4
`05,`062,District - Pithoragarh,`13,`139,`1392,"Manufacture of made-up textile articles, except apparel",0,0,0,0,0,0,0,0,0,2,0,2,2,0,2,0,0,0
`05,`062,District - Pithoragarh,`13,`139,`1393,Manufacture of carpets and rugs,348,56,292,344,54,290,4,2,2,334,14,320,208,14,194,126,0,126
`05,`062,District - Pithoragarh,`13,`139,`1399,Manufacture of other textiles n.e.c.,0,0,0,0,0,0,0,0,0,2,0,2,0,0,0,2,0,2
`05,`062,District - Pithoragarh,`14,`000,`0000,Manufacture of wearing apparel,12,10,2,6,6,0,6,4,2,14,0,14,6,0,6,8,0,8
`05,`062,District - Pithoragarh,`14,`141,`0000,"Manufacture of wearing apparel, except fur apparel",12,10,2,6,6,0,6,4,2,12,0,12,4,0,4,8,0,8
`05,`062,District - Pithoragarh,`14,`141,`1410,"Manufacture of wearing apparel, except fur apparel",12,10,2,6,6,0,6,4,2,12,0,12,4,0,4,8,0,8
`05,`062,District - Pithoragarh,`14,`143,`0000,Manufacture of knitted and crocheted apparel,0,0,0,0,0,0,0,0,0,2,0,2,2,0,2,0,0,0
`05,`062,District - Pithoragarh,`14,`143,`1430,Manufacture of knitted and crocheted apparel,0,0,0,0,0,0,0,0,0,2,0,2,2,0,2,0,0,0
`05,`062,District - Pithoragarh,`15,`000,`0000,Manufacture of leather and related products,6,6,0,2,2,0,4,4,0,8,6,2,6,4,2,2,2,0
`05,`062,District - Pithoragarh,`15,`152,`0000,Manufacture of footwear,6,6,0,2,2,0,4,4,0,8,6,2,6,4,2,2,2,0
`05,`062,District - Pithoragarh,`15,`152,`1520,Manufacture of footwear,6,6,0,2,2,0,4,4,0,8,6,2,6,4,2,2,2,0
`05,`062,District - Pithoragarh,`16,`000,`0000,"Manufacture of wood and products of wood and cork, except furniture;",20,12,8,20,12,8,0,0,0,6,6,0,6,6,0,0,0,0
`05,`062,District - Pithoragarh,`16,`161,`0000,Sawmilling and planing of wood,12,8,4,12,8,4,0,0,0,4,4,0,4,4,0,0,0,0
`05,`062,District - Pithoragarh,`16,`161,`1610,Saw milling and planing of wood,12,8,4,12,8,4,0,0,0,4,4,0,4,4,0,0,0,0
`05,`062,District - Pithoragarh,`16,`162,`0000,"Manufacture of products of wood, cork, straw and plaiting materials",8,4,4,8,4,4,0,0,0,2,2,0,2,2,0,0,0,0
`05,`062,District - Pithoragarh,`16,`162,`1623,Manufacture of wooden containers,2,2,0,2,2,0,0,0,0,0,0,0,0,0,0,0,0,0
`05,`062,District - Pithoragarh,`16,`162,`1629,"Manufacture of other products of wood; manufacture of articles of cork,",6,2,4,6,2,4,0,0,0,2,2,0,2,2,0,0,0,0
`05,`062,District - Pithoragarh,`21,`000,`0000,"Manufacture of pharmaceuticals, medicinal chemical and botanical products",0,0,0,0,0,0,0,0,0,2,0,2,2,0,2,0,0,0
`05,`062,District - Pithoragarh,`21,`210,`0000,"Manufacture of pharmaceuticals, medicinal chemical and botanical products",0,0,0,0,0,0,0,0,0,2,0,2,2,0,2,0,0,0
`05,`062,District - Pithoragarh,`21,`210,`2100,"Manufacture of pharmaceuticals, medicinal chemical and botanical",0,0,0,0,0,0,0,0,0,2,0,2,2,0,2,0,0,0
`05,`062,District - Pithoragarh,`30,`000,`0000,Manufacture of other transport equipment,0,0,0,0,0,0,0,0,0,2,2,0,2,2,0,0,0,0
`05,`062,District - Pithoragarh,`30,`309,`0000,Manufacture of transport equipment n.e.c.,0,0,0,0,0,0,0,0,0,2,2,0,2,2,0,0,0,0
`05,`062,District - Pithoragarh,`30,`309,`3099,Manufacture of other transport equipment n.e.c.,0,0,0,0,0,0,0,0,0,2,2,0,2,2,0,0,0,0
`05,`062,District - Pithoragarh,`32,`000,`0000,Other manufacturing,2,0,2,0,0,0,2,0,2,0,0,0,0,0,0,0,0,0
`05,`062,District - Pithoragarh,`32,`329,`0000,Other manufacturing n.e.c.,2,0,2,0,0,0,2,0,2,0,0,0,0,0,0,0,0,0
`05,`062,District - Pithoragarh,`32,`329,`3290,Other manufacturing n.e.c.,2,0,2,0,0,0,2,0,2,0,0,0,0,0,0,0,0,0
`05,`062,District - Pithoragarh,`33,`000,`0000,Repair and installation of machinery and equipment,2,2,0,0,0,0,2,2,0,0,0,0,0,0,0,0,0,0
`05,`062,District - Pithoragarh,`33,`331,`0000,"Repair of fabricated metal products, machinery and equipment",2,2,0,0,0,0,2,2,0,0,0,0,0,0,0,0,0,0
`05,`062,District - Pithoragarh,`33,`331,`3314,Repair of electrical equipment,2,2,0,0,0,0,2,2,0,0,0,0,0,0,0,0,0,0
`05,`062,District - Pithoragarh,`35,`000,`0000,"Electricity, gas, steam and air conditioning supply",66,60,6,60,54,6,6,6,0,2,2,0,2,2,0,0,0,0
`05,`062,District - Pithoragarh,`35,`351,`0000,"Electric power generation, transmission and distribution",60,54,6,54,48,6,6,6,0,2,2,0,2,2,0,0,0,0
`05,`062,District - Pithoragarh,`35,`351,`3510,"Electric power generation, transmission and distribution",60,54,6,54,48,6,6,6,0,2,2,0,2,2,0,0,0,0
`05,`062,District - Pithoragarh,`35,`352,`0000,Manufacture of gas; distribution of gaseous fuels through mains,6,6,0,6,6,0,0,0,0,0,0,0,0,0,0,0,0,0
`05,`062,District - Pithoragarh,`35,`352,`3520,Manufacture of gas; distribution of gaseous fuels through mains,6,6,0,6,6,0,0,0,0,0,0,0,0,0,0,0,0,0
`05,`062,District - Pithoragarh,`36,`000,`0000,"Water collection, treatment and supply",12,10,2,8,8,0,4,2,2,0,0,0,0,0,0,0,0,0
`05,`062,District - Pithoragarh,`36,`360,`0000,"Water collection, treatment and supply",12,10,2,8,8,0,4,2,2,0,0,0,0,0,0,0,0,0
`05,`062,District - Pithoragarh,`36,`360,`3600,"Water collection, treatment and supply",12,10,2,8,8,0,4,2,2,0,0,0,0,0,0,0,0,0
`05,`062,District - Pithoragarh,`41,`000,`0000,Construction of buildings,106,100,6,80,76,4,26,24,2,162,154,8,148,142,6,14,12,2
`05,`062,District - Pithoragarh,`41,`410,`0000,Construction of buildings,106,100,6,80,76,4,26,24,2,162,154,8,148,142,6,14,12,2
`05,`062,District - Pithoragarh,`41,`410,`4100,Construction of buildings,106,100,6,80,76,4,26,24,2,162,154,8,148,142,6,14,12,2
`05,`062,District - Pithoragarh,`42,`000,`0000,Civil engineering,70,70,0,64,64,0,6,6,0,30,30,0,30,30,0,0,0,0
`05,`062,District - Pithoragarh,`42,`421,`0000,Construction of roads and railways,70,70,0,64,64,0,6,6,0,30,30,0,30,30,0,0,0,0
`05,`062,District - Pithoragarh,`42,`421,`4210,Construction roads and railways,70,70,0,64,64,0,6,6,0,30,30,0,30,30,0,0,0,0
`05,`062,District - Pithoragarh,`43,`000,`0000,Specialized construction activities,8,8,0,4,4,0,4,4,0,0,0,0,0,0,0,0,0,0
`05,`062,District - Pithoragarh,`43,`433,`0000,Building completion and finishing,8,8,0,4,4,0,4,4,0,0,0,0,0,0,0,0,0,0
`05,`062,District - Pithoragarh,`43,`433,`4330,Building completion and finishing,8,8,0,4,4,0,4,4,0,0,0,0,0,0,0,0,0,0
`05,`062,District - Pithoragarh,`45,`000,`0000,Wholesale and retail trade and repair of motor vehicles and motorcycles,8,8,0,8,8,0,0,0,0,0,0,0,0,0,0,0,0,0
`05,`062,District - Pithoragarh,`45,`454,`0000,"Sale, maintenance and repair of motorcycles and related parts and",8,8,0,8,8,0,0,0,0,0,0,0,0,0,0,0,0,0
`05,`062,District - Pithoragarh,`45,`454,`4540,"Sale, maintenance and repair of motorcycles and related parts and",8,8,0,8,8,0,0,0,0,0,0,0,0,0,0,0,0,0
`05,`062,District - Pithoragarh,`46,`000,`0000,"Wholesale trade, except of motor vehicles and motorcycles",24,20,4,16,16,0,8,4,4,0,0,0,0,0,0,0,0,0
`05,`062,District - Pithoragarh,`46,`462,`0000,Wholesale of agricultural raw materials and live animals,2,2,0,2,2,0,0,0,0,0,0,0,0,0,0,0,0,0
`05,`062,District - Pithoragarh,`46,`462,`4620,Wholesale of agricultural raw materials and live animals,2,2,0,2,2,0,0,0,0,0,0,0,0,0,0,0,0,0
`05,`062,District - Pithoragarh,`46,`463,`0000,"Wholesale of food, beverages and tobacco",6,6,0,4,4,0,2,2,0,0,0,0,0,0,0,0,0,0
`05,`062,District - Pithoragarh,`46,`463,`4630,"Wholesale of food, beverages and tobacco",6,6,0,4,4,0,2,2,0,0,0,0,0,0,0,0,0,0
`05,`062,District - Pithoragarh,`46,`466,`0000,Other specialized wholesale,6,2,4,2,2,0,4,0,4,0,0,0,0,0,0,0,0,0
`05,`062,District - Pithoragarh,`46,`466,`4661,"Wholesale of solid, liquid and gaseous fuels and related products",4,0,4,0,0,0,4,0,4,0,0,0,0,0,0,0,0,0
`05,`062,District - Pithoragarh,`46,`466,`4669,Wholesale of waste and scrap and other products n.e.c.,2,2,0,2,2,0,0,0,0,0,0,0,0,0,0,0,0,0
`05,`062,District - Pithoragarh,`46,`469,`0000,Non-specialized wholesale trade,10,10,0,8,8,0,2,2,0,0,0,0,0,0,0,0,0,0
`05,`062,District - Pithoragarh,`46,`469,`4690,Non-specialized wholesale trade,10,10,0,8,8,0,2,2,0,0,0,0,0,0,0,0,0,0
`05,`062,District - Pithoragarh,`47,`000,`0000,"Retail trade, except of motor vehicles and motorcycles",512,494,18,284,270,14,228,224,4,112,56,56,70,22,48,42,34,8
`05,`062,District - Pithoragarh,`47,`471,`0000,Retail sale in non-specialized stores,8,8,0,0,0,0,8,8,0,4,4,0,0,0,0,4,4,0
`05,`062,District - Pithoragarh,`47,`471,`4719,Other retail sale in non-specialized stores,8,8,0,0,0,0,8,8,0,4,4,0,0,0,0,4,4,0
`05,`062,District - Pithoragarh,`47,`472,`0000,"Retail sale of food, beverages and tobacco in specialized stores",228,220,8,158,150,8,70,70,0,20,16,4,6,4,2,14,12,2
`05,`062,District - Pithoragarh,`47,`472,`4721,Retail sale of food in specialized stores,226,218,8,156,148,8,70,70,0,20,16,4,6,4,2,14,12,2
`05,`062,District - Pithoragarh,`47,`472,`4722,Retail sale of beverages in specialized stores,2,2,0,2,2,0,0,0,0,0,0,0,0,0,0,0,0,0
`05,`062,District - Pithoragarh,`47,`474,`0000,Retail sale of information and communications equipment in specialized,4,4,0,4,4,0,0,0,0,0,0,0,0,0,0,0,0,0
`05,`062,District - Pithoragarh,`47,`474,`4741,"Retail sale of computers, peripheral units, software and",4,4,0,4,4,0,0,0,0,0,0,0,0,0,0,0,0,0
`05,`062,District - Pithoragarh,`47,`475,`0000,Retail sale of other household equipment in specialized stores,42,42,0,22,22,0,20,20,0,8,6,2,8,6,2,0,0,0
`05,`062,District - Pithoragarh,`47,`475,`4752,"Retail sale of hardware, paints and glass in specialized stores",22,22,0,6,6,0,16,16,0,0,0,0,0,0,0,0,0,0
`05,`062,District - Pithoragarh,`47,`475,`4753,"Retail sale of carpets, rugs, wall and floor coverings in specialized",0,0,0,0,0,0,0,0,0,2,0,2,2,0,2,0,0,0
`05,`062,District - Pithoragarh,`47,`475,`4759,"Retail sale of electrical household appliances, furniture, lighting",20,20,0,16,16,0,4,4,0,6,6,0,6,6,0,0,0,0
`05,`062,District - Pithoragarh,`47,`476,`0000,Retail sale of cultural and recreation goods in specialized stores,12,12,0,8,8,0,4,4,0,2,2,0,0,0,0,2,2,0
`05,`062,District - Pithoragarh,`47,`476,`4761,"Retail sale of books, newspapers and stationary in specialized stores",10,10,0,6,6,0,4,4,0,2,2,0,0,0,0,2,2,0
`05,`062,District - Pithoragarh,`47,`476,`4764,Retail sale of games and toys in specialized stores,2,2,0,2,2,0,0,0,0,0,0,0,0,0,0,0,0,0
`05,`062,District - Pithoragarh,`47,`477,`0000,Retail sale of other goods in specialized stores,112,106,6,54,52,2,58,54,4,62,14,48,48,6,42,14,8,6
`05,`062,District - Pithoragarh,`47,`477,`4771,"Retail sale of clothing, footwear and leather articles in specialized",84,82,2,42,42,0,42,40,2,6,4,2,2,2,0,4,2,2
`05,`062,District - Pithoragarh,`47,`477,`4772,"Retail sale of pharmaceutical and medical goods, cosmetic and toilet",10,6,4,4,2,2,6,4,2,4,4,0,0,0,0,4,4,0
`05,`062,District - Pithoragarh,`47,`477,`4773,Other retail sale of new goods in specialized stores,18,18,0,8,8,0,10,10,0,52,6,46,46,4,42,6,2,4
`05,`062,District - Pithoragarh,`47,`478,`0000,Retail sale via stalls and markets,86,82,4,32,28,4,54,54,0,14,12,2,6,4,2,8,8,0
`05,`062,District - Pithoragarh,`47,`478,`4781,"Retail sale via stalls and markets of food, beverages and tobacco",8,8,0,4,4,0,4,4,0,2,2,0,0,0,0,2,2,0
`05,`062,District - Pithoragarh,`47,`478,`4782,"Retail sale via stalls and markets of textiles, clothing and footwear",30,30,0,10,10,0,20,20,0,2,2,0,0,0,0,2,2,0
`05,`062,District - Pithoragarh,`47,`478,`4789,Retail sale via stalls and markets of other goods,48,44,4,18,14,4,30,30,0,10,8,2,6,4,2,4,4,0
`05,`062,District - Pithoragarh,`47,`479,`0000,"Retail trade not in stores, stalls or markets",20,20,0,6,6,0,14,14,0,2,2,0,2,2,0,0,0,0
`05,`062,District - Pithoragarh,`47,`479,`4799,"Other retail sale not in stores, stalls or markets",20,20,0,6,6,0,14,14,0,2,2,0,2,2,0,0,0,0
`05,`062,District - Pithoragarh,`49,`000,`0000,Land transport and transport via pipelines,78,78,0,52,52,0,26,26,0,22,22,0,18,18,0,4,4,0
`05,`062,District - Pithoragarh,`49,`492,`0000,Other land transport,78,78,0,52,52,0,26,26,0,22,22,0,18,18,0,4,4,0
`05,`062,District - Pithoragarh,`49,`492,`4921,Urban or suburban passenger land transport,14,14,0,4,4,0,10,10,0,4,4,0,4,4,0,0,0,0
`05,`062,District - Pithoragarh,`49,`492,`4922,Other passenger land transport,54,54,0,38,38,0,16,16,0,14,14,0,10,10,0,4,4,0
`05,`062,District - Pithoragarh,`49,`492,`4923,Freight transport by road,10,10,0,10,10,0,0,0,0,4,4,0,4,4,0,0,0,0
`05,`062,District - Pithoragarh,`52,`000,`0000,Warehousing and support activities for transportation,6,6,0,2,2,0,4,4,0,4,2,2,4,2,2,0,0,0
`05,`062,District - Pithoragarh,`52,`521,`0000,Warehousing and storage,2,2,0,2,2,0,0,0,0,0,0,0,0,0,0,0,0,0
`05,`062,District - Pithoragarh,`52,`521,`5210,Warehousing and storage,2,2,0,2,2,0,0,0,0,0,0,0,0,0,0,0,0,0
`05,`062,District - Pithoragarh,`52,`522,`0000,Support activities for transportation,4,4,0,0,0,0,4,4,0,4,2,2,4,2,2,0,0,0
`05,`062,District - Pithoragarh,`52,`522,`5221,Service activities incidental to land transportation,0,0,0,0,0,0,0,0,0,4,2,2,4,2,2,0,0,0
`05,`062,District - Pithoragarh,`52,`522,`5224,Cargo handling,2,2,0,0,0,0,2,2,0,0,0,0,0,0,0,0,0,0
`05,`062,District - Pithoragarh,`52,`522,`5229,Other transportation support activities,2,2,0,0,0,0,2,2,0,0,0,0,0,0,0,0,0,0
`05,`062,District - Pithoragarh,`53,`000,`0000,Postal and courier activities,32,22,10,22,16,6,10,6,4,6,6,0,4,4,0,2,2,0
`05,`062,District - Pithoragarh,`53,`531,`0000,Postal activities,32,22,10,22,16,6,10,6,4,6,6,0,4,4,0,2,2,0
`05,`062,District - Pithoragarh,`53,`531,`5310,Postal activities,32,22,10,22,16,6,10,6,4,6,6,0,4,4,0,2,2,0
`05,`062,District - Pithoragarh,`55,`000,`0000,Accommodation,38,32,6,18,16,2,20,16,4,0,0,0,0,0,0,0,0,0
`05,`062,District - Pithoragarh,`55,`551,`0000,Short term accommodation activities,38,32,6,18,16,2,20,16,4,0,0,0,0,0,0,0,0,0
`05,`062,District - Pithoragarh,`55,`551,`5510,Short term accommodation activities,38,32,6,18,16,2,20,16,4,0,0,0,0,0,0,0,0,0
`05,`062,District - Pithoragarh,`56,`000,`0000,Food and beverage service activities,28,26,2,18,16,2,10,10,0,0,0,0,0,0,0,0,0,0
`05,`062,District - Pithoragarh,`56,`562,`0000,Event catering and other food service activities,4,4,0,2,2,0,2,2,0,0,0,0,0,0,0,0,0,0
`05,`062,District - Pithoragarh,`56,`562,`5621,Event catering,4,4,0,2,2,0,2,2,0,0,0,0,0,0,0,0,0,0
`05,`062,District - Pithoragarh,`56,`563,`0000,Beverage serving activities,24,22,2,16,14,2,8,8,0,0,0,0,0,0,0,0,0,0
`05,`062,District - Pithoragarh,`56,`563,`5630,Beverage serving activities,24,22,2,16,14,2,8,8,0,0,0,0,0,0,0,0,0,0
`05,`062,District - Pithoragarh,`61,`000,`0000,Telecommunications,12,12,0,2,2,0,10,10,0,0,0,0,0,0,0,0,0,0
`05,`062,District - Pithoragarh,`61,`611,`0000,Wired telecommunications activities,4,4,0,0,0,0,4,4,0,0,0,0,0,0,0,0,0,0
`05,`062,District - Pithoragarh,`61,`611,`6110,Wired telecommunications activities,4,4,0,0,0,0,4,4,0,0,0,0,0,0,0,0,0,0
`05,`062,District - Pithoragarh,`61,`619,`0000,Other telecommunications activities,8,8,0,2,2,0,6,6,0,0,0,0,0,0,0,0,0,0
`05,`062,District - Pithoragarh,`61,`619,`6190,Other telecommunications activities,8,8,0,2,2,0,6,6,0,0,0,0,0,0,0,0,0,0
`05,`062,District - Pithoragarh,`63,`000,`0000,Information service activities,10,10,0,4,4,0,6,6,0,0,0,0,0,0,0,0,0,0
`05,`062,District - Pithoragarh,`63,`639,`0000,Other information service activities,10,10,0,4,4,0,6,6,0,0,0,0,0,0,0,0,0,0
`05,`062,District - Pithoragarh,`63,`639,`6399,Other information service activities n.e.c.,10,10,0,4,4,0,6,6,0,0,0,0,0,0,0,0,0,0
`05,`062,District - Pithoragarh,`64,`000,`0000,"Financial service activities, except insurance and pension funding",74,66,8,42,42,0,32,24,8,0,0,0,0,0,0,0,0,0
`05,`062,District - Pithoragarh,`64,`641,`0000,Monetary intermediation,74,66,8,42,42,0,32,24,8,0,0,0,0,0,0,0,0,0
`05,`062,District - Pithoragarh,`64,`641,`6411,Central banking,68,62,6,38,38,0,30,24,6,0,0,0,0,0,0,0,0,0
`05,`062,District - Pithoragarh,`64,`641,`6419,Other monetary intermediation,6,4,2,4,4,0,2,0,2,0,0,0,0,0,0,0,0,0
`05,`062,District - Pithoragarh,`65,`000,`0000,"Insurance, reinsurance and pension funding, except compulsory social",14,14,0,2,2,0,12,12,0,0,0,0,0,0,0,0,0,0
`05,`062,District - Pithoragarh,`65,`651,`0000,Insurance,14,14,0,2,2,0,12,12,0,0,0,0,0,0,0,0,0,0
`05,`062,District - Pithoragarh,`65,`651,`6511,Life insurance,14,14,0,2,2,0,12,12,0,0,0,0,0,0,0,0,0,0
`05,`062,District - Pithoragarh,`66,`000,`0000,Other financial activities,2,2,0,0,0,0,2,2,0,0,0,0,0,0,0,0,0,0
`05,`062,District - Pithoragarh,`66,`662,`0000,Activities auxiliary to insurance and pension funding,2,2,0,0,0,0,2,2,0,0,0,0,0,0,0,0,0,0
`05,`062,District - Pithoragarh,`66,`662,`6622,Activities of insurance agents and brokers,2,2,0,0,0,0,2,2,0,0,0,0,0,0,0,0,0,0
`05,`062,District - Pithoragarh,`69,`000,`0000,Legal and accounting activities,0,0,0,0,0,0,0,0,0,2,2,0,0,0,0,2,2,0
`05,`062,District - Pithoragarh,`69,`691,`0000,Legal activities,0,0,0,0,0,0,0,0,0,2,2,0,0,0,0,2,2,0
`05,`062,District - Pithoragarh,`69,`691,`6910,Legal activities,0,0,0,0,0,0,0,0,0,2,2,0,0,0,0,2,2,0
`05,`062,District - Pithoragarh,`70,`000,`0000,Activities of head offices; management consultancy activities,2,0,2,0,0,0,2,0,2,0,0,0,0,0,0,0,0,0
`05,`062,District - Pithoragarh,`70,`701,`0000,Activities of head offices,2,0,2,0,0,0,2,0,2,0,0,0,0,0,0,0,0,0
`05,`062,District - Pithoragarh,`70,`701,`7010,Activities of head offices,2,0,2,0,0,0,2,0,2,0,0,0,0,0,0,0,0,0
`05,`062,District - Pithoragarh,`74,`000,`0000,"Other professional, scientific and technical activities",6,6,0,0,0,0,6,6,0,0,0,0,0,0,0,0,0,0
`05,`062,District - Pithoragarh,`74,`742,`0000,Photographic activities,6,6,0,0,0,0,6,6,0,0,0,0,0,0,0,0,0,0
`05,`062,District - Pithoragarh,`74,`742,`7420,Photographic activities,6,6,0,0,0,0,6,6,0,0,0,0,0,0,0,0,0,0
`05,`062,District - Pithoragarh,`75,`000,`0000,Veterinary activities,2,0,2,0,0,0,2,0,2,0,0,0,0,0,0,0,0,0
`05,`062,District - Pithoragarh,`75,`750,`0000,Veterinary activities,2,0,2,0,0,0,2,0,2,0,0,0,0,0,0,0,0,0
`05,`062,District - Pithoragarh,`75,`750,`7500,Veterinary activities,2,0,2,0,0,0,2,0,2,0,0,0,0,0,0,0,0,0
`05,`062,District - Pithoragarh,`77,`000,`0000,Rental and leasing activities,4,4,0,2,2,0,2,2,0,0,0,0,0,0,0,0,0,0
`05,`062,District - Pithoragarh,`77,`772,`0000,Renting and leasing of personal and household goods,4,4,0,2,2,0,2,2,0,0,0,0,0,0,0,0,0,0
`05,`062,District - Pithoragarh,`77,`772,`7729,Renting and leasing of other personal and household goods n.e.c.,4,4,0,2,2,0,2,2,0,0,0,0,0,0,0,0,0,0
`05,`062,District - Pithoragarh,`79,`000,`0000,"Travel agency, tour operator and other reservation service activities",4,4,0,2,2,0,2,2,0,0,0,0,0,0,0,0,0,0
`05,`062,District - Pithoragarh,`79,`791,`0000,Travel agency and tour operator activities,4,4,0,2,2,0,2,2,0,0,0,0,0,0,0,0,0,0
`05,`062,District - Pithoragarh,`79,`791,`7911,Travel agency activities,4,4,0,2,2,0,2,2,0,0,0,0,0,0,0,0,0,0
`05,`062,District - Pithoragarh,`82,`000,`0000,"Office administrative, office support and other business support activities",20,20,0,8,8,0,12,12,0,4,2,2,2,0,2,2,2,0
`05,`062,District - Pithoragarh,`82,`829,`0000,Business support service activities n.e.c.,20,20,0,8,8,0,12,12,0,4,2,2,2,0,2,2,2,0
`05,`062,District - Pithoragarh,`82,`829,`8299,Other business support service activities n.e.c.,20,20,0,8,8,0,12,12,0,4,2,2,2,0,2,2,2,0
`05,`062,District - Pithoragarh,`84,`000,`0000,Public administration and defence; compulsory social security,370,300,70,232,186,46,138,114,24,64,38,26,58,34,24,6,4,2
`05,`062,District - Pithoragarh,`84,`841,`0000,Administration of the State and the economic and social policy of the,268,204,64,170,128,42,98,76,22,60,36,24,58,34,24,2,2,0
`05,`062,District - Pithoragarh,`84,`841,`8411,General public administration activities,268,204,64,170,128,42,98,76,22,60,36,24,58,34,24,2,2,0
`05,`062,District - Pithoragarh,`84,`842,`0000,Provision of services to the community as a whole,102,96,6,62,58,4,40,38,2,4,2,2,0,0,0,4,2,2
`05,`062,District - Pithoragarh,`84,`842,`8422,Defence activities,74,70,4,48,46,2,26,24,2,4,2,2,0,0,0,4,2,2
`05,`062,District - Pithoragarh,`84,`842,`8423,Public order and safety activities,28,26,2,14,12,2,14,14,0,0,0,0,0,0,0,0,0,0
`05,`062,District - Pithoragarh,`85,`000,`0000,Education,346,134,212,224,106,118,122,28,94,18,6,12,14,4,10,4,2,2
`05,`062,District - Pithoragarh,`85,`851,`0000,Primary education,236,74,162,160,64,96,76,10,66,10,2,8,6,0,6,4,2,2
`05,`062,District - Pithoragarh,`85,`851,`8510,Primary education,236,74,162,160,64,96,76,10,66,10,2,8,6,0,6,4,2,2
`05,`062,District - Pithoragarh,`85,`852,`0000,Secondary education,88,48,40,50,36,14,38,12,26,0,0,0,0,0,0,0,0,0
`05,`062,District - Pithoragarh,`85,`852,`8521,General secondary education,86,46,40,48,34,14,38,12,26,0,0,0,0,0,0,0,0,0
`05,`062,District - Pithoragarh,`85,`852,`8522,Technical and vocational secondary education,2,2,0,2,2,0,0,0,0,0,0,0,0,0,0,0,0,0
`05,`062,District - Pithoragarh,`85,`853,`0000,Higher education,8,8,0,4,4,0,4,4,0,0,0,0,0,0,0,0,0,0
`05,`062,District - Pithoragarh,`85,`853,`8530,Higher education,8,8,0,4,4,0,4,4,0,0,0,0,0,0,0,0,0,0
`05,`062,District - Pithoragarh,`85,`854,`0000,Other education,8,4,4,4,2,2,4,2,2,6,2,4,6,2,4,0,0,0
`05,`062,District - Pithoragarh,`85,`854,`8549,Other education n.e.c.,8,4,4,4,2,2,4,2,2,6,2,4,6,2,4,0,0,0
`05,`062,District - Pithoragarh,`85,`855,`0000,Educational support services,6,0,6,6,0,6,0,0,0,2,2,0,2,2,0,0,0,0
`05,`062,District - Pithoragarh,`85,`855,`8550,Educational support services,6,0,6,6,0,6,0,0,0,2,2,0,2,2,0,0,0,0
`05,`062,District - Pithoragarh,`86,`000,`0000,Human health activities,106,54,52,64,28,36,42,26,16,0,0,0,0,0,0,0,0,0
`05,`062,District - Pithoragarh,`86,`861,`0000,Hospital activities,28,20,8,14,10,4,14,10,4,0,0,0,0,0,0,0,0,0
`05,`062,District - Pithoragarh,`86,`861,`8610,Hospital activities,28,20,8,14,10,4,14,10,4,0,0,0,0,0,0,0,0,0
`05,`062,District - Pithoragarh,`86,`862,`0000,Medical and dental practice activities,4,4,0,0,0,0,4,4,0,0,0,0,0,0,0,0,0,0
`05,`062,District - Pithoragarh,`86,`862,`8620,Medical and dental practice activities,4,4,0,0,0,0,4,4,0,0,0,0,0,0,0,0,0,0
`05,`062,District - Pithoragarh,`86,`869,`0000,Other human health activities,74,30,44,50,18,32,24,12,12,0,0,0,0,0,0,0,0,0
`05,`062,District - Pithoragarh,`86,`869,`8690,Other human health activities,74,30,44,50,18,32,24,12,12,0,0,0,0,0,0,0,0,0
`05,`062,District - Pithoragarh,`88,`000,`0000,Social work activities without accommodation,24,2,22,20,2,18,4,0,4,12,4,8,6,4,2,6,0,6
`05,`062,District - Pithoragarh,`88,`881,`0000,Social work activities without accommodation for the elderly and disabled,0,0,0,0,0,0,0,0,0,2,0,2,0,0,0,2,0,2
`05,`062,District - Pithoragarh,`88,`881,`8810,Social work activities without accommodation for the elderly and,0,0,0,0,0,0,0,0,0,2,0,2,0,0,0,2,0,2
`05,`062,District - Pithoragarh,`88,`889,`0000,Other social work activities without accommodation n.e.c.,24,2,22,20,2,18,4,0,4,10,4,6,6,4,2,4,0,4
`05,`062,District - Pithoragarh,`88,`889,`8890,Other social work activities without accommodation n.e.c.,24,2,22,20,2,18,4,0,4,10,4,6,6,4,2,4,0,4
`05,`062,District - Pithoragarh,`90,`000,`0000,"Creative, arts and entertainment activities",0,0,0,0,0,0,0,0,0,2,2,0,0,0,0,2,2,0
`05,`062,District - Pithoragarh,`90,`900,`0000,"Creative, arts and entertainment activities",0,0,0,0,0,0,0,0,0,2,2,0,0,0,0,2,2,0
`05,`062,District - Pithoragarh,`90,`900,`9000,"Dramatic arts, music and other arts activities",0,0,0,0,0,0,0,0,0,2,2,0,0,0,0,2,2,0
`05,`062,District - Pithoragarh,`94,`000,`0000,Activities of membership organizations,16,12,4,14,10,4,2,2,0,0,0,0,0,0,0,0,0,0
`05,`062,District - Pithoragarh,`94,`949,`0000,Activities of other membership organizations,16,12,4,14,10,4,2,2,0,0,0,0,0,0,0,0,0,0
`05,`062,District - Pithoragarh,`94,`949,`9491,Activities of religious organizations,2,0,2,2,0,2,0,0,0,0,0,0,0,0,0,0,0,0
`05,`062,District - Pithoragarh,`94,`949,`9492,Activities of political organizations,12,10,2,12,10,2,0,0,0,0,0,0,0,0,0,0,0,0
`05,`062,District - Pithoragarh,`94,`949,`9499,Activities of other membership organizations n.e.c.,2,2,0,0,0,0,2,2,0,0,0,0,0,0,0,0,0,0
`05,`062,District - Pithoragarh,`95,`000,`0000,Repair of computers and personal and household goods,74,46,28,70,42,28,4,4,0,6,6,0,6,6,0,0,0,0
`05,`062,District - Pithoragarh,`95,`952,`0000,Repair of personal and household goods,74,46,28,70,42,28,4,4,0,6,6,0,6,6,0,0,0,0
`05,`062,District - Pithoragarh,`95,`952,`9521,Repair of consumer electronics,40,24,16,38,22,16,2,2,0,4,4,0,4,4,0,0,0,0
`05,`062,District - Pithoragarh,`95,`952,`9522,Repair of household appliances and home and garden equipment,8,8,0,8,8,0,0,0,0,0,0,0,0,0,0,0,0,0
`05,`062,District - Pithoragarh,`95,`952,`9529,"Repair of personal and household goods, n.e.c.",26,14,12,24,12,12,2,2,0,2,2,0,2,2,0,0,0,0
`05,`062,District - Pithoragarh,`97,`000,`0000,Activities of households as employers of domestic personnel,10,4,6,6,4,2,4,0,4,10,2,8,2,0,2,8,2,6
`05,`062,District - Pithoragarh,`97,`970,`0000,Activities of households as employers of domestic personnel,10,4,6,6,4,2,4,0,4,10,2,8,2,0,2,8,2,6
`05,`062,District - Pithoragarh,`97,`970,`9700,Activities of households as employers of domestic personnel,10,4,6,6,4,2,4,0,4,10,2,8,2,0,2,8,2,6
`05,`062,District - Pithoragarh,`99,`000,`0000,Activities of extraterritorial organizations and bodies,256,66,190,246,60,186,10,6,4,142,30,112,76,16,60,66,14,52
`05,`062,District - Pithoragarh,`99,`991,`0000,Blank etc.,68,26,42,64,24,40,4,2,2,42,12,30,36,10,26,6,2,4
`05,`062,District - Pithoragarh,`99,`991,`9910,Blank etc.,68,26,42,64,24,40,4,2,2,42,12,30,36,10,26,6,2,4
`05,`062,District - Pithoragarh,`99,`992,`0000,Incomplete description/ Wrongly Classifed,188,40,148,182,36,146,6,4,2,100,18,82,40,6,34,60,12,48
`05,`062,District - Pithoragarh,`99,`992,`9920,Incomplete description/ Wrongly Classifed,188,40,148,182,36,146,6,4,2,100,18,82,40,6,34,60,12,48
`05,`063,District - Bageshwar,`00,`000,`0000,Total,412,230,182,378,204,174,34,26,8,120,61,59,118,60,58,2,1,1
`05,`063,District - Bageshwar,`01,`000,`0000,"Crop and animal production, hunting and related service activities",6,4,2,6,4,2,0,0,0,0,0,0,0,0,0,0,0,0
`05,`063,District - Bageshwar,`01,`011,`0000,Growing of non-perennial crops,2,2,0,2,2,0,0,0,0,0,0,0,0,0,0,0,0,0
`05,`063,District - Bageshwar,`01,`011,`0113,"Growing of vegetables and melons, roots and tubers",2,2,0,2,2,0,0,0,0,0,0,0,0,0,0,0,0,0
`05,`063,District - Bageshwar,`01,`012,`0000,Growing of perennial crops,4,2,2,4,2,2,0,0,0,0,0,0,0,0,0,0,0,0
`05,`063,District - Bageshwar,`01,`012,`0127,Growing of beverage crops,4,2,2,4,2,2,0,0,0,0,0,0,0,0,0,0,0,0
`05,`063,District - Bageshwar,`10,`000,`0000,Manufacture of food products,2,2,0,2,2,0,0,0,0,6,2,4,6,2,4,0,0,0
`05,`063,District - Bageshwar,`10,`105,`0000,Manufacture of dairy products,2,2,0,2,2,0,0,0,0,6,2,4,6,2,4,0,0,0
`05,`063,District - Bageshwar,`10,`105,`1050,Manufacture of dairy products,2,2,0,2,2,0,0,0,0,6,2,4,6,2,4,0,0,0
`05,`063,District - Bageshwar,`13,`000,`0000,Manufacture of textiles,103,16,87,102,16,86,1,0,1,34,14,20,34,14,20,0,0,0
`05,`063,District - Bageshwar,`13,`131,`0000,"Spinning, weaving and finishing of textiles",29,8,21,28,8,20,1,0,1,22,12,10,22,12,10,0,0,0
`05,`063,District - Bageshwar,`13,`131,`1311,Preparation and spinning of textile fibres,0,0,0,0,0,0,0,0,0,4,4,0,4,4,0,0,0,0
`05,`063,District - Bageshwar,`13,`131,`1312,Weaving of textiles,27,8,19,26,8,18,1,0,1,18,8,10,18,8,10,0,0,0
`05,`063,District - Bageshwar,`13,`131,`1313,Finishing of textiles,2,0,2,2,0,2,0,0,0,0,0,0,0,0,0,0,0,0
`05,`063,District - Bageshwar,`13,`139,`0000,Manufacture of other textiles,74,8,66,74,8,66,0,0,0,12,2,10,12,2,10,0,0,0
`05,`063,District - Bageshwar,`13,`139,`1393,Manufacture of carpets and rugs,74,8,66,74,8,66,0,0,0,12,2,10,12,2,10,0,0,0
`05,`063,District - Bageshwar,`15,`000,`0000,Manufacture of leather and related products,0,0,0,0,0,0,0,0,0,2,0,2,2,0,2,0,0,0
`05,`063,District - Bageshwar,`15,`152,`0000,Manufacture of footwear,0,0,0,0,0,0,0,0,0,2,0,2,2,0,2,0,0,0
`05,`063,District - Bageshwar,`15,`152,`1520,Manufacture of footwear,0,0,0,0,0,0,0,0,0,2,0,2,2,0,2,0,0,0
`05,`063,District - Bageshwar,`16,`000,`0000,"Manufacture of wood and products of wood and cork, except furniture;",6,2,4,6,2,4,0,0,0,4,2,2,4,2,2,0,0,0
`05,`063,District - Bageshwar,`16,`162,`0000,"Manufacture of products of wood, cork, straw and plaiting materials",6,2,4,6,2,4,0,0,0,4,2,2,4,2,2,0,0,0
`05,`063,District - Bageshwar,`16,`162,`1629,"Manufacture of other products of wood; manufacture of articles of cork,",6,2,4,6,2,4,0,0,0,4,2,2,4,2,2,0,0,0
`05,`063,District - Bageshwar,`21,`000,`0000,"Manufacture of pharmaceuticals, medicinal chemical and botanical products",2,2,0,2,2,0,0,0,0,0,0,0,0,0,0,0,0,0
`05,`063,District - Bageshwar,`21,`210,`0000,"Manufacture of pharmaceuticals, medicinal chemical and botanical products",2,2,0,2,2,0,0,0,0,0,0,0,0,0,0,0,0,0
`05,`063,District - Bageshwar,`21,`210,`2100,"Manufacture of pharmaceuticals, medicinal chemical and botanical",2,2,0,2,2,0,0,0,0,0,0,0,0,0,0,0,0,0
`05,`063,District - Bageshwar,`25,`000,`0000,"Manufacture of fabricated metal products, except machinery and equipment",2,2,0,2,2,0,0,0,0,0,0,0,0,0,0,0,0,0
`05,`063,District - Bageshwar,`25,`251,`0000,"Manufacture of structural metal products, tanks, reservoirs and steam",2,2,0,2,2,0,0,0,0,0,0,0,0,0,0,0,0,0
`05,`063,District - Bageshwar,`25,`251,`2511,Manufacture of structural metal products,2,2,0,2,2,0,0,0,0,0,0,0,0,0,0,0,0,0
`05,`063,District - Bageshwar,`32,`000,`0000,Other manufacturing,2,2,0,2,2,0,0,0,0,0,0,0,0,0,0,0,0,0
`05,`063,District - Bageshwar,`32,`329,`0000,Other manufacturing n.e.c.,2,2,0,2,2,0,0,0,0,0,0,0,0,0,0,0,0,0
`05,`063,District - Bageshwar,`32,`329,`3290,Other manufacturing n.e.c.,2,2,0,2,2,0,0,0,0,0,0,0,0,0,0,0,0,0
`05,`063,District - Bageshwar,`35,`000,`0000,"Electricity, gas, steam and air conditioning supply",3,3,0,2,2,0,1,1,0,0,0,0,0,0,0,0,0,0
`05,`063,District - Bageshwar,`35,`351,`0000,"Electric power generation, transmission and distribution",1,1,0,0,0,0,1,1,0,0,0,0,0,0,0,0,0,0
`05,`063,District - Bageshwar,`35,`351,`3510,"Electric power generation, transmission and distribution",1,1,0,0,0,0,1,1,0,0,0,0,0,0,0,0,0,0
`05,`063,District - Bageshwar,`35,`352,`0000,Manufacture of gas; distribution of gaseous fuels through mains,2,2,0,2,2,0,0,0,0,0,0,0,0,0,0,0,0,0
`05,`063,District - Bageshwar,`35,`352,`3520,Manufacture of gas; distribution of gaseous fuels through mains,2,2,0,2,2,0,0,0,0,0,0,0,0,0,0,0,0,0
`05,`063,District - Bageshwar,`41,`000,`0000,Construction of buildings,13,13,0,12,12,0,1,1,0,16,14,2,16,14,2,0,0,0
`05,`063,District - Bageshwar,`41,`410,`0000,Construction of buildings,13,13,0,12,12,0,1,1,0,16,14,2,16,14,2,0,0,0
`05,`063,District - Bageshwar,`41,`410,`4100,Construction of buildings,13,13,0,12,12,0,1,1,0,16,14,2,16,14,2,0,0,0
`05,`063,District - Bageshwar,`42,`000,`0000,Civil engineering,0,0,0,0,0,0,0,0,0,12,8,4,12,8,4,0,0,0
`05,`063,District - Bageshwar,`42,`421,`0000,Construction of roads and railways,0,0,0,0,0,0,0,0,0,12,8,4,12,8,4,0,0,0
`05,`063,District - Bageshwar,`42,`421,`4210,Construction roads and railways,0,0,0,0,0,0,0,0,0,12,8,4,12,8,4,0,0,0
`05,`063,District - Bageshwar,`45,`000,`0000,Wholesale and retail trade and repair of motor vehicles and motorcycles,2,2,0,2,2,0,0,0,0,0,0,0,0,0,0,0,0,0
`05,`063,District - Bageshwar,`45,`452,`0000,Maintenance and repair of motor vehicles,2,2,0,2,2,0,0,0,0,0,0,0,0,0,0,0,0,0
`05,`063,District - Bageshwar,`45,`452,`4520,Maintenance and repair of motor vehicles,2,2,0,2,2,0,0,0,0,0,0,0,0,0,0,0,0,0
`05,`063,District - Bageshwar,`46,`000,`0000,"Wholesale trade, except of motor vehicles and motorcycles",2,2,0,2,2,0,0,0,0,0,0,0,0,0,0,0,0,0
`05,`063,District - Bageshwar,`46,`469,`0000,Non-specialized wholesale trade,2,2,0,2,2,0,0,0,0,0,0,0,0,0,0,0,0,0
`05,`063,District - Bageshwar,`46,`469,`4690,Non-specialized wholesale trade,2,2,0,2,2,0,0,0,0,0,0,0,0,0,0,0,0,0
`05,`063,District - Bageshwar,`47,`000,`0000,"Retail trade, except of motor vehicles and motorcycles",30,26,4,30,26,4,0,0,0,2,0,2,2,0,2,0,0,0
`05,`063,District - Bageshwar,`47,`471,`0000,Retail sale in non-specialized stores,2,0,2,2,0,2,0,0,0,0,0,0,0,0,0,0,0,0
`05,`063,District - Bageshwar,`47,`471,`4719,Other retail sale in non-specialized stores,2,0,2,2,0,2,0,0,0,0,0,0,0,0,0,0,0,0
`05,`063,District - Bageshwar,`47,`472,`0000,"Retail sale of food, beverages and tobacco in specialized stores",16,16,0,16,16,0,0,0,0,0,0,0,0,0,0,0,0,0
`05,`063,District - Bageshwar,`47,`472,`4721,Retail sale of food in specialized stores,16,16,0,16,16,0,0,0,0,0,0,0,0,0,0,0,0,0
`05,`063,District - Bageshwar,`47,`474,`0000,Retail sale of information and communications equipment in specialized,4,4,0,4,4,0,0,0,0,0,0,0,0,0,0,0,0,0
`05,`063,District - Bageshwar,`47,`474,`4741,"Retail sale of computers, peripheral units, software and",4,4,0,4,4,0,0,0,0,0,0,0,0,0,0,0,0,0
`05,`063,District - Bageshwar,`47,`477,`0000,Retail sale of other goods in specialized stores,8,6,2,8,6,2,0,0,0,0,0,0,0,0,0,0,0,0
`05,`063,District - Bageshwar,`47,`477,`4771,"Retail sale of clothing, footwear and leather articles in specialized",6,6,0,6,6,0,0,0,0,0,0,0,0,0,0,0,0,0
`05,`063,District - Bageshwar,`47,`477,`4772,"Retail sale of pharmaceutical and medical goods, cosmetic and toilet",2,0,2,2,0,2,0,0,0,0,0,0,0,0,0,0,0,0
`05,`063,District - Bageshwar,`47,`478,`0000,Retail sale via stalls and markets,0,0,0,0,0,0,0,0,0,2,0,2,2,0,2,0,0,0
`05,`063,District - Bageshwar,`47,`478,`4789,Retail sale via stalls and markets of other goods,0,0,0,0,0,0,0,0,0,2,0,2,2,0,2,0,0,0
`05,`063,District - Bageshwar,`49,`000,`0000,Land transport and transport via pipelines,14,14,0,14,14,0,0,0,0,8,6,2,8,6,2,0,0,0
`05,`063,District - Bageshwar,`49,`492,`0000,Other land transport,14,14,0,14,14,0,0,0,0,8,6,2,8,6,2,0,0,0
`05,`063,District - Bageshwar,`49,`492,`4921,Urban or suburban passenger land transport,2,2,0,2,2,0,0,0,0,2,2,0,2,2,0,0,0,0
`05,`063,District - Bageshwar,`49,`492,`4922,Other passenger land transport,8,8,0,8,8,0,0,0,0,2,2,0,2,2,0,0,0,0
`05,`063,District - Bageshwar,`49,`492,`4923,Freight transport by road,4,4,0,4,4,0,0,0,0,4,2,2,4,2,2,0,0,0
`05,`063,District - Bageshwar,`53,`000,`0000,Postal and courier activities,6,6,0,6,6,0,0,0,0,0,0,0,0,0,0,0,0,0
`05,`063,District - Bageshwar,`53,`531,`0000,Postal activities,6,6,0,6,6,0,0,0,0,0,0,0,0,0,0,0,0,0
`05,`063,District - Bageshwar,`53,`531,`5310,Postal activities,6,6,0,6,6,0,0,0,0,0,0,0,0,0,0,0,0,0
`05,`063,District - Bageshwar,`55,`000,`0000,Accommodation,4,4,0,4,4,0,0,0,0,0,0,0,0,0,0,0,0,0
`05,`063,District - Bageshwar,`55,`551,`0000,Short term accommodation activities,4,4,0,4,4,0,0,0,0,0,0,0,0,0,0,0,0,0
`05,`063,District - Bageshwar,`55,`551,`5510,Short term accommodation activities,4,4,0,4,4,0,0,0,0,0,0,0,0,0,0,0,0,0
`05,`063,District - Bageshwar,`56,`000,`0000,Food and beverage service activities,4,4,0,4,4,0,0,0,0,0,0,0,0,0,0,0,0,0
`05,`063,District - Bageshwar,`56,`563,`0000,Beverage serving activities,4,4,0,4,4,0,0,0,0,0,0,0,0,0,0,0,0,0
`05,`063,District - Bageshwar,`56,`563,`5630,Beverage serving activities,4,4,0,4,4,0,0,0,0,0,0,0,0,0,0,0,0,0
`05,`063,District - Bageshwar,`61,`000,`0000,Telecommunications,2,2,0,2,2,0,0,0,0,0,0,0,0,0,0,0,0,0
`05,`063,District - Bageshwar,`61,`619,`0000,Other telecommunications activities,2,2,0,2,2,0,0,0,0,0,0,0,0,0,0,0,0,0
`05,`063,District - Bageshwar,`61,`619,`6190,Other telecommunications activities,2,2,0,2,2,0,0,0,0,0,0,0,0,0,0,0,0,0
`05,`063,District - Bageshwar,`64,`000,`0000,"Financial service activities, except insurance and pension funding",8,8,0,8,8,0,0,0,0,0,0,0,0,0,0,0,0,0
`05,`063,District - Bageshwar,`64,`641,`0000,Monetary intermediation,8,8,0,8,8,0,0,0,0,0,0,0,0,0,0,0,0,0
`05,`063,District - Bageshwar,`64,`641,`6411,Central banking,8,8,0,8,8,0,0,0,0,0,0,0,0,0,0,0,0,0
`05,`063,District - Bageshwar,`65,`000,`0000,"Insurance, reinsurance and pension funding, except compulsory social",3,3,0,2,2,0,1,1,0,0,0,0,0,0,0,0,0,0
`05,`063,District - Bageshwar,`65,`651,`0000,Insurance,3,3,0,2,2,0,1,1,0,0,0,0,0,0,0,0,0,0
`05,`063,District - Bageshwar,`65,`651,`6511,Life insurance,3,3,0,2,2,0,1,1,0,0,0,0,0,0,0,0,0,0
`05,`063,District - Bageshwar,`69,`000,`0000,Legal and accounting activities,2,2,0,2,2,0,0,0,0,0,0,0,0,0,0,0,0,0
`05,`063,District - Bageshwar,`69,`692,`0000,"Accounting, bookkeeping and auditing activities; tax consultancy",2,2,0,2,2,0,0,0,0,0,0,0,0,0,0,0,0,0
`05,`063,District - Bageshwar,`69,`692,`6920,"Accounting, bookkeeping and auditing activities; tax consultancy",2,2,0,2,2,0,0,0,0,0,0,0,0,0,0,0,0,0
`05,`063,District - Bageshwar,`82,`000,`0000,"Office administrative, office support and other business support activities",3,3,0,2,2,0,1,1,0,0,0,0,0,0,0,0,0,0
`05,`063,District - Bageshwar,`82,`829,`0000,Business support service activities n.e.c.,3,3,0,2,2,0,1,1,0,0,0,0,0,0,0,0,0,0
`05,`063,District - Bageshwar,`82,`829,`8299,Other business support service activities n.e.c.,3,3,0,2,2,0,1,1,0,0,0,0,0,0,0,0,0,0
`05,`063,District - Bageshwar,`84,`000,`0000,Public administration and defence; compulsory social security,57,45,12,42,30,12,15,15,0,4,4,0,4,4,0,0,0,0
`05,`063,District - Bageshwar,`84,`841,`0000,Administration of the State and the economic and social policy of the,43,35,8,28,20,8,15,15,0,4,4,0,4,4,0,0,0,0
`05,`063,District - Bageshwar,`84,`841,`8411,General public administration activities,41,35,6,26,20,6,15,15,0,4,4,0,4,4,0,0,0,0
`05,`063,District - Bageshwar,`84,`841,`8412,"Regulation of the activities of providing health care, education, cultural",2,0,2,2,0,2,0,0,0,0,0,0,0,0,0,0,0,0
`05,`063,District - Bageshwar,`84,`842,`0000,Provision of services to the community as a whole,12,10,2,12,10,2,0,0,0,0,0,0,0,0,0,0,0,0
`05,`063,District - Bageshwar,`84,`842,`8422,Defence activities,2,2,0,2,2,0,0,0,0,0,0,0,0,0,0,0,0,0
`05,`063,District - Bageshwar,`84,`842,`8423,Public order and safety activities,10,8,2,10,8,2,0,0,0,0,0,0,0,0,0,0,0,0
`05,`063,District - Bageshwar,`84,`843,`0000,Compulsory social security activities,2,0,2,2,0,2,0,0,0,0,0,0,0,0,0,0,0,0
`05,`063,District - Bageshwar,`84,`843,`8430,Compulsory social security activities,2,0,2,2,0,2,0,0,0,0,0,0,0,0,0,0,0,0
`05,`063,District - Bageshwar,`85,`000,`0000,Education,33,17,16,28,16,12,5,1,4,4,0,4,4,0,4,0,0,0
`05,`063,District - Bageshwar,`85,`851,`0000,Primary education,15,10,5,12,10,2,3,0,3,2,0,2,2,0,2,0,0,0
`05,`063,District - Bageshwar,`85,`851,`8510,Primary education,15,10,5,12,10,2,3,0,3,2,0,2,2,0,2,0,0,0
`05,`063,District - Bageshwar,`85,`852,`0000,Secondary education,13,7,6,12,6,6,1,1,0,0,0,0,0,0,0,0,0,0
`05,`063,District - Bageshwar,`85,`852,`8521,General secondary education,13,7,6,12,6,6,1,1,0,0,0,0,0,0,0,0,0,0
`05,`063,District - Bageshwar,`85,`853,`0000,Higher education,2,0,2,2,0,2,0,0,0,0,0,0,0,0,0,0,0,0
`05,`063,District - Bageshwar,`85,`853,`8530,Higher education,2,0,2,2,0,2,0,0,0,0,0,0,0,0,0,0,0,0
`05,`063,District - Bageshwar,`85,`854,`0000,Other education,1,0,1,0,0,0,1,0,1,2,0,2,2,0,2,0,0,0
`05,`063,District - Bageshwar,`85,`854,`8549,Other education n.e.c.,1,0,1,0,0,0,1,0,1,2,0,2,2,0,2,0,0,0
`05,`063,District - Bageshwar,`85,`855,`0000,Educational support services,2,0,2,2,0,2,0,0,0,0,0,0,0,0,0,0,0,0
`05,`063,District - Bageshwar,`85,`855,`8550,Educational support services,2,0,2,2,0,2,0,0,0,0,0,0,0,0,0,0,0,0
`05,`063,District - Bageshwar,`86,`000,`0000,Human health activities,25,18,7,20,14,6,5,4,1,1,1,0,0,0,0,1,1,0
`05,`063,District - Bageshwar,`86,`861,`0000,Hospital activities,10,7,3,6,4,2,4,3,1,1,1,0,0,0,0,1,1,0
`05,`063,District - Bageshwar,`86,`861,`8610,Hospital activities,10,7,3,6,4,2,4,3,1,1,1,0,0,0,0,1,1,0
`05,`063,District - Bageshwar,`86,`869,`0000,Other human health activities,15,11,4,14,10,4,1,1,0,0,0,0,0,0,0,0,0,0
`05,`063,District - Bageshwar,`86,`869,`8690,Other human health activities,15,11,4,14,10,4,1,1,0,0,0,0,0,0,0,0,0,0
`05,`063,District - Bageshwar,`88,`000,`0000,Social work activities without accommodation,10,0,10,10,0,10,0,0,0,2,0,2,2,0,2,0,0,0
`05,`063,District - Bageshwar,`88,`889,`0000,Other social work activities without accommodation n.e.c.,10,0,10,10,0,10,0,0,0,2,0,2,2,0,2,0,0,0
`05,`063,District - Bageshwar,`88,`889,`8890,Other social work activities without accommodation n.e.c.,10,0,10,10,0,10,0,0,0,2,0,2,2,0,2,0,0,0
`05,`063,District - Bageshwar,`95,`000,`0000,Repair of computers and personal and household goods,4,2,2,4,2,2,0,0,0,2,0,2,2,0,2,0,0,0
`05,`063,District - Bageshwar,`95,`952,`0000,Repair of personal and household goods,4,2,2,4,2,2,0,0,0,2,0,2,2,0,2,0,0,0
`05,`063,District - Bageshwar,`95,`952,`9521,Repair of consumer electronics,4,2,2,4,2,2,0,0,0,2,0,2,2,0,2,0,0,0
`05,`063,District - Bageshwar,`96,`000,`0000,Other personal service activities,2,0,2,2,0,2,0,0,0,0,0,0,0,0,0,0,0,0
`05,`063,District - Bageshwar,`96,`960,`0000,Other personal service activities,2,0,2,2,0,2,0,0,0,0,0,0,0,0,0,0,0,0
`05,`063,District - Bageshwar,`96,`960,`9602,Hairdressing and other beauty treatment,2,0,2,2,0,2,0,0,0,0,0,0,0,0,0,0,0,0
`05,`063,District - Bageshwar,`97,`000,`0000,Activities of households as employers of domestic personnel,0,0,0,0,0,0,0,0,0,4,0,4,4,0,4,0,0,0
`05,`063,District - Bageshwar,`97,`970,`0000,Activities of households as employers of domestic personnel,0,0,0,0,0,0,0,0,0,4,0,4,4,0,4,0,0,0
`05,`063,District - Bageshwar,`97,`970,`9700,Activities of households as employers of domestic personnel,0,0,0,0,0,0,0,0,0,4,0,4,4,0,4,0,0,0
`05,`063,District - Bageshwar,`99,`000,`0000,Activities of extraterritorial organizations and bodies,62,26,36,58,24,34,4,2,2,19,10,9,18,10,8,1,0,1
`05,`063,District - Bageshwar,`99,`991,`0000,Blank etc.,10,3,7,8,2,6,2,1,1,6,6,0,6,6,0,0,0,0
`05,`063,District - Bageshwar,`99,`991,`9910,Blank etc.,10,3,7,8,2,6,2,1,1,6,6,0,6,6,0,0,0,0
`05,`063,District - Bageshwar,`99,`992,`0000,Incomplete description/ Wrongly Classifed,52,23,29,50,22,28,2,1,1,13,4,9,12,4,8,1,0,1
`05,`063,District - Bageshwar,`99,`992,`9920,Incomplete description/ Wrongly Classifed,52,23,29,50,22,28,2,1,1,13,4,9,12,4,8,1,0,1
`05,`064,District - Almora,`00,`000,`0000,Total,320,234,86,178,134,44,142,100,42,28,8,20,18,4,14,10,4,6
`05,`064,District - Almora,`10,`000,`0000,Manufacture of food products,2,2,0,0,0,0,2,2,0,0,0,0,0,0,0,0,0,0
`05,`064,District - Almora,`10,`105,`0000,Manufacture of dairy products,2,2,0,0,0,0,2,2,0,0,0,0,0,0,0,0,0,0
`05,`064,District - Almora,`10,`105,`1050,Manufacture of dairy products,2,2,0,0,0,0,2,2,0,0,0,0,0,0,0,0,0,0
`05,`064,District - Almora,`13,`000,`0000,Manufacture of textiles,0,0,0,0,0,0,0,0,0,14,0,14,10,0,10,4,0,4
`05,`064,District - Almora,`13,`131,`0000,"Spinning, weaving and finishing of textiles",0,0,0,0,0,0,0,0,0,12,0,12,10,0,10,2,0,2
`05,`064,District - Almora,`13,`131,`1312,Weaving of textiles,0,0,0,0,0,0,0,0,0,12,0,12,10,0,10,2,0,2
`05,`064,District - Almora,`13,`139,`0000,Manufacture of other textiles,0,0,0,0,0,0,0,0,0,2,0,2,0,0,0,2,0,2
`05,`064,District - Almora,`13,`139,`1393,Manufacture of carpets and rugs,0,0,0,0,0,0,0,0,0,2,0,2,0,0,0,2,0,2
`05,`064,District - Almora,`25,`000,`0000,"Manufacture of fabricated metal products, except machinery and equipment",2,2,0,2,2,0,0,0,0,0,0,0,0,0,0,0,0,0
`05,`064,District - Almora,`25,`259,`0000,Manufacture of other fabricated metal products; metalworking service,2,2,0,2,2,0,0,0,0,0,0,0,0,0,0,0,0,0
`05,`064,District - Almora,`25,`259,`2593,"Manufacture of cutlery, hand tools and general hardware",2,2,0,2,2,0,0,0,0,0,0,0,0,0,0,0,0,0
`05,`064,District - Almora,`35,`000,`0000,"Electricity, gas, steam and air conditioning supply",4,4,0,2,2,0,2,2,0,0,0,0,0,0,0,0,0,0
`05,`064,District - Almora,`35,`351,`0000,"Electric power generation, transmission and distribution",2,2,0,2,2,0,0,0,0,0,0,0,0,0,0,0,0,0
`05,`064,District - Almora,`35,`351,`3510,"Electric power generation, transmission and distribution",2,2,0,2,2,0,0,0,0,0,0,0,0,0,0,0,0,0
`05,`064,District - Almora,`35,`352,`0000,Manufacture of gas; distribution of gaseous fuels through mains,2,2,0,0,0,0,2,2,0,0,0,0,0,0,0,0,0,0
`05,`064,District - Almora,`35,`352,`3520,Manufacture of gas; distribution of gaseous fuels through mains,2,2,0,0,0,0,2,2,0,0,0,0,0,0,0,0,0,0
`05,`064,District - Almora,`36,`000,`0000,"Water collection, treatment and supply",6,4,2,4,2,2,2,2,0,0,0,0,0,0,0,0,0,0
`05,`064,District - Almora,`36,`360,`0000,"Water collection, treatment and supply",6,4,2,4,2,2,2,2,0,0,0,0,0,0,0,0,0,0
`05,`064,District - Almora,`36,`360,`3600,"Water collection, treatment and supply",6,4,2,4,2,2,2,2,0,0,0,0,0,0,0,0,0,0
`05,`064,District - Almora,`41,`000,`0000,Construction of buildings,2,2,0,2,2,0,0,0,0,2,2,0,2,2,0,0,0,0
`05,`064,District - Almora,`41,`410,`0000,Construction of buildings,2,2,0,2,2,0,0,0,0,2,2,0,2,2,0,0,0,0
`05,`064,District - Almora,`41,`410,`4100,Construction of buildings,2,2,0,2,2,0,0,0,0,2,2,0,2,2,0,0,0,0
`05,`064,District - Almora,`45,`000,`0000,Wholesale and retail trade and repair of motor vehicles and motorcycles,2,2,0,2,2,0,0,0,0,0,0,0,0,0,0,0,0,0
`05,`064,District - Almora,`45,`452,`0000,Maintenance and repair of motor vehicles,2,2,0,2,2,0,0,0,0,0,0,0,0,0,0,0,0,0
`05,`064,District - Almora,`45,`452,`4520,Maintenance and repair of motor vehicles,2,2,0,2,2,0,0,0,0,0,0,0,0,0,0,0,0,0
`05,`064,District - Almora,`47,`000,`0000,"Retail trade, except of motor vehicles and motorcycles",46,24,22,34,16,18,12,8,4,0,0,0,0,0,0,0,0,0
`05,`064,District - Almora,`47,`472,`0000,"Retail sale of food, beverages and tobacco in specialized stores",2,2,0,0,0,0,2,2,0,0,0,0,0,0,0,0,0,0
`05,`064,District - Almora,`47,`472,`4721,Retail sale of food in specialized stores,2,2,0,0,0,0,2,2,0,0,0,0,0,0,0,0,0,0
`05,`064,District - Almora,`47,`475,`0000,Retail sale of other household equipment in specialized stores,2,2,0,0,0,0,2,2,0,0,0,0,0,0,0,0,0,0
`05,`064,District - Almora,`47,`475,`4759,"Retail sale of electrical household appliances, furniture, lighting",2,2,0,0,0,0,2,2,0,0,0,0,0,0,0,0,0,0
`05,`064,District - Almora,`47,`477,`0000,Retail sale of other goods in specialized stores,28,12,16,20,8,12,8,4,4,0,0,0,0,0,0,0,0,0
`05,`064,District - Almora,`47,`477,`4771,"Retail sale of clothing, footwear and leather articles in specialized",8,6,2,4,2,2,4,4,0,0,0,0,0,0,0,0,0,0
`05,`064,District - Almora,`47,`477,`4772,"Retail sale of pharmaceutical and medical goods, cosmetic and toilet",16,6,10,14,6,8,2,0,2,0,0,0,0,0,0,0,0,0
`05,`064,District - Almora,`47,`477,`4773,Other retail sale of new goods in specialized stores,4,0,4,2,0,2,2,0,2,0,0,0,0,0,0,0,0,0
`05,`064,District - Almora,`47,`478,`0000,Retail sale via stalls and markets,10,6,4,10,6,4,0,0,0,0,0,0,0,0,0,0,0,0
`05,`064,District - Almora,`47,`478,`4789,Retail sale via stalls and markets of other goods,10,6,4,10,6,4,0,0,0,0,0,0,0,0,0,0,0,0
`05,`064,District - Almora,`47,`479,`0000,"Retail trade not in stores, stalls or markets",4,2,2,4,2,2,0,0,0,0,0,0,0,0,0,0,0,0
`05,`064,District - Almora,`47,`479,`4799,"Other retail sale not in stores, stalls or markets",4,2,2,4,2,2,0,0,0,0,0,0,0,0,0,0,0,0
`05,`064,District - Almora,`49,`000,`0000,Land transport and transport via pipelines,10,10,0,8,8,0,2,2,0,0,0,0,0,0,0,0,0,0
`05,`064,District - Almora,`49,`492,`0000,Other land transport,10,10,0,8,8,0,2,2,0,0,0,0,0,0,0,0,0,0
`05,`064,District - Almora,`49,`492,`4921,Urban or suburban passenger land transport,6,6,0,6,6,0,0,0,0,0,0,0,0,0,0,0,0,0
`05,`064,District - Almora,`49,`492,`4922,Other passenger land transport,4,4,0,2,2,0,2,2,0,0,0,0,0,0,0,0,0,0
`05,`064,District - Almora,`53,`000,`0000,Postal and courier activities,10,6,4,0,0,0,10,6,4,2,2,0,0,0,0,2,2,0
`05,`064,District - Almora,`53,`531,`0000,Postal activities,10,6,4,0,0,0,10,6,4,0,0,0,0,0,0,0,0,0
`05,`064,District - Almora,`53,`531,`5310,Postal activities,10,6,4,0,0,0,10,6,4,0,0,0,0,0,0,0,0,0
`05,`064,District - Almora,`53,`532,`0000,Courier activities,0,0,0,0,0,0,0,0,0,2,2,0,0,0,0,2,2,0
`05,`064,District - Almora,`53,`532,`5320,Courier activities,0,0,0,0,0,0,0,0,0,2,2,0,0,0,0,2,2,0
`05,`064,District - Almora,`55,`000,`0000,Accommodation,6,4,2,6,4,2,0,0,0,0,0,0,0,0,0,0,0,0
`05,`064,District - Almora,`55,`551,`0000,Short term accommodation activities,6,4,2,6,4,2,0,0,0,0,0,0,0,0,0,0,0,0
`05,`064,District - Almora,`55,`551,`5510,Short term accommodation activities,6,4,2,6,4,2,0,0,0,0,0,0,0,0,0,0,0,0
`05,`064,District - Almora,`60,`000,`0000,Broadcasting and programming activities,2,0,2,0,0,0,2,0,2,0,0,0,0,0,0,0,0,0
`05,`064,District - Almora,`60,`601,`0000,Radio broadcasting,2,0,2,0,0,0,2,0,2,0,0,0,0,0,0,0,0,0
`05,`064,District - Almora,`60,`601,`6010,Radio broadcasting,2,0,2,0,0,0,2,0,2,0,0,0,0,0,0,0,0,0
`05,`064,District - Almora,`61,`000,`0000,Telecommunications,4,4,0,0,0,0,4,4,0,0,0,0,0,0,0,0,0,0
`05,`064,District - Almora,`61,`619,`0000,Other telecommunications activities,4,4,0,0,0,0,4,4,0,0,0,0,0,0,0,0,0,0
`05,`064,District - Almora,`61,`619,`6190,Other telecommunications activities,4,4,0,0,0,0,4,4,0,0,0,0,0,0,0,0,0,0
`05,`064,District - Almora,`62,`000,`0000,"Computer programming, consultancy and related activities",2,2,0,2,2,0,0,0,0,0,0,0,0,0,0,0,0,0
`05,`064,District - Almora,`62,`620,`0000,"Computer programming, consultancy and related activities",2,2,0,2,2,0,0,0,0,0,0,0,0,0,0,0,0,0
`05,`064,District - Almora,`62,`620,`6209,Other information technology and computer service activities,2,2,0,2,2,0,0,0,0,0,0,0,0,0,0,0,0,0
`05,`064,District - Almora,`63,`000,`0000,Information service activities,8,6,2,4,2,2,4,4,0,0,0,0,0,0,0,0,0,0
`05,`064,District - Almora,`63,`639,`0000,Other information service activities,8,6,2,4,2,2,4,4,0,0,0,0,0,0,0,0,0,0
`05,`064,District - Almora,`63,`639,`6399,Other information service activities n.e.c.,8,6,2,4,2,2,4,4,0,0,0,0,0,0,0,0,0,0
`05,`064,District - Almora,`64,`000,`0000,"Financial service activities, except insurance and pension funding",20,18,2,4,4,0,16,14,2,0,0,0,0,0,0,0,0,0
`05,`064,District - Almora,`64,`641,`0000,Monetary intermediation,20,18,2,4,4,0,16,14,2,0,0,0,0,0,0,0,0,0
`05,`064,District - Almora,`64,`641,`6411,Central banking,20,18,2,4,4,0,16,14,2,0,0,0,0,0,0,0,0,0
`05,`064,District - Almora,`65,`000,`0000,"Insurance, reinsurance and pension funding, except compulsory social",4,4,0,0,0,0,4,4,0,0,0,0,0,0,0,0,0,0
`05,`064,District - Almora,`65,`651,`0000,Insurance,4,4,0,0,0,0,4,4,0,0,0,0,0,0,0,0,0,0
`05,`064,District - Almora,`65,`651,`6511,Life insurance,4,4,0,0,0,0,4,4,0,0,0,0,0,0,0,0,0,0
`05,`064,District - Almora,`66,`000,`0000,Other financial activities,2,2,0,2,2,0,0,0,0,0,0,0,0,0,0,0,0,0
`05,`064,District - Almora,`66,`662,`0000,Activities auxiliary to insurance and pension funding,2,2,0,2,2,0,0,0,0,0,0,0,0,0,0,0,0,0
`05,`064,District - Almora,`66,`662,`6629,Other activities auxiliary to insurance and pension funding,2,2,0,2,2,0,0,0,0,0,0,0,0,0,0,0,0,0
`05,`064,District - Almora,`74,`000,`0000,"Other professional, scientific and technical activities",2,2,0,0,0,0,2,2,0,0,0,0,0,0,0,0,0,0
`05,`064,District - Almora,`74,`749,`0000,"Other professional, scientific and technical activities n.e.c.",2,2,0,0,0,0,2,2,0,0,0,0,0,0,0,0,0,0
`05,`064,District - Almora,`74,`749,`7490,"Other professional, scientific and technical activities n.e.c.",2,2,0,0,0,0,2,2,0,0,0,0,0,0,0,0,0,0
`05,`064,District - Almora,`82,`000,`0000,"Office administrative, office support and other business support activities",2,2,0,0,0,0,2,2,0,0,0,0,0,0,0,0,0,0
`05,`064,District - Almora,`82,`829,`0000,Business support service activities n.e.c.,2,2,0,0,0,0,2,2,0,0,0,0,0,0,0,0,0,0
`05,`064,District - Almora,`82,`829,`8299,Other business support service activities n.e.c.,2,2,0,0,0,0,2,2,0,0,0,0,0,0,0,0,0,0
`05,`064,District - Almora,`84,`000,`0000,Public administration and defence; compulsory social security,88,74,14,46,42,4,42,32,10,0,0,0,0,0,0,0,0,0
`05,`064,District - Almora,`84,`841,`0000,Administration of the State and the economic and social policy of the,64,52,12,36,32,4,28,20,8,0,0,0,0,0,0,0,0,0
`05,`064,District - Almora,`84,`841,`8411,General public administration activities,60,50,10,36,32,4,24,18,6,0,0,0,0,0,0,0,0,0
`05,`064,District - Almora,`84,`841,`8412,"Regulation of the activities of providing health care, education, cultural",4,2,2,0,0,0,4,2,2,0,0,0,0,0,0,0,0,0
`05,`064,District - Almora,`84,`842,`0000,Provision of services to the community as a whole,24,22,2,10,10,0,14,12,2,0,0,0,0,0,0,0,0,0
`05,`064,District - Almora,`84,`842,`8422,Defence activities,12,10,2,2,2,0,10,8,2,0,0,0,0,0,0,0,0,0
`05,`064,District - Almora,`84,`842,`8423,Public order and safety activities,12,12,0,8,8,0,4,4,0,0,0,0,0,0,0,0,0,0
`05,`064,District - Almora,`85,`000,`0000,Education,66,40,26,42,30,12,24,10,14,0,0,0,0,0,0,0,0,0
`05,`064,District - Almora,`85,`851,`0000,Primary education,34,20,14,24,16,8,10,4,6,0,0,0,0,0,0,0,0,0
`05,`064,District - Almora,`85,`851,`8510,Primary education,34,20,14,24,16,8,10,4,6,0,0,0,0,0,0,0,0,0
`05,`064,District - Almora,`85,`852,`0000,Secondary education,28,16,12,16,12,4,12,4,8,0,0,0,0,0,0,0,0,0
`05,`064,District - Almora,`85,`852,`8521,General secondary education,24,14,10,16,12,4,8,2,6,0,0,0,0,0,0,0,0,0
`05,`064,District - Almora,`85,`852,`8522,Technical and vocational secondary education,4,2,2,0,0,0,4,2,2,0,0,0,0,0,0,0,0,0
`05,`064,District - Almora,`85,`853,`0000,Higher education,2,2,0,0,0,0,2,2,0,0,0,0,0,0,0,0,0,0
`05,`064,District - Almora,`85,`853,`8530,Higher education,2,2,0,0,0,0,2,2,0,0,0,0,0,0,0,0,0,0
`05,`064,District - Almora,`85,`855,`0000,Educational support services,2,2,0,2,2,0,0,0,0,0,0,0,0,0,0,0,0,0
`05,`064,District - Almora,`85,`855,`8550,Educational support services,2,2,0,2,2,0,0,0,0,0,0,0,0,0,0,0,0,0
`05,`064,District - Almora,`86,`000,`0000,Human health activities,14,8,6,6,6,0,8,2,6,2,0,2,0,0,0,2,0,2
`05,`064,District - Almora,`86,`861,`0000,Hospital activities,8,6,2,6,6,0,2,0,2,2,0,2,0,0,0,2,0,2
`05,`064,District - Almora,`86,`861,`8610,Hospital activities,8,6,2,6,6,0,2,0,2,2,0,2,0,0,0,2,0,2
`05,`064,District - Almora,`86,`869,`0000,Other human health activities,6,2,4,0,0,0,6,2,4,0,0,0,0,0,0,0,0,0
`05,`064,District - Almora,`86,`869,`8690,Other human health activities,6,2,4,0,0,0,6,2,4,0,0,0,0,0,0,0,0,0
`05,`064,District - Almora,`88,`000,`0000,Social work activities without accommodation,2,0,2,2,0,2,0,0,0,0,0,0,0,0,0,0,0,0
`05,`064,District - Almora,`88,`889,`0000,Other social work activities without accommodation n.e.c.,2,0,2,2,0,2,0,0,0,0,0,0,0,0,0,0,0,0
`05,`064,District - Almora,`88,`889,`8890,Other social work activities without accommodation n.e.c.,2,0,2,2,0,2,0,0,0,0,0,0,0,0,0,0,0,0
`05,`064,District - Almora,`94,`000,`0000,Activities of membership organizations,2,2,0,0,0,0,2,2,0,0,0,0,0,0,0,0,0,0
`05,`064,District - Almora,`94,`949,`0000,Activities of other membership organizations,2,2,0,0,0,0,2,2,0,0,0,0,0,0,0,0,0,0
`05,`064,District - Almora,`94,`949,`9492,Activities of political organizations,2,2,0,0,0,0,2,2,0,0,0,0,0,0,0,0,0,0
`05,`064,District - Almora,`95,`000,`0000,Repair of computers and personal and household goods,0,0,0,0,0,0,0,0,0,2,2,0,2,2,0,0,0,0
`05,`064,District - Almora,`95,`952,`0000,Repair of personal and household goods,0,0,0,0,0,0,0,0,0,2,2,0,2,2,0,0,0,0
`05,`064,District - Almora,`95,`952,`9529,"Repair of personal and household goods, n.e.c.",0,0,0,0,0,0,0,0,0,2,2,0,2,2,0,0,0,0
`05,`064,District - Almora,`96,`000,`0000,Other personal service activities,2,2,0,2,2,0,0,0,0,0,0,0,0,0,0,0,0,0
`05,`064,District - Almora,`96,`960,`0000,Other personal service activities,2,2,0,2,2,0,0,0,0,0,0,0,0,0,0,0,0,0
`05,`064,District - Almora,`96,`960,`9602,Hairdressing and other beauty treatment,2,2,0,2,2,0,0,0,0,0,0,0,0,0,0,0,0,0
`05,`064,District - Almora,`97,`000,`0000,Activities of households as employers of domestic personnel,2,2,0,0,0,0,2,2,0,0,0,0,0,0,0,0,0,0
`05,`064,District - Almora,`97,`970,`0000,Activities of households as employers of domestic personnel,2,2,0,0,0,0,2,2,0,0,0,0,0,0,0,0,0,0
`05,`064,District - Almora,`97,`970,`9700,Activities of households as employers of domestic personnel,2,2,0,0,0,0,2,2,0,0,0,0,0,0,0,0,0,0
`05,`064,District - Almora,`99,`000,`0000,Activities of extraterritorial organizations and bodies,8,6,2,8,6,2,0,0,0,6,2,4,4,0,4,2,2,0
`05,`064,District - Almora,`99,`991,`0000,Blank etc.,2,2,0,2,2,0,0,0,0,4,2,2,2,0,2,2,2,0
`05,`064,District - Almora,`99,`991,`9910,Blank etc.,2,2,0,2,2,0,0,0,0,4,2,2,2,0,2,2,2,0
`05,`064,District - Almora,`99,`992,`0000,Incomplete description/ Wrongly Classifed,6,4,2,6,4,2,0,0,0,2,0,2,2,0,2,0,0,0
`05,`064,District - Almora,`99,`992,`9920,Incomplete description/ Wrongly Classifed,6,4,2,6,4,2,0,0,0,2,0,2,2,0,2,0,0,0
`05,`065,District - Champawat,`00,`000,`0000,Total,336,291,45,270,236,34,66,55,11,41,28,13,38,26,12,3,2,1
`05,`065,District - Champawat,`01,`000,`0000,"Crop and animal production, hunting and related service activities",14,10,4,14,10,4,0,0,0,6,4,2,6,4,2,0,0,0
`05,`065,District - Champawat,`01,`014,`0000,Animal production,10,8,2,10,8,2,0,0,0,6,4,2,6,4,2,0,0,0
`05,`065,District - Champawat,`01,`014,`0141,Raising of cattle and buffaloes,0,0,0,0,0,0,0,0,0,4,2,2,4,2,2,0,0,0
`05,`065,District - Champawat,`01,`014,`0144,Raising of sheep and goats,10,8,2,10,8,2,0,0,0,0,0,0,0,0,0,0,0,0
`05,`065,District - Champawat,`01,`014,`0149,Raising of other animals,0,0,0,0,0,0,0,0,0,2,2,0,2,2,0,0,0,0
`05,`065,District - Champawat,`01,`016,`0000,Support activities to agriculture and post-harvest crop activities,4,2,2,4,2,2,0,0,0,0,0,0,0,0,0,0,0,0
`05,`065,District - Champawat,`01,`016,`0161,Support activities for crop production,4,2,2,4,2,2,0,0,0,0,0,0,0,0,0,0,0,0
`05,`065,District - Champawat,`02,`000,`0000,Forestry and logging,0,0,0,0,0,0,0,0,0,4,0,4,4,0,4,0,0,0
`05,`065,District - Champawat,`02,`022,`0000,Logging,0,0,0,0,0,0,0,0,0,4,0,4,4,0,4,0,0,0
`05,`065,District - Champawat,`02,`022,`0220,Logging,0,0,0,0,0,0,0,0,0,4,0,4,4,0,4,0,0,0
`05,`065,District - Champawat,`08,`000,`0000,Other mining and quarrying,0,0,0,0,0,0,0,0,0,2,2,0,2,2,0,0,0,0
`05,`065,District - Champawat,`08,`081,`0000,"Quarrying of stone, sand and clay",0,0,0,0,0,0,0,0,0,2,2,0,2,2,0,0,0,0
`05,`065,District - Champawat,`08,`081,`0810,"Quarrying of stone, sand and clay",0,0,0,0,0,0,0,0,0,2,2,0,2,2,0,0,0,0
`05,`065,District - Champawat,`10,`000,`0000,Manufacture of food products,0,0,0,0,0,0,0,0,0,8,8,0,8,8,0,0,0,0
`05,`065,District - Champawat,`10,`105,`0000,Manufacture of dairy products,0,0,0,0,0,0,0,0,0,8,8,0,8,8,0,0,0,0
`05,`065,District - Champawat,`10,`105,`1050,Manufacture of dairy products,0,0,0,0,0,0,0,0,0,8,8,0,8,8,0,0,0,0
`05,`065,District - Champawat,`13,`000,`0000,Manufacture of textiles,4,0,4,4,0,4,0,0,0,1,1,0,0,0,0,1,1,0
`05,`065,District - Champawat,`13,`131,`0000,"Spinning, weaving and finishing of textiles",4,0,4,4,0,4,0,0,0,1,1,0,0,0,0,1,1,0
`05,`065,District - Champawat,`13,`131,`1312,Weaving of textiles,4,0,4,4,0,4,0,0,0,1,1,0,0,0,0,1,1,0
`05,`065,District - Champawat,`14,`000,`0000,Manufacture of wearing apparel,2,2,0,2,2,0,0,0,0,0,0,0,0,0,0,0,0,0
`05,`065,District - Champawat,`14,`141,`0000,"Manufacture of wearing apparel, except fur apparel",2,2,0,2,2,0,0,0,0,0,0,0,0,0,0,0,0,0
`05,`065,District - Champawat,`14,`141,`1410,"Manufacture of wearing apparel, except fur apparel",2,2,0,2,2,0,0,0,0,0,0,0,0,0,0,0,0,0
`05,`065,District - Champawat,`41,`000,`0000,Construction of buildings,18,11,7,14,8,6,4,3,1,6,6,0,6,6,0,0,0,0
`05,`065,District - Champawat,`41,`410,`0000,Construction of buildings,18,11,7,14,8,6,4,3,1,6,6,0,6,6,0,0,0,0
`05,`065,District - Champawat,`41,`410,`4100,Construction of buildings,18,11,7,14,8,6,4,3,1,6,6,0,6,6,0,0,0,0
`05,`065,District - Champawat,`42,`000,`0000,Civil engineering,1,1,0,0,0,0,1,1,0,0,0,0,0,0,0,0,0,0
`05,`065,District - Champawat,`42,`421,`0000,Construction of roads and railways,1,1,0,0,0,0,1,1,0,0,0,0,0,0,0,0,0,0
`05,`065,District - Champawat,`42,`421,`4210,Construction roads and railways,1,1,0,0,0,0,1,1,0,0,0,0,0,0,0,0,0,0
`05,`065,District - Champawat,`47,`000,`0000,"Retail trade, except of motor vehicles and motorcycles",15,13,2,12,10,2,3,3,0,3,3,0,2,2,0,1,1,0
`05,`065,District - Champawat,`47,`472,`0000,"Retail sale of food, beverages and tobacco in specialized stores",3,1,2,2,0,2,1,1,0,0,0,0,0,0,0,0,0,0
`05,`065,District - Champawat,`47,`472,`4721,Retail sale of food in specialized stores,3,1,2,2,0,2,1,1,0,0,0,0,0,0,0,0,0,0
`05,`065,District - Champawat,`47,`475,`0000,Retail sale of other household equipment in specialized stores,3,3,0,2,2,0,1,1,0,1,1,0,0,0,0,1,1,0
`05,`065,District - Champawat,`47,`475,`4752,"Retail sale of hardware, paints and glass in specialized stores",2,2,0,2,2,0,0,0,0,0,0,0,0,0,0,0,0,0
`05,`065,District - Champawat,`47,`475,`4753,"Retail sale of carpets, rugs, wall and floor coverings in specialized",0,0,0,0,0,0,0,0,0,1,1,0,0,0,0,1,1,0
`05,`065,District - Champawat,`47,`475,`4759,"Retail sale of electrical household appliances, furniture, lighting",1,1,0,0,0,0,1,1,0,0,0,0,0,0,0,0,0,0
`05,`065,District - Champawat,`47,`478,`0000,Retail sale via stalls and markets,5,5,0,4,4,0,1,1,0,2,2,0,2,2,0,0,0,0
`05,`065,District - Champawat,`47,`478,`4789,Retail sale via stalls and markets of other goods,5,5,0,4,4,0,1,1,0,2,2,0,2,2,0,0,0,0
`05,`065,District - Champawat,`47,`479,`0000,"Retail trade not in stores, stalls or markets",4,4,0,4,4,0,0,0,0,0,0,0,0,0,0,0,0,0
`05,`065,District - Champawat,`47,`479,`4799,"Other retail sale not in stores, stalls or markets",4,4,0,4,4,0,0,0,0,0,0,0,0,0,0,0,0,0
`05,`065,District - Champawat,`49,`000,`0000,Land transport and transport via pipelines,12,12,0,6,6,0,6,6,0,2,2,0,2,2,0,0,0,0
`05,`065,District - Champawat,`49,`491,`0000,Transport via railways,3,3,0,2,2,0,1,1,0,0,0,0,0,0,0,0,0,0
`05,`065,District - Champawat,`49,`491,`4911,Passenger rail transport,3,3,0,2,2,0,1,1,0,0,0,0,0,0,0,0,0,0
`05,`065,District - Champawat,`49,`492,`0000,Other land transport,9,9,0,4,4,0,5,5,0,2,2,0,2,2,0,0,0,0
`05,`065,District - Champawat,`49,`492,`4921,Urban or suburban passenger land transport,6,6,0,4,4,0,2,2,0,0,0,0,0,0,0,0,0,0
`05,`065,District - Champawat,`49,`492,`4922,Other passenger land transport,3,3,0,0,0,0,3,3,0,2,2,0,2,2,0,0,0,0
`05,`065,District - Champawat,`56,`000,`0000,Food and beverage service activities,6,6,0,6,6,0,0,0,0,0,0,0,0,0,0,0,0,0
`05,`065,District - Champawat,`56,`563,`0000,Beverage serving activities,6,6,0,6,6,0,0,0,0,0,0,0,0,0,0,0,0,0
`05,`065,District - Champawat,`56,`563,`5630,Beverage serving activities,6,6,0,6,6,0,0,0,0,0,0,0,0,0,0,0,0,0
`05,`065,District - Champawat,`64,`000,`0000,"Financial service activities, except insurance and pension funding",3,3,0,0,0,0,3,3,0,0,0,0,0,0,0,0,0,0
`05,`065,District - Champawat,`64,`641,`0000,Monetary intermediation,3,3,0,0,0,0,3,3,0,0,0,0,0,0,0,0,0,0
`05,`065,District - Champawat,`64,`641,`6411,Central banking,3,3,0,0,0,0,3,3,0,0,0,0,0,0,0,0,0,0
`05,`065,District - Champawat,`65,`000,`0000,"Insurance, reinsurance and pension funding, except compulsory social",6,6,0,4,4,0,2,2,0,0,0,0,0,0,0,0,0,0
`05,`065,District - Champawat,`65,`651,`0000,Insurance,6,6,0,4,4,0,2,2,0,0,0,0,0,0,0,0,0,0
`05,`065,District - Champawat,`65,`651,`6511,Life insurance,6,6,0,4,4,0,2,2,0,0,0,0,0,0,0,0,0,0
`05,`065,District - Champawat,`82,`000,`0000,"Office administrative, office support and other business support activities",2,2,0,2,2,0,0,0,0,0,0,0,0,0,0,0,0,0
`05,`065,District - Champawat,`82,`829,`0000,Business support service activities n.e.c.,2,2,0,2,2,0,0,0,0,0,0,0,0,0,0,0,0,0
`05,`065,District - Champawat,`82,`829,`8299,Other business support service activities n.e.c.,2,2,0,2,2,0,0,0,0,0,0,0,0,0,0,0,0,0
`05,`065,District - Champawat,`84,`000,`0000,Public administration and defence; compulsory social security,210,204,6,176,174,2,34,30,4,0,0,0,0,0,0,0,0,0
`05,`065,District - Champawat,`84,`841,`0000,Administration of the State and the economic and social policy of the,86,83,3,66,66,0,20,17,3,0,0,0,0,0,0,0,0,0
`05,`065,District - Champawat,`84,`841,`8411,General public administration activities,86,83,3,66,66,0,20,17,3,0,0,0,0,0,0,0,0,0
`05,`065,District - Champawat,`84,`842,`0000,Provision of services to the community as a whole,124,121,3,110,108,2,14,13,1,0,0,0,0,0,0,0,0,0
`05,`065,District - Champawat,`84,`842,`8422,Defence activities,101,100,1,90,90,0,11,10,1,0,0,0,0,0,0,0,0,0
`05,`065,District - Champawat,`84,`842,`8423,Public order and safety activities,23,21,2,20,18,2,3,3,0,0,0,0,0,0,0,0,0,0
`05,`065,District - Champawat,`85,`000,`0000,Education,28,19,9,20,14,6,8,5,3,2,0,2,2,0,2,0,0,0
`05,`065,District - Champawat,`85,`851,`0000,Primary education,15,12,3,10,8,2,5,4,1,0,0,0,0,0,0,0,0,0
`05,`065,District - Champawat,`85,`851,`8510,Primary education,15,12,3,10,8,2,5,4,1,0,0,0,0,0,0,0,0,0
`05,`065,District - Champawat,`85,`852,`0000,Secondary education,7,4,3,6,4,2,1,0,1,0,0,0,0,0,0,0,0,0
`05,`065,District - Champawat,`85,`852,`8521,General secondary education,7,4,3,6,4,2,1,0,1,0,0,0,0,0,0,0,0,0
`05,`065,District - Champawat,`85,`853,`0000,Higher education,1,0,1,0,0,0,1,0,1,0,0,0,0,0,0,0,0,0
`05,`065,District - Champawat,`85,`853,`8530,Higher education,1,0,1,0,0,0,1,0,1,0,0,0,0,0,0,0,0,0
`05,`065,District - Champawat,`85,`854,`0000,Other education,0,0,0,0,0,0,0,0,0,2,0,2,2,0,2,0,0,0
`05,`065,District - Champawat,`85,`854,`8549,Other education n.e.c.,0,0,0,0,0,0,0,0,0,2,0,2,2,0,2,0,0,0
`05,`065,District - Champawat,`85,`855,`0000,Educational support services,5,3,2,4,2,2,1,1,0,0,0,0,0,0,0,0,0,0
`05,`065,District - Champawat,`85,`855,`8550,Educational support services,5,3,2,4,2,2,1,1,0,0,0,0,0,0,0,0,0,0
`05,`065,District - Champawat,`86,`000,`0000,Human health activities,3,1,2,2,0,2,1,1,0,0,0,0,0,0,0,0,0,0
`05,`065,District - Champawat,`86,`869,`0000,Other human health activities,3,1,2,2,0,2,1,1,0,0,0,0,0,0,0,0,0,0
`05,`065,District - Champawat,`86,`869,`8690,Other human health activities,3,1,2,2,0,2,1,1,0,0,0,0,0,0,0,0,0,0
`05,`065,District - Champawat,`94,`000,`0000,Activities of membership organizations,2,0,2,2,0,2,0,0,0,0,0,0,0,0,0,0,0,0
`05,`065,District - Champawat,`94,`949,`0000,Activities of other membership organizations,2,0,2,2,0,2,0,0,0,0,0,0,0,0,0,0,0,0
`05,`065,District - Champawat,`94,`949,`9492,Activities of political organizations,2,0,2,2,0,2,0,0,0,0,0,0,0,0,0,0,0,0
`05,`065,District - Champawat,`97,`000,`0000,Activities of households as employers of domestic personnel,3,0,3,0,0,0,3,0,3,2,0,2,2,0,2,0,0,0
`05,`065,District - Champawat,`97,`970,`0000,Activities of households as employers of domestic personnel,3,0,3,0,0,0,3,0,3,2,0,2,2,0,2,0,0,0
`05,`065,District - Champawat,`97,`970,`9700,Activities of households as employers of domestic personnel,3,0,3,0,0,0,3,0,3,2,0,2,2,0,2,0,0,0
`05,`065,District - Champawat,`99,`000,`0000,Activities of extraterritorial organizations and bodies,7,1,6,6,0,6,1,1,0,5,2,3,4,2,2,1,0,1
`05,`065,District - Champawat,`99,`991,`0000,Blank etc.,5,1,4,4,0,4,1,1,0,0,0,0,0,0,0,0,0,0
`05,`065,District - Champawat,`99,`991,`9910,Blank etc.,5,1,4,4,0,4,1,1,0,0,0,0,0,0,0,0,0,0
`05,`065,District - Champawat,`99,`992,`0000,Incomplete description/ Wrongly Classifed,2,0,2,2,0,2,0,0,0,5,2,3,4,2,2,1,0,1
`05,`065,District - Champawat,`99,`992,`9920,Incomplete description/ Wrongly Classifed,2,0,2,2,0,2,0,0,0,5,2,3,4,2,2,1,0,1
`05,`066,District - Nainital,`00,`000,`0000,Total,1108,836,272,566,422,144,542,414,128,128,76,52,120,70,50,8,6,2
`05,`066,District - Nainital,`01,`000,`0000,"Crop and animal production, hunting and related service activities",10,6,4,10,6,4,0,0,0,14,2,12,14,2,12,0,0,0
`05,`066,District - Nainital,`01,`011,`0000,Growing of non-perennial crops,2,2,0,2,2,0,0,0,0,2,0,2,2,0,2,0,0,0
`05,`066,District - Nainital,`01,`011,`0111,"Growing of cereals (except rice), leguminous crops and oil seeds",2,2,0,2,2,0,0,0,0,0,0,0,0,0,0,0,0,0
`05,`066,District - Nainital,`01,`011,`0119,Growing of other non-perennial crop,0,0,0,0,0,0,0,0,0,2,0,2,2,0,2,0,0,0
`05,`066,District - Nainital,`01,`012,`0000,Growing of perennial crops,2,0,2,2,0,2,0,0,0,0,0,0,0,0,0,0,0,0
`05,`066,District - Nainital,`01,`012,`0127,Growing of beverage crops,2,0,2,2,0,2,0,0,0,0,0,0,0,0,0,0,0,0
`05,`066,District - Nainital,`01,`014,`0000,Animal production,6,4,2,6,4,2,0,0,0,6,0,6,6,0,6,0,0,0
`05,`066,District - Nainital,`01,`014,`0141,Raising of cattle and buffaloes,2,2,0,2,2,0,0,0,0,4,0,4,4,0,4,0,0,0
`05,`066,District - Nainital,`01,`014,`0149,Raising of other animals,4,2,2,4,2,2,0,0,0,2,0,2,2,0,2,0,0,0
`05,`066,District - Nainital,`01,`016,`0000,Support activities to agriculture and post-harvest crop activities,0,0,0,0,0,0,0,0,0,6,2,4,6,2,4,0,0,0
`05,`066,District - Nainital,`01,`016,`0161,Support activities for crop production,0,0,0,0,0,0,0,0,0,2,2,0,2,2,0,0,0,0
`05,`066,District - Nainital,`01,`016,`0163,Post-harvest crop activities,0,0,0,0,0,0,0,0,0,4,0,4,4,0,4,0,0,0
`05,`066,District - Nainital,`02,`000,`0000,Forestry and logging,2,2,0,0,0,0,2,2,0,2,0,2,2,0,2,0,0,0
`05,`066,District - Nainital,`02,`021,`0000,Silviculture and other forestry activities,2,2,0,0,0,0,2,2,0,0,0,0,0,0,0,0,0,0
`05,`066,District - Nainital,`02,`021,`0210,Silviculture and other forestry activities,2,2,0,0,0,0,2,2,0,0,0,0,0,0,0,0,0,0
`05,`066,District - Nainital,`02,`022,`0000,Logging,0,0,0,0,0,0,0,0,0,2,0,2,2,0,2,0,0,0
`05,`066,District - Nainital,`02,`022,`0220,Logging,0,0,0,0,0,0,0,0,0,2,0,2,2,0,2,0,0,0
`05,`066,District - Nainital,`08,`000,`0000,Other mining and quarrying,0,0,0,0,0,0,0,0,0,4,4,0,4,4,0,0,0,0
`05,`066,District - Nainital,`08,`081,`0000,"Quarrying of stone, sand and clay",0,0,0,0,0,0,0,0,0,2,2,0,2,2,0,0,0,0
`05,`066,District - Nainital,`08,`081,`0810,"Quarrying of stone, sand and clay",0,0,0,0,0,0,0,0,0,2,2,0,2,2,0,0,0,0
`05,`066,District - Nainital,`08,`089,`0000,Mining and quarrying n.e.c.,0,0,0,0,0,0,0,0,0,2,2,0,2,2,0,0,0,0
`05,`066,District - Nainital,`08,`089,`0899,Other mining and quarrying n.e.c.,0,0,0,0,0,0,0,0,0,2,2,0,2,2,0,0,0,0
`05,`066,District - Nainital,`10,`000,`0000,Manufacture of food products,6,6,0,4,4,0,2,2,0,0,0,0,0,0,0,0,0,0
`05,`066,District - Nainital,`10,`102,`0000,"Processing and preserving of fish, crustaceans and molluscs",2,2,0,0,0,0,2,2,0,0,0,0,0,0,0,0,0,0
`05,`066,District - Nainital,`10,`102,`1020,"Processing and preserving of fish, crustaceans and molluscs and",2,2,0,0,0,0,2,2,0,0,0,0,0,0,0,0,0,0
`05,`066,District - Nainital,`10,`107,`0000,Manufacture of other food products,4,4,0,4,4,0,0,0,0,0,0,0,0,0,0,0,0,0
`05,`066,District - Nainital,`10,`107,`1071,Manufacture of bakery products,2,2,0,2,2,0,0,0,0,0,0,0,0,0,0,0,0,0
`05,`066,District - Nainital,`10,`107,`1073,"Manufacture of cocoa, chocolate and sugar confectionery",2,2,0,2,2,0,0,0,0,0,0,0,0,0,0,0,0,0
`05,`066,District - Nainital,`12,`000,`0000,Manufacture of tobacco products,6,4,2,6,4,2,0,0,0,0,0,0,0,0,0,0,0,0
`05,`066,District - Nainital,`12,`120,`0000,Manufacture of tobacco products,6,4,2,6,4,2,0,0,0,0,0,0,0,0,0,0,0,0
`05,`066,District - Nainital,`12,`120,`1200,Manufacture of tobacco products,6,4,2,6,4,2,0,0,0,0,0,0,0,0,0,0,0,0
`05,`066,District - Nainital,`13,`000,`0000,Manufacture of textiles,16,10,6,14,10,4,2,0,2,2,0,2,2,0,2,0,0,0
`05,`066,District - Nainital,`13,`131,`0000,"Spinning, weaving and finishing of textiles",12,8,4,12,8,4,0,0,0,2,0,2,2,0,2,0,0,0
`05,`066,District - Nainital,`13,`131,`1311,Preparation and spinning of textile fibres,2,0,2,2,0,2,0,0,0,2,0,2,2,0,2,0,0,0
`05,`066,District - Nainital,`13,`131,`1312,Weaving of textiles,10,8,2,10,8,2,0,0,0,0,0,0,0,0,0,0,0,0
`05,`066,District - Nainital,`13,`139,`0000,Manufacture of other textiles,4,2,2,2,2,0,2,0,2,0,0,0,0,0,0,0,0,0
`05,`066,District - Nainital,`13,`139,`1394,"Manufacture of cordage, rope, twine and netting",2,2,0,2,2,0,0,0,0,0,0,0,0,0,0,0,0,0
`05,`066,District - Nainital,`13,`139,`1399,Manufacture of other textiles n.e.c.,2,0,2,0,0,0,2,0,2,0,0,0,0,0,0,0,0,0
`05,`066,District - Nainital,`14,`000,`0000,Manufacture of wearing apparel,6,4,2,4,2,2,2,2,0,2,0,2,2,0,2,0,0,0
`05,`066,District - Nainital,`14,`141,`0000,"Manufacture of wearing apparel, except fur apparel",6,4,2,4,2,2,2,2,0,2,0,2,2,0,2,0,0,0
`05,`066,District - Nainital,`14,`141,`1410,"Manufacture of wearing apparel, except fur apparel",6,4,2,4,2,2,2,2,0,2,0,2,2,0,2,0,0,0
`05,`066,District - Nainital,`17,`000,`0000,Manufacture of paper and paper products,4,4,0,4,4,0,0,0,0,2,2,0,2,2,0,0,0,0
`05,`066,District - Nainital,`17,`170,`0000,Manufacture of paper and paper products,4,4,0,4,4,0,0,0,0,2,2,0,2,2,0,0,0,0
`05,`066,District - Nainital,`17,`170,`1709,Manufacture of other articles of paper and paperboard,4,4,0,4,4,0,0,0,0,2,2,0,2,2,0,0,0,0
`05,`066,District - Nainital,`18,`000,`0000,Printing and reproduction of recorded media,2,2,0,2,2,0,0,0,0,0,0,0,0,0,0,0,0,0
`05,`066,District - Nainital,`18,`181,`0000,Printing and service activities related to printing,2,2,0,2,2,0,0,0,0,0,0,0,0,0,0,0,0,0
`05,`066,District - Nainital,`18,`181,`1812,Service activities related to printing,2,2,0,2,2,0,0,0,0,0,0,0,0,0,0,0,0,0
`05,`066,District - Nainital,`20,`000,`0000,Manufacture of chemicals and chemical products,2,2,0,2,2,0,0,0,0,0,0,0,0,0,0,0,0,0
`05,`066,District - Nainital,`20,`202,`0000,Manufacture of other chemical products,2,2,0,2,2,0,0,0,0,0,0,0,0,0,0,0,0,0
`05,`066,District - Nainital,`20,`202,`2022,"Manufacture of paints, varnishes and similar coatings, printing ink and",2,2,0,2,2,0,0,0,0,0,0,0,0,0,0,0,0,0
`05,`066,District - Nainital,`22,`000,`0000,Manufacture of rubber and plastics products,0,0,0,0,0,0,0,0,0,2,2,0,2,2,0,0,0,0
`05,`066,District - Nainital,`22,`222,`0000,Manufacture of plastics products,0,0,0,0,0,0,0,0,0,2,2,0,2,2,0,0,0,0
`05,`066,District - Nainital,`22,`222,`2220,Manufacture of plastics products,0,0,0,0,0,0,0,0,0,2,2,0,2,2,0,0,0,0
`05,`066,District - Nainital,`23,`000,`0000,Manufacture of other non-metallic mineral products,4,2,2,4,2,2,0,0,0,0,0,0,0,0,0,0,0,0
`05,`066,District - Nainital,`23,`239,`0000,Manufacture of non-metallic mineral products n.e.c.,4,2,2,4,2,2,0,0,0,0,0,0,0,0,0,0,0,0
`05,`066,District - Nainital,`23,`239,`2392,Manufacture of clay building materials,4,2,2,4,2,2,0,0,0,0,0,0,0,0,0,0,0,0
`05,`066,District - Nainital,`26,`000,`0000,"Manufacture of computer, electronic and optical products",4,4,0,4,4,0,0,0,0,0,0,0,0,0,0,0,0,0
`05,`066,District - Nainital,`26,`265,`0000,"Manufacture of measuring, testing, navigating and control equipment;",4,4,0,4,4,0,0,0,0,0,0,0,0,0,0,0,0,0
`05,`066,District - Nainital,`26,`265,`2652,Manufacture of watches and clocks,4,4,0,4,4,0,0,0,0,0,0,0,0,0,0,0,0,0
`05,`066,District - Nainital,`27,`000,`0000,Manufacture of electrical equipment,12,12,0,12,12,0,0,0,0,2,2,0,2,2,0,0,0,0
`05,`066,District - Nainital,`27,`274,`0000,Manufacture of electric lighting equipment,12,12,0,12,12,0,0,0,0,2,2,0,2,2,0,0,0,0
`05,`066,District - Nainital,`27,`274,`2740,Manufacture of electric lighting equipment,12,12,0,12,12,0,0,0,0,2,2,0,2,2,0,0,0,0
`05,`066,District - Nainital,`28,`000,`0000,Manufacture of machinery and equipment n.e.c.,4,4,0,4,4,0,0,0,0,0,0,0,0,0,0,0,0,0
`05,`066,District - Nainital,`28,`281,`0000,Manufacture of general purpose machinery,4,4,0,4,4,0,0,0,0,0,0,0,0,0,0,0,0,0
`05,`066,District - Nainital,`28,`281,`2813,"Manufacture of other pumps, compressors, taps and valves",4,4,0,4,4,0,0,0,0,0,0,0,0,0,0,0,0,0
`05,`066,District - Nainital,`30,`000,`0000,Manufacture of other transport equipment,2,2,0,2,2,0,0,0,0,0,0,0,0,0,0,0,0,0
`05,`066,District - Nainital,`30,`309,`0000,Manufacture of transport equipment n.e.c.,2,2,0,2,2,0,0,0,0,0,0,0,0,0,0,0,0,0
`05,`066,District - Nainital,`30,`309,`3099,Manufacture of other transport equipment n.e.c.,2,2,0,2,2,0,0,0,0,0,0,0,0,0,0,0,0,0
`05,`066,District - Nainital,`32,`000,`0000,Other manufacturing,30,26,4,26,22,4,4,4,0,2,2,0,2,2,0,0,0,0
`05,`066,District - Nainital,`32,`324,`0000,Manufacture of games and toys,4,4,0,0,0,0,4,4,0,0,0,0,0,0,0,0,0,0
`05,`066,District - Nainital,`32,`324,`3240,Manufacture of games and toys,4,4,0,0,0,0,4,4,0,0,0,0,0,0,0,0,0,0
`05,`066,District - Nainital,`32,`329,`0000,Other manufacturing n.e.c.,26,22,4,26,22,4,0,0,0,2,2,0,2,2,0,0,0,0
`05,`066,District - Nainital,`32,`329,`3290,Other manufacturing n.e.c.,26,22,4,26,22,4,0,0,0,2,2,0,2,2,0,0,0,0
`05,`066,District - Nainital,`35,`000,`0000,"Electricity, gas, steam and air conditioning supply",12,8,4,4,4,0,8,4,4,0,0,0,0,0,0,0,0,0
`05,`066,District - Nainital,`35,`351,`0000,"Electric power generation, transmission and distribution",10,6,4,4,4,0,6,2,4,0,0,0,0,0,0,0,0,0
`05,`066,District - Nainital,`35,`351,`3510,"Electric power generation, transmission and distribution",10,6,4,4,4,0,6,2,4,0,0,0,0,0,0,0,0,0
`05,`066,District - Nainital,`35,`352,`0000,Manufacture of gas; distribution of gaseous fuels through mains,2,2,0,0,0,0,2,2,0,0,0,0,0,0,0,0,0,0
`05,`066,District - Nainital,`35,`352,`3520,Manufacture of gas; distribution of gaseous fuels through mains,2,2,0,0,0,0,2,2,0,0,0,0,0,0,0,0,0,0
`05,`066,District - Nainital,`36,`000,`0000,"Water collection, treatment and supply",2,2,0,0,0,0,2,2,0,0,0,0,0,0,0,0,0,0
`05,`066,District - Nainital,`36,`360,`0000,"Water collection, treatment and supply",2,2,0,0,0,0,2,2,0,0,0,0,0,0,0,0,0,0
`05,`066,District - Nainital,`36,`360,`3600,"Water collection, treatment and supply",2,2,0,0,0,0,2,2,0,0,0,0,0,0,0,0,0,0
`05,`066,District - Nainital,`38,`000,`0000,"Waste collection, treatment and disposal activities; materials recovery",16,14,2,0,0,0,16,14,2,2,2,0,0,0,0,2,2,0
`05,`066,District - Nainital,`38,`381,`0000,Waste collection,16,14,2,0,0,0,16,14,2,2,2,0,0,0,0,2,2,0
`05,`066,District - Nainital,`38,`381,`3811,Collection of non-hazardous waste,16,14,2,0,0,0,16,14,2,2,2,0,0,0,0,2,2,0
`05,`066,District - Nainital,`41,`000,`0000,Construction of buildings,38,34,4,22,18,4,16,16,0,16,14,2,14,12,2,2,2,0
`05,`066,District - Nainital,`41,`410,`0000,Construction of buildings,38,34,4,22,18,4,16,16,0,16,14,2,14,12,2,2,2,0
`05,`066,District - Nainital,`41,`410,`4100,Construction of buildings,38,34,4,22,18,4,16,16,0,16,14,2,14,12,2,2,2,0
`05,`066,District - Nainital,`42,`000,`0000,Civil engineering,2,2,0,2,2,0,0,0,0,0,0,0,0,0,0,0,0,0
`05,`066,District - Nainital,`42,`421,`0000,Construction of roads and railways,2,2,0,2,2,0,0,0,0,0,0,0,0,0,0,0,0,0
`05,`066,District - Nainital,`42,`421,`4210,Construction roads and railways,2,2,0,2,2,0,0,0,0,0,0,0,0,0,0,0,0,0
`05,`066,District - Nainital,`43,`000,`0000,Specialized construction activities,4,4,0,2,2,0,2,2,0,0,0,0,0,0,0,0,0,0
`05,`066,District - Nainital,`43,`432,`0000,"Electrical, plumbing and other construction installation activities",2,2,0,2,2,0,0,0,0,0,0,0,0,0,0,0,0,0
`05,`066,District - Nainital,`43,`432,`4321,Electrical installation,2,2,0,2,2,0,0,0,0,0,0,0,0,0,0,0,0,0
`05,`066,District - Nainital,`43,`433,`0000,Building completion and finishing,2,2,0,0,0,0,2,2,0,0,0,0,0,0,0,0,0,0
`05,`066,District - Nainital,`43,`433,`4330,Building completion and finishing,2,2,0,0,0,0,2,2,0,0,0,0,0,0,0,0,0,0
`05,`066,District - Nainital,`45,`000,`0000,Wholesale and retail trade and repair of motor vehicles and motorcycles,10,10,0,2,2,0,8,8,0,0,0,0,0,0,0,0,0,0
`05,`066,District - Nainital,`45,`451,`0000,Sale of motor vehicles,6,6,0,0,0,0,6,6,0,0,0,0,0,0,0,0,0,0
`05,`066,District - Nainital,`45,`451,`4510,Sale of motor vehicles,6,6,0,0,0,0,6,6,0,0,0,0,0,0,0,0,0,0
`05,`066,District - Nainital,`45,`452,`0000,Maintenance and repair of motor vehicles,2,2,0,2,2,0,0,0,0,0,0,0,0,0,0,0,0,0
`05,`066,District - Nainital,`45,`452,`4520,Maintenance and repair of motor vehicles,2,2,0,2,2,0,0,0,0,0,0,0,0,0,0,0,0,0
`05,`066,District - Nainital,`45,`453,`0000,Sale of motor vehicle parts and accessories,2,2,0,0,0,0,2,2,0,0,0,0,0,0,0,0,0,0
`05,`066,District - Nainital,`45,`453,`4530,Sale of motor vehicle parts and accessories,2,2,0,0,0,0,2,2,0,0,0,0,0,0,0,0,0,0
`05,`066,District - Nainital,`46,`000,`0000,"Wholesale trade, except of motor vehicles and motorcycles",4,4,0,2,2,0,2,2,0,0,0,0,0,0,0,0,0,0
`05,`066,District - Nainital,`46,`465,`0000,"Wholesale of machinery, equipment and supplies",2,2,0,2,2,0,0,0,0,0,0,0,0,0,0,0,0,0
`05,`066,District - Nainital,`46,`465,`4659,Wholesale of other machinery and equipment,2,2,0,2,2,0,0,0,0,0,0,0,0,0,0,0,0,0
`05,`066,District - Nainital,`46,`466,`0000,Other specialized wholesale,2,2,0,0,0,0,2,2,0,0,0,0,0,0,0,0,0,0
`05,`066,District - Nainital,`46,`466,`4669,Wholesale of waste and scrap and other products n.e.c.,2,2,0,0,0,0,2,2,0,0,0,0,0,0,0,0,0,0
`05,`066,District - Nainital,`47,`000,`0000,"Retail trade, except of motor vehicles and motorcycles",102,82,20,34,26,8,68,56,12,18,16,2,18,16,2,0,0,0
`05,`066,District - Nainital,`47,`472,`0000,"Retail sale of food, beverages and tobacco in specialized stores",22,22,0,10,10,0,12,12,0,2,2,0,2,2,0,0,0,0
`05,`066,District - Nainital,`47,`472,`4721,Retail sale of food in specialized stores,22,22,0,10,10,0,12,12,0,2,2,0,2,2,0,0,0,0
`05,`066,District - Nainital,`47,`473,`0000,Retail sale of automotive fuel in specialized stores,0,0,0,0,0,0,0,0,0,2,2,0,2,2,0,0,0,0
`05,`066,District - Nainital,`47,`473,`4730,Retail sale of automotive fuel in specialized stores,0,0,0,0,0,0,0,0,0,2,2,0,2,2,0,0,0,0
`05,`066,District - Nainital,`47,`475,`0000,Retail sale of other household equipment in specialized stores,8,8,0,0,0,0,8,8,0,0,0,0,0,0,0,0,0,0
`05,`066,District - Nainital,`47,`475,`4751,Retail sale of textiles in specialized stores,2,2,0,0,0,0,2,2,0,0,0,0,0,0,0,0,0,0
`05,`066,District - Nainital,`47,`475,`4759,"Retail sale of electrical household appliances, furniture, lighting",6,6,0,0,0,0,6,6,0,0,0,0,0,0,0,0,0,0
`05,`066,District - Nainital,`47,`476,`0000,Retail sale of cultural and recreation goods in specialized stores,4,4,0,0,0,0,4,4,0,0,0,0,0,0,0,0,0,0
`05,`066,District - Nainital,`47,`476,`4761,"Retail sale of books, newspapers and stationary in specialized stores",2,2,0,0,0,0,2,2,0,0,0,0,0,0,0,0,0,0
`05,`066,District - Nainital,`47,`476,`4764,Retail sale of games and toys in specialized stores,2,2,0,0,0,0,2,2,0,0,0,0,0,0,0,0,0,0
`05,`066,District - Nainital,`47,`477,`0000,Retail sale of other goods in specialized stores,26,16,10,10,6,4,16,10,6,2,2,0,2,2,0,0,0,0
`05,`066,District - Nainital,`47,`477,`4771,"Retail sale of clothing, footwear and leather articles in specialized",10,4,6,0,0,0,10,4,6,0,0,0,0,0,0,0,0,0
`05,`066,District - Nainital,`47,`477,`4772,"Retail sale of pharmaceutical and medical goods, cosmetic and toilet",10,6,4,8,4,4,2,2,0,0,0,0,0,0,0,0,0,0
`05,`066,District - Nainital,`47,`477,`4773,Other retail sale of new goods in specialized stores,6,6,0,2,2,0,4,4,0,2,2,0,2,2,0,0,0,0
`05,`066,District - Nainital,`47,`478,`0000,Retail sale via stalls and markets,40,30,10,14,10,4,26,20,6,8,8,0,8,8,0,0,0,0
`05,`066,District - Nainital,`47,`478,`4782,"Retail sale via stalls and markets of textiles, clothing and footwear",18,10,8,8,4,4,10,6,4,2,2,0,2,2,0,0,0,0
`05,`066,District - Nainital,`47,`478,`4789,Retail sale via stalls and markets of other goods,22,20,2,6,6,0,16,14,2,6,6,0,6,6,0,0,0,0
`05,`066,District - Nainital,`47,`479,`0000,"Retail trade not in stores, stalls or markets",2,2,0,0,0,0,2,2,0,4,2,2,4,2,2,0,0,0
`05,`066,District - Nainital,`47,`479,`4799,"Other retail sale not in stores, stalls or markets",2,2,0,0,0,0,2,2,0,4,2,2,4,2,2,0,0,0
`05,`066,District - Nainital,`49,`000,`0000,Land transport and transport via pipelines,34,34,0,14,14,0,20,20,0,2,2,0,2,2,0,0,0,0
`05,`066,District - Nainital,`49,`491,`0000,Transport via railways,12,12,0,2,2,0,10,10,0,0,0,0,0,0,0,0,0,0
`05,`066,District - Nainital,`49,`491,`4911,Passenger rail transport,10,10,0,2,2,0,8,8,0,0,0,0,0,0,0,0,0,0
`05,`066,District - Nainital,`49,`491,`4912,Freight rail transport,2,2,0,0,0,0,2,2,0,0,0,0,0,0,0,0,0,0
`05,`066,District - Nainital,`49,`492,`0000,Other land transport,22,22,0,12,12,0,10,10,0,2,2,0,2,2,0,0,0,0
`05,`066,District - Nainital,`49,`492,`4921,Urban or suburban passenger land transport,6,6,0,0,0,0,6,6,0,0,0,0,0,0,0,0,0,0
`05,`066,District - Nainital,`49,`492,`4922,Other passenger land transport,14,14,0,12,12,0,2,2,0,2,2,0,2,2,0,0,0,0
`05,`066,District - Nainital,`49,`492,`4923,Freight transport by road,2,2,0,0,0,0,2,2,0,0,0,0,0,0,0,0,0,0
`05,`066,District - Nainital,`52,`000,`0000,Warehousing and support activities for transportation,8,6,2,0,0,0,8,6,2,0,0,0,0,0,0,0,0,0
`05,`066,District - Nainital,`52,`521,`0000,Warehousing and storage,8,6,2,0,0,0,8,6,2,0,0,0,0,0,0,0,0,0
`05,`066,District - Nainital,`52,`521,`5210,Warehousing and storage,8,6,2,0,0,0,8,6,2,0,0,0,0,0,0,0,0,0
`05,`066,District - Nainital,`53,`000,`0000,Postal and courier activities,10,4,6,6,4,2,4,0,4,0,0,0,0,0,0,0,0,0
`05,`066,District - Nainital,`53,`531,`0000,Postal activities,10,4,6,6,4,2,4,0,4,0,0,0,0,0,0,0,0,0
`05,`066,District - Nainital,`53,`531,`5310,Postal activities,10,4,6,6,4,2,4,0,4,0,0,0,0,0,0,0,0,0
`05,`066,District - Nainital,`55,`000,`0000,Accommodation,8,8,0,6,6,0,2,2,0,2,2,0,2,2,0,0,0,0
`05,`066,District - Nainital,`55,`551,`0000,Short term accommodation activities,8,8,0,6,6,0,2,2,0,2,2,0,2,2,0,0,0,0
`05,`066,District - Nainital,`55,`551,`5510,Short term accommodation activities,8,8,0,6,6,0,2,2,0,2,2,0,2,2,0,0,0,0
`05,`066,District - Nainital,`56,`000,`0000,Food and beverage service activities,2,2,0,0,0,0,2,2,0,0,0,0,0,0,0,0,0,0
`05,`066,District - Nainital,`56,`562,`0000,Event catering and other food service activities,2,2,0,0,0,0,2,2,0,0,0,0,0,0,0,0,0,0
`05,`066,District - Nainital,`56,`562,`5621,Event catering,2,2,0,0,0,0,2,2,0,0,0,0,0,0,0,0,0,0
`05,`066,District - Nainital,`61,`000,`0000,Telecommunications,20,14,6,2,2,0,18,12,6,0,0,0,0,0,0,0,0,0
`05,`066,District - Nainital,`61,`611,`0000,Wired telecommunications activities,12,10,2,2,2,0,10,8,2,0,0,0,0,0,0,0,0,0
`05,`066,District - Nainital,`61,`611,`6110,Wired telecommunications activities,12,10,2,2,2,0,10,8,2,0,0,0,0,0,0,0,0,0
`05,`066,District - Nainital,`61,`619,`0000,Other telecommunications activities,8,4,4,0,0,0,8,4,4,0,0,0,0,0,0,0,0,0
`05,`066,District - Nainital,`61,`619,`6190,Other telecommunications activities,8,4,4,0,0,0,8,4,4,0,0,0,0,0,0,0,0,0
`05,`066,District - Nainital,`64,`000,`0000,"Financial service activities, except insurance and pension funding",110,92,18,62,52,10,48,40,8,0,0,0,0,0,0,0,0,0
`05,`066,District - Nainital,`64,`641,`0000,Monetary intermediation,110,92,18,62,52,10,48,40,8,0,0,0,0,0,0,0,0,0
`05,`066,District - Nainital,`64,`641,`6411,Central banking,104,88,16,56,48,8,48,40,8,0,0,0,0,0,0,0,0,0
`05,`066,District - Nainital,`64,`641,`6419,Other monetary intermediation,6,4,2,6,4,2,0,0,0,0,0,0,0,0,0,0,0,0
`05,`066,District - Nainital,`65,`000,`0000,"Insurance, reinsurance and pension funding, except compulsory social",36,26,10,18,12,6,18,14,4,2,0,2,2,0,2,0,0,0
`05,`066,District - Nainital,`65,`651,`0000,Insurance,32,24,8,18,12,6,14,12,2,2,0,2,2,0,2,0,0,0
`05,`066,District - Nainital,`65,`651,`6511,Life insurance,32,24,8,18,12,6,14,12,2,2,0,2,2,0,2,0,0,0
`05,`066,District - Nainital,`65,`653,`0000,Pension funding,4,2,2,0,0,0,4,2,2,0,0,0,0,0,0,0,0,0
`05,`066,District - Nainital,`65,`653,`6530,Pension funding,4,2,2,0,0,0,4,2,2,0,0,0,0,0,0,0,0,0
`05,`066,District - Nainital,`66,`000,`0000,Other financial activities,2,2,0,0,0,0,2,2,0,0,0,0,0,0,0,0,0,0
`05,`066,District - Nainital,`66,`662,`0000,Activities auxiliary to insurance and pension funding,2,2,0,0,0,0,2,2,0,0,0,0,0,0,0,0,0,0
`05,`066,District - Nainital,`66,`662,`6622,Activities of insurance agents and brokers,2,2,0,0,0,0,2,2,0,0,0,0,0,0,0,0,0,0
`05,`066,District - Nainital,`69,`000,`0000,Legal and accounting activities,12,10,2,0,0,0,12,10,2,0,0,0,0,0,0,0,0,0
`05,`066,District - Nainital,`69,`691,`0000,Legal activities,12,10,2,0,0,0,12,10,2,0,0,0,0,0,0,0,0,0
`05,`066,District - Nainital,`69,`691,`6910,Legal activities,12,10,2,0,0,0,12,10,2,0,0,0,0,0,0,0,0,0
`05,`066,District - Nainital,`70,`000,`0000,Activities of head offices; management consultancy activities,6,6,0,4,4,0,2,2,0,0,0,0,0,0,0,0,0,0
`05,`066,District - Nainital,`70,`701,`0000,Activities of head offices,6,6,0,4,4,0,2,2,0,0,0,0,0,0,0,0,0,0
`05,`066,District - Nainital,`70,`701,`7010,Activities of head offices,6,6,0,4,4,0,2,2,0,0,0,0,0,0,0,0,0,0
`05,`066,District - Nainital,`74,`000,`0000,"Other professional, scientific and technical activities",2,2,0,0,0,0,2,2,0,0,0,0,0,0,0,0,0,0
`05,`066,District - Nainital,`74,`749,`0000,"Other professional, scientific and technical activities n.e.c.",2,2,0,0,0,0,2,2,0,0,0,0,0,0,0,0,0,0
`05,`066,District - Nainital,`74,`749,`7490,"Other professional, scientific and technical activities n.e.c.",2,2,0,0,0,0,2,2,0,0,0,0,0,0,0,0,0,0
`05,`066,District - Nainital,`75,`000,`0000,Veterinary activities,4,4,0,4,4,0,0,0,0,0,0,0,0,0,0,0,0,0
`05,`066,District - Nainital,`75,`750,`0000,Veterinary activities,4,4,0,4,4,0,0,0,0,0,0,0,0,0,0,0,0,0
`05,`066,District - Nainital,`75,`750,`7500,Veterinary activities,4,4,0,4,4,0,0,0,0,0,0,0,0,0,0,0,0,0
`05,`066,District - Nainital,`77,`000,`0000,Rental and leasing activities,2,2,0,2,2,0,0,0,0,0,0,0,0,0,0,0,0,0
`05,`066,District - Nainital,`77,`772,`0000,Renting and leasing of personal and household goods,2,2,0,2,2,0,0,0,0,0,0,0,0,0,0,0,0,0
`05,`066,District - Nainital,`77,`772,`7729,Renting and leasing of other personal and household goods n.e.c.,2,2,0,2,2,0,0,0,0,0,0,0,0,0,0,0,0,0
`05,`066,District - Nainital,`79,`000,`0000,"Travel agency, tour operator and other reservation service activities",2,2,0,0,0,0,2,2,0,0,0,0,0,0,0,0,0,0
`05,`066,District - Nainital,`79,`791,`0000,Travel agency and tour operator activities,2,2,0,0,0,0,2,2,0,0,0,0,0,0,0,0,0,0
`05,`066,District - Nainital,`79,`791,`7911,Travel agency activities,2,2,0,0,0,0,2,2,0,0,0,0,0,0,0,0,0,0
`05,`066,District - Nainital,`82,`000,`0000,"Office administrative, office support and other business support activities",32,28,4,16,14,2,16,14,2,2,2,0,2,2,0,0,0,0
`05,`066,District - Nainital,`82,`822,`0000,Activities of call centres,2,2,0,0,0,0,2,2,0,0,0,0,0,0,0,0,0,0
`05,`066,District - Nainital,`82,`822,`8220,Activities of call centres,2,2,0,0,0,0,2,2,0,0,0,0,0,0,0,0,0,0
`05,`066,District - Nainital,`82,`829,`0000,Business support service activities n.e.c.,30,26,4,16,14,2,14,12,2,2,2,0,2,2,0,0,0,0
`05,`066,District - Nainital,`82,`829,`8299,Other business support service activities n.e.c.,30,26,4,16,14,2,14,12,2,2,2,0,2,2,0,0,0,0
`05,`066,District - Nainital,`84,`000,`0000,Public administration and defence; compulsory social security,282,234,48,140,120,20,142,114,28,2,0,2,2,0,2,0,0,0
`05,`066,District - Nainital,`84,`841,`0000,Administration of the State and the economic and social policy of the,240,196,44,114,98,16,126,98,28,2,0,2,2,0,2,0,0,0
`05,`066,District - Nainital,`84,`841,`8411,General public administration activities,240,196,44,114,98,16,126,98,28,2,0,2,2,0,2,0,0,0
`05,`066,District - Nainital,`84,`842,`0000,Provision of services to the community as a whole,42,38,4,26,22,4,16,16,0,0,0,0,0,0,0,0,0,0
`05,`066,District - Nainital,`84,`842,`8422,Defence activities,14,12,2,14,12,2,0,0,0,0,0,0,0,0,0,0,0,0
`05,`066,District - Nainital,`84,`842,`8423,Public order and safety activities,28,26,2,12,10,2,16,16,0,0,0,0,0,0,0,0,0,0
`05,`066,District - Nainital,`85,`000,`0000,Education,108,38,70,68,28,40,40,10,30,4,0,4,4,0,4,0,0,0
`05,`066,District - Nainital,`85,`851,`0000,Primary education,44,12,32,30,10,20,14,2,12,0,0,0,0,0,0,0,0,0
`05,`066,District - Nainital,`85,`851,`8510,Primary education,44,12,32,30,10,20,14,2,12,0,0,0,0,0,0,0,0,0
`05,`066,District - Nainital,`85,`852,`0000,Secondary education,36,16,20,18,10,8,18,6,12,0,0,0,0,0,0,0,0,0
`05,`066,District - Nainital,`85,`852,`8521,General secondary education,36,16,20,18,10,8,18,6,12,0,0,0,0,0,0,0,0,0
`05,`066,District - Nainital,`85,`853,`0000,Higher education,12,4,8,10,4,6,2,0,2,0,0,0,0,0,0,0,0,0
`05,`066,District - Nainital,`85,`853,`8530,Higher education,12,4,8,10,4,6,2,0,2,0,0,0,0,0,0,0,0,0
`05,`066,District - Nainital,`85,`854,`0000,Other education,6,2,4,2,0,2,4,2,2,2,0,2,2,0,2,0,0,0
`05,`066,District - Nainital,`85,`854,`8549,Other education n.e.c.,6,2,4,2,0,2,4,2,2,2,0,2,2,0,2,0,0,0
`05,`066,District - Nainital,`85,`855,`0000,Educational support services,10,4,6,8,4,4,2,0,2,2,0,2,2,0,2,0,0,0
`05,`066,District - Nainital,`85,`855,`8550,Educational support services,10,4,6,8,4,4,2,0,2,2,0,2,2,0,2,0,0,0
`05,`066,District - Nainital,`86,`000,`0000,Human health activities,72,36,36,32,10,22,40,26,14,0,0,0,0,0,0,0,0,0
`05,`066,District - Nainital,`86,`861,`0000,Hospital activities,38,24,14,12,4,8,26,20,6,0,0,0,0,0,0,0,0,0
`05,`066,District - Nainital,`86,`861,`8610,Hospital activities,38,24,14,12,4,8,26,20,6,0,0,0,0,0,0,0,0,0
`05,`066,District - Nainital,`86,`862,`0000,Medical and dental practice activities,4,4,0,0,0,0,4,4,0,0,0,0,0,0,0,0,0,0
`05,`066,District - Nainital,`86,`862,`8620,Medical and dental practice activities,4,4,0,0,0,0,4,4,0,0,0,0,0,0,0,0,0,0
`05,`066,District - Nainital,`86,`869,`0000,Other human health activities,30,8,22,20,6,14,10,2,8,0,0,0,0,0,0,0,0,0
`05,`066,District - Nainital,`86,`869,`8690,Other human health activities,30,8,22,20,6,14,10,2,8,0,0,0,0,0,0,0,0,0
`05,`066,District - Nainital,`88,`000,`0000,Social work activities without accommodation,4,0,4,2,0,2,2,0,2,0,0,0,0,0,0,0,0,0
`05,`066,District - Nainital,`88,`889,`0000,Other social work activities without accommodation n.e.c.,4,0,4,2,0,2,2,0,2,0,0,0,0,0,0,0,0,0
`05,`066,District - Nainital,`88,`889,`8890,Other social work activities without accommodation n.e.c.,4,0,4,2,0,2,2,0,2,0,0,0,0,0,0,0,0,0
`05,`066,District - Nainital,`90,`000,`0000,"Creative, arts and entertainment activities",4,4,0,0,0,0,4,4,0,0,0,0,0,0,0,0,0,0
`05,`066,District - Nainital,`90,`900,`0000,"Creative, arts and entertainment activities",4,4,0,0,0,0,4,4,0,0,0,0,0,0,0,0,0,0
`05,`066,District - Nainital,`90,`900,`9000,"Dramatic arts, music and other arts activities",4,4,0,0,0,0,4,4,0,0,0,0,0,0,0,0,0,0
`05,`066,District - Nainital,`94,`000,`0000,Activities of membership organizations,2,2,0,2,2,0,0,0,0,0,0,0,0,0,0,0,0,0
`05,`066,District - Nainital,`94,`949,`0000,Activities of other membership organizations,2,2,0,2,2,0,0,0,0,0,0,0,0,0,0,0,0,0
`05,`066,District - Nainital,`94,`949,`9491,Activities of religious organizations,2,2,0,2,2,0,0,0,0,0,0,0,0,0,0,0,0,0
`05,`066,District - Nainital,`95,`000,`0000,Repair of computers and personal and household goods,8,8,0,2,2,0,6,6,0,2,2,0,2,2,0,0,0,0
`05,`066,District - Nainital,`95,`952,`0000,Repair of personal and household goods,8,8,0,2,2,0,6,6,0,2,2,0,2,2,0,0,0,0
`05,`066,District - Nainital,`95,`952,`9521,Repair of consumer electronics,6,6,0,2,2,0,4,4,0,2,2,0,2,2,0,0,0,0
`05,`066,District - Nainital,`95,`952,`9529,"Repair of personal and household goods, n.e.c.",2,2,0,0,0,0,2,2,0,0,0,0,0,0,0,0,0,0
`05,`066,District - Nainital,`97,`000,`0000,Activities of households as employers of domestic personnel,14,8,6,2,0,2,12,8,4,2,0,2,0,0,0,2,0,2
`05,`066,District - Nainital,`97,`970,`0000,Activities of households as employers of domestic personnel,14,8,6,2,0,2,12,8,4,2,0,2,0,0,0,2,0,2
`05,`066,District - Nainital,`97,`970,`9700,Activities of households as employers of domestic personnel,14,8,6,2,0,2,12,8,4,2,0,2,0,0,0,2,0,2
`05,`066,District - Nainital,`99,`000,`0000,Activities of extraterritorial organizations and bodies,24,14,10,18,10,8,6,4,2,42,22,20,40,20,20,2,2,0
`05,`066,District - Nainital,`99,`991,`0000,Blank etc.,20,14,6,14,10,4,6,4,2,20,18,2,20,18,2,0,0,0
`05,`066,District - Nainital,`99,`991,`9910,Blank etc.,20,14,6,14,10,4,6,4,2,20,18,2,20,18,2,0,0,0
`05,`066,District - Nainital,`99,`992,`0000,Incomplete description/ Wrongly Classifed,4,0,4,4,0,4,0,0,0,22,4,18,20,2,18,2,2,0
`05,`066,District - Nainital,`99,`992,`9920,Incomplete description/ Wrongly Classifed,4,0,4,4,0,4,0,0,0,22,4,18,20,2,18,2,2,0
`05,`067,District - Udham Singh Nagar,`00,`000,`0000,Total,6020,4278,1742,5278,3658,1620,742,620,122,3484,1632,1852,3250,1532,1718,234,100,134
`05,`067,District - Udham Singh Nagar,`01,`000,`0000,"Crop and animal production, hunting and related service activities",190,122,68,134,76,58,56,46,10,442,128,314,418,126,292,24,2,22
`05,`067,District - Udham Singh Nagar,`01,`011,`0000,Growing of non-perennial crops,90,72,18,48,36,12,42,36,6,154,66,88,146,64,82,8,2,6
`05,`067,District - Udham Singh Nagar,`01,`011,`0111,"Growing of cereals (except rice), leguminous crops and oil seeds",36,26,10,30,22,8,6,4,2,60,34,26,60,34,26,0,0,0
`05,`067,District - Udham Singh Nagar,`01,`011,`0112,Growing of rice,2,0,2,2,0,2,0,0,0,0,0,0,0,0,0,0,0,0
`05,`067,District - Udham Singh Nagar,`01,`011,`0113,"Growing of vegetables and melons, roots and tubers",0,0,0,0,0,0,0,0,0,46,14,32,46,14,32,0,0,0
`05,`067,District - Udham Singh Nagar,`01,`011,`0114,Growing of sugar cane,2,2,0,2,2,0,0,0,0,10,4,6,10,4,6,0,0,0
`05,`067,District - Udham Singh Nagar,`01,`011,`0116,Growing of fibre crops,10,8,2,8,6,2,2,2,0,26,12,14,26,12,14,0,0,0
`05,`067,District - Udham Singh Nagar,`01,`011,`0119,Growing of other non-perennial crop,40,36,4,6,6,0,34,30,4,12,2,10,4,0,4,8,2,6
`05,`067,District - Udham Singh Nagar,`01,`012,`0000,Growing of perennial crops,6,4,2,4,2,2,2,2,0,12,12,0,12,12,0,0,0,0
`05,`067,District - Udham Singh Nagar,`01,`012,`0127,Growing of beverage crops,2,2,0,2,2,0,0,0,0,6,6,0,6,6,0,0,0,0
`05,`067,District - Udham Singh Nagar,`01,`012,`0129,Growing of other perennial crops,4,2,2,2,0,2,2,2,0,6,6,0,6,6,0,0,0,0
`05,`067,District - Udham Singh Nagar,`01,`013,`0000,Plant propagation,2,2,0,2,2,0,0,0,0,2,2,0,2,2,0,0,0,0
`05,`067,District - Udham Singh Nagar,`01,`013,`0130,Plant propagation,2,2,0,2,2,0,0,0,0,2,2,0,2,2,0,0,0,0
`05,`067,District - Udham Singh Nagar,`01,`014,`0000,Animal production,60,18,42,56,16,40,4,2,2,162,10,152,150,10,140,12,0,12
`05,`067,District - Udham Singh Nagar,`01,`014,`0141,Raising of cattle and buffaloes,40,6,34,36,4,32,4,2,2,88,8,80,78,8,70,10,0,10
`05,`067,District - Udham Singh Nagar,`01,`014,`0144,Raising of sheep and goats,4,0,4,4,0,4,0,0,0,2,0,2,2,0,2,0,0,0
`05,`067,District - Udham Singh Nagar,`01,`014,`0146,Raising of poultry,4,4,0,4,4,0,0,0,0,2,0,2,2,0,2,0,0,0
`05,`067,District - Udham Singh Nagar,`01,`014,`0149,Raising of other animals,12,8,4,12,8,4,0,0,0,70,2,68,68,2,66,2,0,2
`05,`067,District - Udham Singh Nagar,`01,`015,`0000,Mixed farming,8,6,2,6,6,0,2,0,2,30,12,18,30,12,18,0,0,0
`05,`067,District - Udham Singh Nagar,`01,`015,`0150,Mixed farming,8,6,2,6,6,0,2,0,2,30,12,18,30,12,18,0,0,0
`05,`067,District - Udham Singh Nagar,`01,`016,`0000,Support activities to agriculture and post-harvest crop activities,24,20,4,18,14,4,6,6,0,82,26,56,78,26,52,4,0,4
`05,`067,District - Udham Singh Nagar,`01,`016,`0161,Support activities for crop production,18,14,4,16,12,4,2,2,0,40,14,26,40,14,26,0,0,0
`05,`067,District - Udham Singh Nagar,`01,`016,`0163,Post-harvest crop activities,6,6,0,2,2,0,4,4,0,42,12,30,38,12,26,4,0,4
`05,`067,District - Udham Singh Nagar,`02,`000,`0000,Forestry and logging,8,8,0,8,8,0,0,0,0,22,10,12,22,10,12,0,0,0
`05,`067,District - Udham Singh Nagar,`02,`021,`0000,Silviculture and other forestry activities,4,4,0,4,4,0,0,0,0,8,8,0,8,8,0,0,0,0
`05,`067,District - Udham Singh Nagar,`02,`021,`0210,Silviculture and other forestry activities,4,4,0,4,4,0,0,0,0,8,8,0,8,8,0,0,0,0
`05,`067,District - Udham Singh Nagar,`02,`022,`0000,Logging,4,4,0,4,4,0,0,0,0,10,2,8,10,2,8,0,0,0
`05,`067,District - Udham Singh Nagar,`02,`022,`0220,Logging,4,4,0,4,4,0,0,0,0,10,2,8,10,2,8,0,0,0
`05,`067,District - Udham Singh Nagar,`02,`023,`0000,Gathering of non-wood forest products,0,0,0,0,0,0,0,0,0,4,0,4,4,0,4,0,0,0
`05,`067,District - Udham Singh Nagar,`02,`023,`0230,Gathering of non-wood forest products,0,0,0,0,0,0,0,0,0,4,0,4,4,0,4,0,0,0
`05,`067,District - Udham Singh Nagar,`03,`000,`0000,Fishing and aquaculture,6,6,0,6,6,0,0,0,0,0,0,0,0,0,0,0,0,0
`05,`067,District - Udham Singh Nagar,`03,`031,`0000,Fishing,4,4,0,4,4,0,0,0,0,0,0,0,0,0,0,0,0,0
`05,`067,District - Udham Singh Nagar,`03,`031,`0311,Marine fishing,4,4,0,4,4,0,0,0,0,0,0,0,0,0,0,0,0,0
`05,`067,District - Udham Singh Nagar,`03,`032,`0000,Aquaculture,2,2,0,2,2,0,0,0,0,0,0,0,0,0,0,0,0,0
`05,`067,District - Udham Singh Nagar,`03,`032,`0322,Freshwater aquaculture,2,2,0,2,2,0,0,0,0,0,0,0,0,0,0,0,0,0
`05,`067,District - Udham Singh Nagar,`08,`000,`0000,Other mining and quarrying,26,26,0,26,26,0,0,0,0,8,8,0,8,8,0,0,0,0
`05,`067,District - Udham Singh Nagar,`08,`081,`0000,"Quarrying of stone, sand and clay",10,10,0,10,10,0,0,0,0,0,0,0,0,0,0,0,0,0
`05,`067,District - Udham Singh Nagar,`08,`081,`0810,"Quarrying of stone, sand and clay",10,10,0,10,10,0,0,0,0,0,0,0,0,0,0,0,0,0
`05,`067,District - Udham Singh Nagar,`08,`089,`0000,Mining and quarrying n.e.c.,16,16,0,16,16,0,0,0,0,8,8,0,8,8,0,0,0,0
`05,`067,District - Udham Singh Nagar,`08,`089,`0899,Other mining and quarrying n.e.c.,16,16,0,16,16,0,0,0,0,8,8,0,8,8,0,0,0,0
`05,`067,District - Udham Singh Nagar,`10,`000,`0000,Manufacture of food products,352,268,84,306,228,78,46,40,6,290,112,178,286,110,176,4,2,2
`05,`067,District - Udham Singh Nagar,`10,`101,`0000,Processing and preserving of meat,16,8,8,16,8,8,0,0,0,6,2,4,6,2,4,0,0,0
`05,`067,District - Udham Singh Nagar,`10,`101,`1010,Processing and preserving of meat,16,8,8,16,8,8,0,0,0,6,2,4,6,2,4,0,0,0
`05,`067,District - Udham Singh Nagar,`10,`103,`0000,Processing and preserving of fruit and vegetables,22,10,12,14,6,8,8,4,4,36,14,22,36,14,22,0,0,0
`05,`067,District - Udham Singh Nagar,`10,`103,`1030,Processing and preserving of fruit and vegetables,22,10,12,14,6,8,8,4,4,36,14,22,36,14,22,0,0,0
`05,`067,District - Udham Singh Nagar,`10,`105,`0000,Manufacture of dairy products,52,14,38,48,10,38,4,4,0,166,32,134,164,32,132,2,0,2
`05,`067,District - Udham Singh Nagar,`10,`105,`1050,Manufacture of dairy products,52,14,38,48,10,38,4,4,0,166,32,134,164,32,132,2,0,2
`05,`067,District - Udham Singh Nagar,`10,`106,`0000,"Manufacture of grain mill products, starches and starch products",140,122,18,122,106,16,18,16,2,44,32,12,44,32,12,0,0,0
`05,`067,District - Udham Singh Nagar,`10,`106,`1061,Manufacture of grain mill products,140,122,18,122,106,16,18,16,2,44,32,12,44,32,12,0,0,0
`05,`067,District - Udham Singh Nagar,`10,`107,`0000,Manufacture of other food products,122,114,8,106,98,8,16,16,0,38,32,6,36,30,6,2,2,0
`05,`067,District - Udham Singh Nagar,`10,`107,`1071,Manufacture of bakery products,36,36,0,32,32,0,4,4,0,6,6,0,6,6,0,0,0,0
`05,`067,District - Udham Singh Nagar,`10,`107,`1072,Manufacture of sugar,46,44,2,40,38,2,6,6,0,20,20,0,20,20,0,0,0,0
`05,`067,District - Udham Singh Nagar,`10,`107,`1073,"Manufacture of cocoa, chocolate and sugar confectionery",4,4,0,2,2,0,2,2,0,2,2,0,0,0,0,2,2,0
`05,`067,District - Udham Singh Nagar,`10,`107,`1075,Manufacture of prepared meals and dishes,28,24,4,28,24,4,0,0,0,8,2,6,8,2,6,0,0,0
`05,`067,District - Udham Singh Nagar,`10,`107,`1079,Manufacture of other food products n.e.c.,8,6,2,4,2,2,4,4,0,2,2,0,2,2,0,0,0,0
`05,`067,District - Udham Singh Nagar,`11,`000,`0000,Manufacture of beverages,6,6,0,6,6,0,0,0,0,0,0,0,0,0,0,0,0,0
`05,`067,District - Udham Singh Nagar,`11,`110,`0000,Manufacture of beverages,6,6,0,6,6,0,0,0,0,0,0,0,0,0,0,0,0,0
`05,`067,District - Udham Singh Nagar,`11,`110,`1104,Manufacture of soft drinks; production of mineral waters and other,6,6,0,6,6,0,0,0,0,0,0,0,0,0,0,0,0,0
`05,`067,District - Udham Singh Nagar,`12,`000,`0000,Manufacture of tobacco products,0,0,0,0,0,0,0,0,0,2,0,2,2,0,2,0,0,0
`05,`067,District - Udham Singh Nagar,`12,`120,`0000,Manufacture of tobacco products,0,0,0,0,0,0,0,0,0,2,0,2,2,0,2,0,0,0
`05,`067,District - Udham Singh Nagar,`12,`120,`1200,Manufacture of tobacco products,0,0,0,0,0,0,0,0,0,2,0,2,2,0,2,0,0,0
`05,`067,District - Udham Singh Nagar,`13,`000,`0000,Manufacture of textiles,36,24,12,34,22,12,2,2,0,52,20,32,48,20,28,4,0,4
`05,`067,District - Udham Singh Nagar,`13,`131,`0000,"Spinning, weaving and finishing of textiles",24,18,6,22,16,6,2,2,0,40,18,22,36,18,18,4,0,4
`05,`067,District - Udham Singh Nagar,`13,`131,`1311,Preparation and spinning of textile fibres,16,10,6,16,10,6,0,0,0,30,12,18,30,12,18,0,0,0
`05,`067,District - Udham Singh Nagar,`13,`131,`1312,Weaving of textiles,6,6,0,4,4,0,2,2,0,10,6,4,6,6,0,4,0,4
`05,`067,District - Udham Singh Nagar,`13,`131,`1313,Finishing of textiles,2,2,0,2,2,0,0,0,0,0,0,0,0,0,0,0,0,0
`05,`067,District - Udham Singh Nagar,`13,`139,`0000,Manufacture of other textiles,12,6,6,12,6,6,0,0,0,12,2,10,12,2,10,0,0,0
`05,`067,District - Udham Singh Nagar,`13,`139,`1392,"Manufacture of made-up textile articles, except apparel",0,0,0,0,0,0,0,0,0,2,2,0,2,2,0,0,0,0
`05,`067,District - Udham Singh Nagar,`13,`139,`1393,Manufacture of carpets and rugs,4,2,2,4,2,2,0,0,0,2,0,2,2,0,2,0,0,0
`05,`067,District - Udham Singh Nagar,`13,`139,`1394,"Manufacture of cordage, rope, twine and netting",4,0,4,4,0,4,0,0,0,2,0,2,2,0,2,0,0,0
`05,`067,District - Udham Singh Nagar,`13,`139,`1399,Manufacture of other textiles n.e.c.,4,4,0,4,4,0,0,0,0,6,0,6,6,0,6,0,0,0
`05,`067,District - Udham Singh Nagar,`14,`000,`0000,Manufacture of wearing apparel,148,108,40,142,104,38,6,4,2,136,18,118,130,18,112,6,0,6
`05,`067,District - Udham Singh Nagar,`14,`141,`0000,"Manufacture of wearing apparel, except fur apparel",148,108,40,142,104,38,6,4,2,136,18,118,130,18,112,6,0,6
`05,`067,District - Udham Singh Nagar,`14,`141,`1410,"Manufacture of wearing apparel, except fur apparel",148,108,40,142,104,38,6,4,2,136,18,118,130,18,112,6,0,6
`05,`067,District - Udham Singh Nagar,`15,`000,`0000,Manufacture of leather and related products,2,2,0,2,2,0,0,0,0,0,0,0,0,0,0,0,0,0
`05,`067,District - Udham Singh Nagar,`15,`152,`0000,Manufacture of footwear,2,2,0,2,2,0,0,0,0,0,0,0,0,0,0,0,0,0
`05,`067,District - Udham Singh Nagar,`15,`152,`1520,Manufacture of footwear,2,2,0,2,2,0,0,0,0,0,0,0,0,0,0,0,0,0
`05,`067,District - Udham Singh Nagar,`16,`000,`0000,"Manufacture of wood and products of wood and cork, except furniture;",14,10,4,12,10,2,2,0,2,28,12,16,24,12,12,4,0,4
`05,`067,District - Udham Singh Nagar,`16,`161,`0000,Sawmilling and planing of wood,4,4,0,4,4,0,0,0,0,2,0,2,2,0,2,0,0,0
`05,`067,District - Udham Singh Nagar,`16,`161,`1610,Saw milling and planing of wood,4,4,0,4,4,0,0,0,0,2,0,2,2,0,2,0,0,0
`05,`067,District - Udham Singh Nagar,`16,`162,`0000,"Manufacture of products of wood, cork, straw and plaiting materials",10,6,4,8,6,2,2,0,2,26,12,14,22,12,10,4,0,4
`05,`067,District - Udham Singh Nagar,`16,`162,`1621,"Manufacture of veneer sheets; manufacture of plywood, laminboard,",2,2,0,2,2,0,0,0,0,0,0,0,0,0,0,0,0,0
`05,`067,District - Udham Singh Nagar,`16,`162,`1623,Manufacture of wooden containers,4,2,2,2,2,0,2,0,2,8,0,8,8,0,8,0,0,0
`05,`067,District - Udham Singh Nagar,`16,`162,`1629,"Manufacture of other products of wood; manufacture of articles of cork,",4,2,2,4,2,2,0,0,0,18,12,6,14,12,2,4,0,4
`05,`067,District - Udham Singh Nagar,`17,`000,`0000,Manufacture of paper and paper products,24,18,6,24,18,6,0,0,0,4,4,0,4,4,0,0,0,0
`05,`067,District - Udham Singh Nagar,`17,`170,`0000,Manufacture of paper and paper products,24,18,6,24,18,6,0,0,0,4,4,0,4,4,0,0,0,0
`05,`067,District - Udham Singh Nagar,`17,`170,`1701,"Manufacture of pulp, paper and paperboard",6,4,2,6,4,2,0,0,0,2,2,0,2,2,0,0,0,0
`05,`067,District - Udham Singh Nagar,`17,`170,`1702,Manufacture of corrugated paper and paperboard and containers of,16,12,4,16,12,4,0,0,0,2,2,0,2,2,0,0,0,0
`05,`067,District - Udham Singh Nagar,`17,`170,`1709,Manufacture of other articles of paper and paperboard,2,2,0,2,2,0,0,0,0,0,0,0,0,0,0,0,0,0
`05,`067,District - Udham Singh Nagar,`19,`000,`0000,Manufacture of coke and refined petroleum products,2,2,0,2,2,0,0,0,0,0,0,0,0,0,0,0,0,0
`05,`067,District - Udham Singh Nagar,`19,`192,`0000,Manufacture of refined petroleum products,2,2,0,2,2,0,0,0,0,0,0,0,0,0,0,0,0,0
`05,`067,District - Udham Singh Nagar,`19,`192,`1920,Manufacture of refined petroleum products,2,2,0,2,2,0,0,0,0,0,0,0,0,0,0,0,0,0
`05,`067,District - Udham Singh Nagar,`20,`000,`0000,Manufacture of chemicals and chemical products,28,28,0,28,28,0,0,0,0,6,4,2,6,4,2,0,0,0
`05,`067,District - Udham Singh Nagar,`20,`201,`0000,"Manufacture of basic chemicals, fertilizer and nitrogen compounds, plastics",0,0,0,0,0,0,0,0,0,2,2,0,2,2,0,0,0,0
`05,`067,District - Udham Singh Nagar,`20,`201,`2013,Manufacture of plastics and synthetic rubber in primary forms,0,0,0,0,0,0,0,0,0,2,2,0,2,2,0,0,0,0
`05,`067,District - Udham Singh Nagar,`20,`202,`0000,Manufacture of other chemical products,28,28,0,28,28,0,0,0,0,4,2,2,4,2,2,0,0,0
`05,`067,District - Udham Singh Nagar,`20,`202,`2022,"Manufacture of paints, varnishes and similar coatings, printing ink and",4,4,0,4,4,0,0,0,0,4,2,2,4,2,2,0,0,0
`05,`067,District - Udham Singh Nagar,`20,`202,`2023,"Manufacture of soap and detergents, cleaning and polishing preparations,",20,20,0,20,20,0,0,0,0,0,0,0,0,0,0,0,0,0
`05,`067,District - Udham Singh Nagar,`20,`202,`2029,Manufacture of other chemical products n.e.c.,4,4,0,4,4,0,0,0,0,0,0,0,0,0,0,0,0,0
`05,`067,District - Udham Singh Nagar,`21,`000,`0000,"Manufacture of pharmaceuticals, medicinal chemical and botanical products",0,0,0,0,0,0,0,0,0,2,2,0,2,2,0,0,0,0
`05,`067,District - Udham Singh Nagar,`21,`210,`0000,"Manufacture of pharmaceuticals, medicinal chemical and botanical products",0,0,0,0,0,0,0,0,0,2,2,0,2,2,0,0,0,0
`05,`067,District - Udham Singh Nagar,`21,`210,`2100,"Manufacture of pharmaceuticals, medicinal chemical and botanical",0,0,0,0,0,0,0,0,0,2,2,0,2,2,0,0,0,0
`05,`067,District - Udham Singh Nagar,`22,`000,`0000,Manufacture of rubber and plastics products,40,38,2,36,34,2,4,4,0,2,2,0,2,2,0,0,0,0
`05,`067,District - Udham Singh Nagar,`22,`221,`0000,Manufacture of rubber products,4,4,0,4,4,0,0,0,0,0,0,0,0,0,0,0,0,0
`05,`067,District - Udham Singh Nagar,`22,`221,`2211,Manufacture of rubber tyres and tubes; retreading and rebuilding of,4,4,0,4,4,0,0,0,0,0,0,0,0,0,0,0,0,0
`05,`067,District - Udham Singh Nagar,`22,`222,`0000,Manufacture of plastics products,36,34,2,32,30,2,4,4,0,2,2,0,2,2,0,0,0,0
`05,`067,District - Udham Singh Nagar,`22,`222,`2220,Manufacture of plastics products,36,34,2,32,30,2,4,4,0,2,2,0,2,2,0,0,0,0
`05,`067,District - Udham Singh Nagar,`23,`000,`0000,Manufacture of other non-metallic mineral products,72,60,12,70,58,12,2,2,0,46,36,10,46,36,10,0,0,0
`05,`067,District - Udham Singh Nagar,`23,`231,`0000,Manufacture of glass and glass products,2,2,0,2,2,0,0,0,0,0,0,0,0,0,0,0,0,0
`05,`067,District - Udham Singh Nagar,`23,`231,`2310,Manufacture of glass and glass products,2,2,0,2,2,0,0,0,0,0,0,0,0,0,0,0,0,0
`05,`067,District - Udham Singh Nagar,`23,`239,`0000,Manufacture of non-metallic mineral products n.e.c.,70,58,12,68,56,12,2,2,0,46,36,10,46,36,10,0,0,0
`05,`067,District - Udham Singh Nagar,`23,`239,`2391,Manufacture of refractory products,0,0,0,0,0,0,0,0,0,2,2,0,2,2,0,0,0,0
`05,`067,District - Udham Singh Nagar,`23,`239,`2392,Manufacture of clay building materials,58,48,10,56,46,10,2,2,0,38,28,10,38,28,10,0,0,0
`05,`067,District - Udham Singh Nagar,`23,`239,`2394,"Manufacture of cement, lime and plaster",0,0,0,0,0,0,0,0,0,2,2,0,2,2,0,0,0,0
`05,`067,District - Udham Singh Nagar,`23,`239,`2395,"Manufacture of articles of concrete, cement and plaster",12,10,2,12,10,2,0,0,0,4,4,0,4,4,0,0,0,0
`05,`067,District - Udham Singh Nagar,`24,`000,`0000,Manufacture of basic metals,4,4,0,4,4,0,0,0,0,0,0,0,0,0,0,0,0,0
`05,`067,District - Udham Singh Nagar,`24,`241,`0000,Manufacture of basic iron and steel,2,2,0,2,2,0,0,0,0,0,0,0,0,0,0,0,0,0
`05,`067,District - Udham Singh Nagar,`24,`241,`2410,Manufacture of basic iron and steel,2,2,0,2,2,0,0,0,0,0,0,0,0,0,0,0,0,0
`05,`067,District - Udham Singh Nagar,`24,`243,`0000,Casting of metals,2,2,0,2,2,0,0,0,0,0,0,0,0,0,0,0,0,0
`05,`067,District - Udham Singh Nagar,`24,`243,`2431,Casting of iron and steel,2,2,0,2,2,0,0,0,0,0,0,0,0,0,0,0,0,0
`05,`067,District - Udham Singh Nagar,`25,`000,`0000,"Manufacture of fabricated metal products, except machinery and equipment",24,20,4,20,16,4,4,4,0,4,2,2,4,2,2,0,0,0
`05,`067,District - Udham Singh Nagar,`25,`251,`0000,"Manufacture of structural metal products, tanks, reservoirs and steam",10,10,0,10,10,0,0,0,0,2,2,0,2,2,0,0,0,0
`05,`067,District - Udham Singh Nagar,`25,`251,`2511,Manufacture of structural metal products,10,10,0,10,10,0,0,0,0,0,0,0,0,0,0,0,0,0
`05,`067,District - Udham Singh Nagar,`25,`251,`2512,"Manufacture of tanks, reservoirs and containers of metal",0,0,0,0,0,0,0,0,0,2,2,0,2,2,0,0,0,0
`05,`067,District - Udham Singh Nagar,`25,`252,`0000,Manufacture of weapons and ammunition,2,2,0,2,2,0,0,0,0,0,0,0,0,0,0,0,0,0
`05,`067,District - Udham Singh Nagar,`25,`252,`2520,Manufacture of weapons and ammunition,2,2,0,2,2,0,0,0,0,0,0,0,0,0,0,0,0,0
`05,`067,District - Udham Singh Nagar,`25,`259,`0000,Manufacture of other fabricated metal products; metalworking service,12,8,4,8,4,4,4,4,0,2,0,2,2,0,2,0,0,0
`05,`067,District - Udham Singh Nagar,`25,`259,`2593,"Manufacture of cutlery, hand tools and general hardware",10,6,4,8,4,4,2,2,0,0,0,0,0,0,0,0,0,0
`05,`067,District - Udham Singh Nagar,`25,`259,`2599,Manufacture of other fabricated metal products n.e.c.,2,2,0,0,0,0,2,2,0,2,0,2,2,0,2,0,0,0
`05,`067,District - Udham Singh Nagar,`26,`000,`0000,"Manufacture of computer, electronic and optical products",2,2,0,0,0,0,2,2,0,0,0,0,0,0,0,0,0,0
`05,`067,District - Udham Singh Nagar,`26,`263,`0000,Manufacture of communication equipment,2,2,0,0,0,0,2,2,0,0,0,0,0,0,0,0,0,0
`05,`067,District - Udham Singh Nagar,`26,`263,`2630,Manufacture of communication equipment,2,2,0,0,0,0,2,2,0,0,0,0,0,0,0,0,0,0
`05,`067,District - Udham Singh Nagar,`27,`000,`0000,Manufacture of electrical equipment,26,18,8,26,18,8,0,0,0,2,2,0,0,0,0,2,2,0
`05,`067,District - Udham Singh Nagar,`27,`271,`0000,"Manufacture of electric motors, generators, transformers and electricity",4,4,0,4,4,0,0,0,0,0,0,0,0,0,0,0,0,0
`05,`067,District - Udham Singh Nagar,`27,`271,`2710,"Manufacture of electric motors, generators, transformers and electricity",4,4,0,4,4,0,0,0,0,0,0,0,0,0,0,0,0,0
`05,`067,District - Udham Singh Nagar,`27,`272,`0000,Manufacture of batteries and accumulators,2,0,2,2,0,2,0,0,0,0,0,0,0,0,0,0,0,0
`05,`067,District - Udham Singh Nagar,`27,`272,`2720,Manufacture of batteries and accumulators,2,0,2,2,0,2,0,0,0,0,0,0,0,0,0,0,0,0
`05,`067,District - Udham Singh Nagar,`27,`273,`0000,Manufacture of wiring and wiring devices,6,4,2,6,4,2,0,0,0,0,0,0,0,0,0,0,0,0
`05,`067,District - Udham Singh Nagar,`27,`273,`2732,Manufacture of other electronic and electric wires and cables,4,4,0,4,4,0,0,0,0,0,0,0,0,0,0,0,0,0
`05,`067,District - Udham Singh Nagar,`27,`273,`2733,Manufacture of wiring devices,2,0,2,2,0,2,0,0,0,0,0,0,0,0,0,0,0,0
`05,`067,District - Udham Singh Nagar,`27,`274,`0000,Manufacture of electric lighting equipment,4,2,2,4,2,2,0,0,0,0,0,0,0,0,0,0,0,0
`05,`067,District - Udham Singh Nagar,`27,`274,`2740,Manufacture of electric lighting equipment,4,2,2,4,2,2,0,0,0,0,0,0,0,0,0,0,0,0
`05,`067,District - Udham Singh Nagar,`27,`275,`0000,Manufacture of domestic appliances,0,0,0,0,0,0,0,0,0,2,2,0,0,0,0,2,2,0
`05,`067,District - Udham Singh Nagar,`27,`275,`2750,Manufacture of domestic appliances,0,0,0,0,0,0,0,0,0,2,2,0,0,0,0,2,2,0
`05,`067,District - Udham Singh Nagar,`27,`279,`0000,Manufacture of other electrical equipment,10,8,2,10,8,2,0,0,0,0,0,0,0,0,0,0,0,0
`05,`067,District - Udham Singh Nagar,`27,`279,`2790,Manufacture of other electrical equipment,10,8,2,10,8,2,0,0,0,0,0,0,0,0,0,0,0,0
`05,`067,District - Udham Singh Nagar,`28,`000,`0000,Manufacture of machinery and equipment n.e.c.,12,10,2,10,8,2,2,2,0,2,2,0,2,2,0,0,0,0
`05,`067,District - Udham Singh Nagar,`28,`281,`0000,Manufacture of general purpose machinery,8,6,2,8,6,2,0,0,0,0,0,0,0,0,0,0,0,0
`05,`067,District - Udham Singh Nagar,`28,`281,`2812,Manufacture of fluid power equipment,2,2,0,2,2,0,0,0,0,0,0,0,0,0,0,0,0,0
`05,`067,District - Udham Singh Nagar,`28,`281,`2813,"Manufacture of other pumps, compressors, taps and valves",4,2,2,4,2,2,0,0,0,0,0,0,0,0,0,0,0,0
`05,`067,District - Udham Singh Nagar,`28,`281,`2819,Manufacture of other general-purpose machinery,2,2,0,2,2,0,0,0,0,0,0,0,0,0,0,0,0,0
`05,`067,District - Udham Singh Nagar,`28,`282,`0000,Manufacture of special-purpose machinery,4,4,0,2,2,0,2,2,0,2,2,0,2,2,0,0,0,0
`05,`067,District - Udham Singh Nagar,`28,`282,`2822,Manufacture of metal-forming machinery and machine tools,2,2,0,2,2,0,0,0,0,0,0,0,0,0,0,0,0,0
`05,`067,District - Udham Singh Nagar,`28,`282,`2824,"Manufacture of machinery for mining, quarrying and construction",2,2,0,0,0,0,2,2,0,2,2,0,2,2,0,0,0,0
`05,`067,District - Udham Singh Nagar,`29,`000,`0000,"Manufacture of motor vehicles, trailers and semi-trailers",24,18,6,18,16,2,6,2,4,0,0,0,0,0,0,0,0,0
`05,`067,District - Udham Singh Nagar,`29,`291,`0000,Manufacture of motor vehicles,10,4,6,4,2,2,6,2,4,0,0,0,0,0,0,0,0,0
`05,`067,District - Udham Singh Nagar,`29,`291,`2910,Manufacture of motor vehicles,10,4,6,4,2,2,6,2,4,0,0,0,0,0,0,0,0,0
`05,`067,District - Udham Singh Nagar,`29,`292,`0000,Manufacture of bodies (coachwork) for motor vehicles; manufacture of,12,12,0,12,12,0,0,0,0,0,0,0,0,0,0,0,0,0
`05,`067,District - Udham Singh Nagar,`29,`292,`2920,Manufacture of bodies (coachwork) for motor vehicles; manufacture of trailers and semi-trailers,12,12,0,12,12,0,0,0,0,0,0,0,0,0,0,0,0,0
`05,`067,District - Udham Singh Nagar,`29,`293,`0000,Manufacture of parts and accessories for motor vehicles,2,2,0,2,2,0,0,0,0,0,0,0,0,0,0,0,0,0
`05,`067,District - Udham Singh Nagar,`29,`293,`2930,Manufacture of parts and accessories for motor vehicles,2,2,0,2,2,0,0,0,0,0,0,0,0,0,0,0,0,0
`05,`067,District - Udham Singh Nagar,`30,`000,`0000,Manufacture of other transport equipment,16,16,0,14,14,0,2,2,0,0,0,0,0,0,0,0,0,0
`05,`067,District - Udham Singh Nagar,`30,`303,`0000,Manufacture of air and spacecraft and related machinery,2,2,0,2,2,0,0,0,0,0,0,0,0,0,0,0,0,0
`05,`067,District - Udham Singh Nagar,`30,`303,`3030,Manufacture of air and spacecraft and related machinery,2,2,0,2,2,0,0,0,0,0,0,0,0,0,0,0,0,0
`05,`067,District - Udham Singh Nagar,`30,`304,`0000,Manufacture of military fighting vehicles,4,4,0,4,4,0,0,0,0,0,0,0,0,0,0,0,0,0
`05,`067,District - Udham Singh Nagar,`30,`304,`3040,Manufacture of weapons and ammunition,4,4,0,4,4,0,0,0,0,0,0,0,0,0,0,0,0,0
`05,`067,District - Udham Singh Nagar,`30,`309,`0000,Manufacture of transport equipment n.e.c.,10,10,0,8,8,0,2,2,0,0,0,0,0,0,0,0,0,0
`05,`067,District - Udham Singh Nagar,`30,`309,`3091,Manufacture of motorcycles,2,2,0,2,2,0,0,0,0,0,0,0,0,0,0,0,0,0
`05,`067,District - Udham Singh Nagar,`30,`309,`3092,Manufacture of bicycles and invalid carriages,4,4,0,2,2,0,2,2,0,0,0,0,0,0,0,0,0,0
`05,`067,District - Udham Singh Nagar,`30,`309,`3099,Manufacture of other transport equipment n.e.c.,4,4,0,4,4,0,0,0,0,0,0,0,0,0,0,0,0,0
`05,`067,District - Udham Singh Nagar,`31,`000,`0000,Manufacture of furniture,4,2,2,4,2,2,0,0,0,2,2,0,2,2,0,0,0,0
`05,`067,District - Udham Singh Nagar,`31,`310,`0000,Manufacture of furniture,4,2,2,4,2,2,0,0,0,2,2,0,2,2,0,0,0,0
`05,`067,District - Udham Singh Nagar,`31,`310,`3100,Manufacture of furniture,4,2,2,4,2,2,0,0,0,2,2,0,2,2,0,0,0,0
`05,`067,District - Udham Singh Nagar,`32,`000,`0000,Other manufacturing,206,196,10,182,176,6,24,20,4,48,40,8,44,36,8,4,4,0
`05,`067,District - Udham Singh Nagar,`32,`329,`0000,Other manufacturing n.e.c.,206,196,10,182,176,6,24,20,4,48,40,8,44,36,8,4,4,0
`05,`067,District - Udham Singh Nagar,`32,`329,`3290,Other manufacturing n.e.c.,206,196,10,182,176,6,24,20,4,48,40,8,44,36,8,4,4,0
`05,`067,District - Udham Singh Nagar,`33,`000,`0000,Repair and installation of machinery and equipment,4,4,0,4,4,0,0,0,0,4,4,0,4,4,0,0,0,0
`05,`067,District - Udham Singh Nagar,`33,`331,`0000,"Repair of fabricated metal products, machinery and equipment",4,4,0,4,4,0,0,0,0,4,4,0,4,4,0,0,0,0
`05,`067,District - Udham Singh Nagar,`33,`331,`3312,Repair of machinery,2,2,0,2,2,0,0,0,0,0,0,0,0,0,0,0,0,0
`05,`067,District - Udham Singh Nagar,`33,`331,`3314,Repair of electrical equipment,2,2,0,2,2,0,0,0,0,4,4,0,4,4,0,0,0,0
`05,`067,District - Udham Singh Nagar,`35,`000,`0000,"Electricity, gas, steam and air conditioning supply",36,34,2,28,28,0,8,6,2,2,2,0,2,2,0,0,0,0
`05,`067,District - Udham Singh Nagar,`35,`351,`0000,"Electric power generation, transmission and distribution",34,32,2,26,26,0,8,6,2,2,2,0,2,2,0,0,0,0
`05,`067,District - Udham Singh Nagar,`35,`351,`3510,"Electric power generation, transmission and distribution",34,32,2,26,26,0,8,6,2,2,2,0,2,2,0,0,0,0
`05,`067,District - Udham Singh Nagar,`35,`352,`0000,Manufacture of gas; distribution of gaseous fuels through mains,2,2,0,2,2,0,0,0,0,0,0,0,0,0,0,0,0,0
`05,`067,District - Udham Singh Nagar,`35,`352,`3520,Manufacture of gas; distribution of gaseous fuels through mains,2,2,0,2,2,0,0,0,0,0,0,0,0,0,0,0,0,0
`05,`067,District - Udham Singh Nagar,`36,`000,`0000,"Water collection, treatment and supply",10,10,0,6,6,0,4,4,0,2,2,0,2,2,0,0,0,0
`05,`067,District - Udham Singh Nagar,`36,`360,`0000,"Water collection, treatment and supply",10,10,0,6,6,0,4,4,0,2,2,0,2,2,0,0,0,0
`05,`067,District - Udham Singh Nagar,`36,`360,`3600,"Water collection, treatment and supply",10,10,0,6,6,0,4,4,0,2,2,0,2,2,0,0,0,0
`05,`067,District - Udham Singh Nagar,`38,`000,`0000,"Waste collection, treatment and disposal activities; materials recovery",2,2,0,2,2,0,0,0,0,0,0,0,0,0,0,0,0,0
`05,`067,District - Udham Singh Nagar,`38,`381,`0000,Waste collection,2,2,0,2,2,0,0,0,0,0,0,0,0,0,0,0,0,0
`05,`067,District - Udham Singh Nagar,`38,`381,`3811,Collection of non-hazardous waste,2,2,0,2,2,0,0,0,0,0,0,0,0,0,0,0,0,0
`05,`067,District - Udham Singh Nagar,`41,`000,`0000,Construction of buildings,428,390,38,386,354,32,42,36,6,450,380,70,428,360,68,22,20,2
`05,`067,District - Udham Singh Nagar,`41,`410,`0000,Construction of buildings,428,390,38,386,354,32,42,36,6,450,380,70,428,360,68,22,20,2
`05,`067,District - Udham Singh Nagar,`41,`410,`4100,Construction of buildings,428,390,38,386,354,32,42,36,6,450,380,70,428,360,68,22,20,2
`05,`067,District - Udham Singh Nagar,`42,`000,`0000,Civil engineering,10,10,0,8,8,0,2,2,0,60,40,20,58,38,20,2,2,0
`05,`067,District - Udham Singh Nagar,`42,`421,`0000,Construction of roads and railways,4,4,0,4,4,0,0,0,0,56,36,20,54,34,20,2,2,0
`05,`067,District - Udham Singh Nagar,`42,`421,`4210,Construction roads and railways,4,4,0,4,4,0,0,0,0,56,36,20,54,34,20,2,2,0
`05,`067,District - Udham Singh Nagar,`42,`422,`0000,Construction of utility projects,4,4,0,4,4,0,0,0,0,0,0,0,0,0,0,0,0,0
`05,`067,District - Udham Singh Nagar,`42,`422,`4220,Construction of utility projects,4,4,0,4,4,0,0,0,0,0,0,0,0,0,0,0,0,0
`05,`067,District - Udham Singh Nagar,`42,`429,`0000,Construction of other civil engineering projects,2,2,0,0,0,0,2,2,0,4,4,0,4,4,0,0,0,0
`05,`067,District - Udham Singh Nagar,`42,`429,`4290,Construction of other civil engineering projects,2,2,0,0,0,0,2,2,0,4,4,0,4,4,0,0,0,0
`05,`067,District - Udham Singh Nagar,`43,`000,`0000,Specialized construction activities,20,20,0,18,18,0,2,2,0,22,22,0,22,22,0,0,0,0
`05,`067,District - Udham Singh Nagar,`43,`431,`0000,Demolition and site preparation,2,2,0,2,2,0,0,0,0,0,0,0,0,0,0,0,0,0
`05,`067,District - Udham Singh Nagar,`43,`431,`4312,Site preparation,2,2,0,2,2,0,0,0,0,0,0,0,0,0,0,0,0,0
`05,`067,District - Udham Singh Nagar,`43,`432,`0000,"Electrical, plumbing and other construction installation activities",10,10,0,8,8,0,2,2,0,12,12,0,12,12,0,0,0,0
`05,`067,District - Udham Singh Nagar,`43,`432,`4321,Electrical installation,4,4,0,2,2,0,2,2,0,2,2,0,2,2,0,0,0,0
`05,`067,District - Udham Singh Nagar,`43,`432,`4322,"Plumbing, heat and air-conditioning installation",6,6,0,6,6,0,0,0,0,10,10,0,10,10,0,0,0,0
`05,`067,District - Udham Singh Nagar,`43,`433,`0000,Building completion and finishing,8,8,0,8,8,0,0,0,0,10,10,0,10,10,0,0,0,0
`05,`067,District - Udham Singh Nagar,`43,`433,`4330,Building completion and finishing,8,8,0,8,8,0,0,0,0,10,10,0,10,10,0,0,0,0
`05,`067,District - Udham Singh Nagar,`45,`000,`0000,Wholesale and retail trade and repair of motor vehicles and motorcycles,82,78,4,74,72,2,8,6,2,2,2,0,2,2,0,0,0,0
`05,`067,District - Udham Singh Nagar,`45,`451,`0000,Sale of motor vehicles,14,12,2,10,10,0,4,2,2,0,0,0,0,0,0,0,0,0
`05,`067,District - Udham Singh Nagar,`45,`451,`4510,Sale of motor vehicles,14,12,2,10,10,0,4,2,2,0,0,0,0,0,0,0,0,0
`05,`067,District - Udham Singh Nagar,`45,`452,`0000,Maintenance and repair of motor vehicles,46,44,2,42,40,2,4,4,0,0,0,0,0,0,0,0,0,0
`05,`067,District - Udham Singh Nagar,`45,`452,`4520,Maintenance and repair of motor vehicles,46,44,2,42,40,2,4,4,0,0,0,0,0,0,0,0,0,0
`05,`067,District - Udham Singh Nagar,`45,`453,`0000,Sale of motor vehicle parts and accessories,8,8,0,8,8,0,0,0,0,2,2,0,2,2,0,0,0,0
`05,`067,District - Udham Singh Nagar,`45,`453,`4530,Sale of motor vehicle parts and accessories,8,8,0,8,8,0,0,0,0,2,2,0,2,2,0,0,0,0
`05,`067,District - Udham Singh Nagar,`45,`454,`0000,"Sale, maintenance and repair of motorcycles and related parts and",14,14,0,14,14,0,0,0,0,0,0,0,0,0,0,0,0,0
`05,`067,District - Udham Singh Nagar,`45,`454,`4540,"Sale, maintenance and repair of motorcycles and related parts and",14,14,0,14,14,0,0,0,0,0,0,0,0,0,0,0,0,0
`05,`067,District - Udham Singh Nagar,`46,`000,`0000,"Wholesale trade, except of motor vehicles and motorcycles",28,28,0,24,24,0,4,4,0,20,18,2,20,18,2,0,0,0
`05,`067,District - Udham Singh Nagar,`46,`463,`0000,"Wholesale of food, beverages and tobacco",6,6,0,4,4,0,2,2,0,6,6,0,6,6,0,0,0,0
`05,`067,District - Udham Singh Nagar,`46,`463,`4630,"Wholesale of food, beverages and tobacco",6,6,0,4,4,0,2,2,0,6,6,0,6,6,0,0,0,0
`05,`067,District - Udham Singh Nagar,`46,`464,`0000,Wholesale of household goods,8,8,0,8,8,0,0,0,0,2,0,2,2,0,2,0,0,0
`05,`067,District - Udham Singh Nagar,`46,`464,`4649,Wholesale of other household goods,8,8,0,8,8,0,0,0,0,2,0,2,2,0,2,0,0,0
`05,`067,District - Udham Singh Nagar,`46,`465,`0000,"Wholesale of machinery, equipment and supplies",4,4,0,4,4,0,0,0,0,0,0,0,0,0,0,0,0,0
`05,`067,District - Udham Singh Nagar,`46,`465,`4653,"Wholesale of agricultural machinery, equipment and supplies",2,2,0,2,2,0,0,0,0,0,0,0,0,0,0,0,0,0
`05,`067,District - Udham Singh Nagar,`46,`465,`4659,Wholesale of other machinery and equipment,2,2,0,2,2,0,0,0,0,0,0,0,0,0,0,0,0,0
`05,`067,District - Udham Singh Nagar,`46,`466,`0000,Other specialized wholesale,2,2,0,2,2,0,0,0,0,0,0,0,0,0,0,0,0,0
`05,`067,District - Udham Singh Nagar,`46,`466,`4661,"Wholesale of solid, liquid and gaseous fuels and related products",2,2,0,2,2,0,0,0,0,0,0,0,0,0,0,0,0,0
`05,`067,District - Udham Singh Nagar,`46,`469,`0000,Non-specialized wholesale trade,8,8,0,6,6,0,2,2,0,12,12,0,12,12,0,0,0,0
`05,`067,District - Udham Singh Nagar,`46,`469,`4690,Non-specialized wholesale trade,8,8,0,6,6,0,2,2,0,12,12,0,12,12,0,0,0,0
`05,`067,District - Udham Singh Nagar,`47,`000,`0000,"Retail trade, except of motor vehicles and motorcycles",462,422,40,400,362,38,62,60,2,184,80,104,166,72,94,18,8,10
`05,`067,District - Udham Singh Nagar,`47,`471,`0000,Retail sale in non-specialized stores,10,10,0,8,8,0,2,2,0,0,0,0,0,0,0,0,0,0
`05,`067,District - Udham Singh Nagar,`47,`471,`4711,"Retail sale in non-specialized stores with food, beverages or tobacco",2,2,0,2,2,0,0,0,0,0,0,0,0,0,0,0,0,0
`05,`067,District - Udham Singh Nagar,`47,`471,`4719,Other retail sale in non-specialized stores,8,8,0,6,6,0,2,2,0,0,0,0,0,0,0,0,0,0
`05,`067,District - Udham Singh Nagar,`47,`472,`0000,"Retail sale of food, beverages and tobacco in specialized stores",212,184,28,184,158,26,28,26,2,104,28,76,102,28,74,2,0,2
`05,`067,District - Udham Singh Nagar,`47,`472,`4721,Retail sale of food in specialized stores,210,182,28,182,156,26,28,26,2,104,28,76,102,28,74,2,0,2
`05,`067,District - Udham Singh Nagar,`47,`472,`4722,Retail sale of beverages in specialized stores,2,2,0,2,2,0,0,0,0,0,0,0,0,0,0,0,0,0
`05,`067,District - Udham Singh Nagar,`47,`473,`0000,Retail sale of automotive fuel in specialized stores,4,4,0,4,4,0,0,0,0,0,0,0,0,0,0,0,0,0
`05,`067,District - Udham Singh Nagar,`47,`473,`4730,Retail sale of automotive fuel in specialized stores,4,4,0,4,4,0,0,0,0,0,0,0,0,0,0,0,0,0
`05,`067,District - Udham Singh Nagar,`47,`474,`0000,Retail sale of information and communications equipment in specialized,0,0,0,0,0,0,0,0,0,4,4,0,4,4,0,0,0,0
`05,`067,District - Udham Singh Nagar,`47,`474,`4741,"Retail sale of computers, peripheral units, software and",0,0,0,0,0,0,0,0,0,4,4,0,4,4,0,0,0,0
`05,`067,District - Udham Singh Nagar,`47,`475,`0000,Retail sale of other household equipment in specialized stores,72,70,2,64,62,2,8,8,0,38,28,10,28,24,4,10,4,6
`05,`067,District - Udham Singh Nagar,`47,`475,`4752,"Retail sale of hardware, paints and glass in specialized stores",26,26,0,24,24,0,2,2,0,10,8,2,10,8,2,0,0,0
`05,`067,District - Udham Singh Nagar,`47,`475,`4759,"Retail sale of electrical household appliances, furniture, lighting",46,44,2,40,38,2,6,6,0,28,20,8,18,16,2,10,4,6
`05,`067,District - Udham Singh Nagar,`47,`476,`0000,Retail sale of cultural and recreation goods in specialized stores,2,2,0,2,2,0,0,0,0,0,0,0,0,0,0,0,0,0
`05,`067,District - Udham Singh Nagar,`47,`476,`4761,"Retail sale of books, newspapers and stationary in specialized stores",2,2,0,2,2,0,0,0,0,0,0,0,0,0,0,0,0,0
`05,`067,District - Udham Singh Nagar,`47,`477,`0000,Retail sale of other goods in specialized stores,66,62,4,56,52,4,10,10,0,6,2,4,6,2,4,0,0,0
`05,`067,District - Udham Singh Nagar,`47,`477,`4771,"Retail sale of clothing, footwear and leather articles in specialized",18,18,0,14,14,0,4,4,0,2,2,0,2,2,0,0,0,0
`05,`067,District - Udham Singh Nagar,`47,`477,`4772,"Retail sale of pharmaceutical and medical goods, cosmetic and toilet",16,14,2,12,10,2,4,4,0,0,0,0,0,0,0,0,0,0
`05,`067,District - Udham Singh Nagar,`47,`477,`4773,Other retail sale of new goods in specialized stores,32,30,2,30,28,2,2,2,0,4,0,4,4,0,4,0,0,0
`05,`067,District - Udham Singh Nagar,`47,`478,`0000,Retail sale via stalls and markets,94,88,6,80,74,6,14,14,0,30,16,14,24,12,12,6,4,2
`05,`067,District - Udham Singh Nagar,`47,`478,`4781,"Retail sale via stalls and markets of food, beverages and tobacco",4,4,0,0,0,0,4,4,0,0,0,0,0,0,0,0,0,0
`05,`067,District - Udham Singh Nagar,`47,`478,`4782,"Retail sale via stalls and markets of textiles, clothing and footwear",18,18,0,14,14,0,4,4,0,2,2,0,0,0,0,2,2,0
`05,`067,District - Udham Singh Nagar,`47,`478,`4789,Retail sale via stalls and markets of other goods,72,66,6,66,60,6,6,6,0,28,14,14,24,12,12,4,2,2
`05,`067,District - Udham Singh Nagar,`47,`479,`0000,"Retail trade not in stores, stalls or markets",2,2,0,2,2,0,0,0,0,2,2,0,2,2,0,0,0,0
`05,`067,District - Udham Singh Nagar,`47,`479,`4799,"Other retail sale not in stores, stalls or markets",2,2,0,2,2,0,0,0,0,2,2,0,2,2,0,0,0,0
`05,`067,District - Udham Singh Nagar,`49,`000,`0000,Land transport and transport via pipelines,284,282,2,254,252,2,30,30,0,74,72,2,72,70,2,2,2,0
`05,`067,District - Udham Singh Nagar,`49,`491,`0000,Transport via railways,122,122,0,106,106,0,16,16,0,0,0,0,0,0,0,0,0,0
`05,`067,District - Udham Singh Nagar,`49,`491,`4911,Passenger rail transport,106,106,0,94,94,0,12,12,0,0,0,0,0,0,0,0,0,0
`05,`067,District - Udham Singh Nagar,`49,`491,`4912,Freight rail transport,16,16,0,12,12,0,4,4,0,0,0,0,0,0,0,0,0,0
`05,`067,District - Udham Singh Nagar,`49,`492,`0000,Other land transport,162,160,2,148,146,2,14,14,0,74,72,2,72,70,2,2,2,0
`05,`067,District - Udham Singh Nagar,`49,`492,`4921,Urban or suburban passenger land transport,50,50,0,42,42,0,8,8,0,8,8,0,8,8,0,0,0,0
`05,`067,District - Udham Singh Nagar,`49,`492,`4922,Other passenger land transport,64,64,0,58,58,0,6,6,0,36,36,0,36,36,0,0,0,0
`05,`067,District - Udham Singh Nagar,`49,`492,`4923,Freight transport by road,48,46,2,48,46,2,0,0,0,30,28,2,28,26,2,2,2,0
`05,`067,District - Udham Singh Nagar,`52,`000,`0000,Warehousing and support activities for transportation,28,28,0,24,24,0,4,4,0,12,10,2,8,8,0,4,2,2
`05,`067,District - Udham Singh Nagar,`52,`521,`0000,Warehousing and storage,12,12,0,8,8,0,4,4,0,6,4,2,2,2,0,4,2,2
`05,`067,District - Udham Singh Nagar,`52,`521,`5210,Warehousing and storage,12,12,0,8,8,0,4,4,0,6,4,2,2,2,0,4,2,2
`05,`067,District - Udham Singh Nagar,`52,`522,`0000,Support activities for transportation,16,16,0,16,16,0,0,0,0,6,6,0,6,6,0,0,0,0
`05,`067,District - Udham Singh Nagar,`52,`522,`5221,Service activities incidental to land transportation,6,6,0,6,6,0,0,0,0,2,2,0,2,2,0,0,0,0
`05,`067,District - Udham Singh Nagar,`52,`522,`5229,Other transportation support activities,10,10,0,10,10,0,0,0,0,4,4,0,4,4,0,0,0,0
`05,`067,District - Udham Singh Nagar,`53,`000,`0000,Postal and courier activities,38,36,2,34,34,0,4,2,2,0,0,0,0,0,0,0,0,0
`05,`067,District - Udham Singh Nagar,`53,`531,`0000,Postal activities,36,34,2,32,32,0,4,2,2,0,0,0,0,0,0,0,0,0
`05,`067,District - Udham Singh Nagar,`53,`531,`5310,Postal activities,36,34,2,32,32,0,4,2,2,0,0,0,0,0,0,0,0,0
`05,`067,District - Udham Singh Nagar,`53,`532,`0000,Courier activities,2,2,0,2,2,0,0,0,0,0,0,0,0,0,0,0,0,0
`05,`067,District - Udham Singh Nagar,`53,`532,`5320,Courier activities,2,2,0,2,2,0,0,0,0,0,0,0,0,0,0,0,0,0
`05,`067,District - Udham Singh Nagar,`55,`000,`0000,Accommodation,12,12,0,10,10,0,2,2,0,4,4,0,4,4,0,0,0,0
`05,`067,District - Udham Singh Nagar,`55,`551,`0000,Short term accommodation activities,12,12,0,10,10,0,2,2,0,4,4,0,4,4,0,0,0,0
`05,`067,District - Udham Singh Nagar,`55,`551,`5510,Short term accommodation activities,12,12,0,10,10,0,2,2,0,4,4,0,4,4,0,0,0,0
`05,`067,District - Udham Singh Nagar,`56,`000,`0000,Food and beverage service activities,22,20,2,20,18,2,2,2,0,2,2,0,2,2,0,0,0,0
`05,`067,District - Udham Singh Nagar,`56,`562,`0000,Event catering and other food service activities,4,4,0,4,4,0,0,0,0,0,0,0,0,0,0,0,0,0
`05,`067,District - Udham Singh Nagar,`56,`562,`5621,Event catering,4,4,0,4,4,0,0,0,0,0,0,0,0,0,0,0,0,0
`05,`067,District - Udham Singh Nagar,`56,`563,`0000,Beverage serving activities,18,16,2,16,14,2,2,2,0,2,2,0,2,2,0,0,0,0
`05,`067,District - Udham Singh Nagar,`56,`563,`5630,Beverage serving activities,18,16,2,16,14,2,2,2,0,2,2,0,2,2,0,0,0,0
`05,`067,District - Udham Singh Nagar,`58,`000,`0000,Publishing activities,0,0,0,0,0,0,0,0,0,2,2,0,2,2,0,0,0,0
`05,`067,District - Udham Singh Nagar,`58,`581,`0000,"Publishing of books, periodicals and other publishing activities",0,0,0,0,0,0,0,0,0,2,2,0,2,2,0,0,0,0
`05,`067,District - Udham Singh Nagar,`58,`581,`5813,"Publishing of newspapers, journals and periodicals",0,0,0,0,0,0,0,0,0,2,2,0,2,2,0,0,0,0
`05,`067,District - Udham Singh Nagar,`59,`000,`0000,"Motion picture, video and television programme production, sound recording",6,6,0,6,6,0,0,0,0,0,0,0,0,0,0,0,0,0
`05,`067,District - Udham Singh Nagar,`59,`591,`0000,"Motion picture, video and television programme activities",4,4,0,4,4,0,0,0,0,0,0,0,0,0,0,0,0,0
`05,`067,District - Udham Singh Nagar,`59,`591,`5911,"Motion picture, video and television programme production activities",4,4,0,4,4,0,0,0,0,0,0,0,0,0,0,0,0,0
`05,`067,District - Udham Singh Nagar,`59,`592,`0000,Sound recording and music publishing activities,2,2,0,2,2,0,0,0,0,0,0,0,0,0,0,0,0,0
`05,`067,District - Udham Singh Nagar,`59,`592,`5920,Sound recording and music publishing activitiesT,2,2,0,2,2,0,0,0,0,0,0,0,0,0,0,0,0,0
`05,`067,District - Udham Singh Nagar,`61,`000,`0000,Telecommunications,22,22,0,20,20,0,2,2,0,2,2,0,2,2,0,0,0,0
`05,`067,District - Udham Singh Nagar,`61,`611,`0000,Wired telecommunications activities,6,6,0,6,6,0,0,0,0,2,2,0,2,2,0,0,0,0
`05,`067,District - Udham Singh Nagar,`61,`611,`6110,Wired telecommunications activities,6,6,0,6,6,0,0,0,0,2,2,0,2,2,0,0,0,0
`05,`067,District - Udham Singh Nagar,`61,`619,`0000,Other telecommunications activities,16,16,0,14,14,0,2,2,0,0,0,0,0,0,0,0,0,0
`05,`067,District - Udham Singh Nagar,`61,`619,`6190,Other telecommunications activities,16,16,0,14,14,0,2,2,0,0,0,0,0,0,0,0,0,0
`05,`067,District - Udham Singh Nagar,`63,`000,`0000,Information service activities,12,10,2,8,8,0,4,2,2,0,0,0,0,0,0,0,0,0
`05,`067,District - Udham Singh Nagar,`63,`639,`0000,Other information service activities,12,10,2,8,8,0,4,2,2,0,0,0,0,0,0,0,0,0
`05,`067,District - Udham Singh Nagar,`63,`639,`6399,Other information service activities n.e.c.,12,10,2,8,8,0,4,2,2,0,0,0,0,0,0,0,0,0
`05,`067,District - Udham Singh Nagar,`64,`000,`0000,"Financial service activities, except insurance and pension funding",76,72,4,52,50,2,24,22,2,0,0,0,0,0,0,0,0,0
`05,`067,District - Udham Singh Nagar,`64,`641,`0000,Monetary intermediation,74,70,4,50,48,2,24,22,2,0,0,0,0,0,0,0,0,0
`05,`067,District - Udham Singh Nagar,`64,`641,`6411,Central banking,72,68,4,50,48,2,22,20,2,0,0,0,0,0,0,0,0,0
`05,`067,District - Udham Singh Nagar,`64,`641,`6419,Other monetary intermediation,2,2,0,0,0,0,2,2,0,0,0,0,0,0,0,0,0,0
`05,`067,District - Udham Singh Nagar,`64,`649,`0000,"Other financial service activities, except insurance and pension funding",2,2,0,2,2,0,0,0,0,0,0,0,0,0,0,0,0,0
`05,`067,District - Udham Singh Nagar,`64,`649,`6491,Financial leasing,2,2,0,2,2,0,0,0,0,0,0,0,0,0,0,0,0,0
`05,`067,District - Udham Singh Nagar,`65,`000,`0000,"Insurance, reinsurance and pension funding, except compulsory social",68,60,8,52,44,8,16,16,0,2,2,0,2,2,0,0,0,0
`05,`067,District - Udham Singh Nagar,`65,`651,`0000,Insurance,66,58,8,52,44,8,14,14,0,2,2,0,2,2,0,0,0,0
`05,`067,District - Udham Singh Nagar,`65,`651,`6511,Life insurance,60,52,8,46,38,8,14,14,0,2,2,0,2,2,0,0,0,0
`05,`067,District - Udham Singh Nagar,`65,`651,`6512,Non-life insurance,6,6,0,6,6,0,0,0,0,0,0,0,0,0,0,0,0,0
`05,`067,District - Udham Singh Nagar,`65,`653,`0000,Pension funding,2,2,0,0,0,0,2,2,0,0,0,0,0,0,0,0,0,0
`05,`067,District - Udham Singh Nagar,`65,`653,`6530,Pension funding,2,2,0,0,0,0,2,2,0,0,0,0,0,0,0,0,0,0
`05,`067,District - Udham Singh Nagar,`66,`000,`0000,Other financial activities,4,4,0,4,4,0,0,0,0,0,0,0,0,0,0,0,0,0
`05,`067,District - Udham Singh Nagar,`66,`662,`0000,Activities auxiliary to insurance and pension funding,4,4,0,4,4,0,0,0,0,0,0,0,0,0,0,0,0,0
`05,`067,District - Udham Singh Nagar,`66,`662,`6622,Activities of insurance agents and brokers,4,4,0,4,4,0,0,0,0,0,0,0,0,0,0,0,0,0
`05,`067,District - Udham Singh Nagar,`68,`000,`0000,Real estate activities,0,0,0,0,0,0,0,0,0,2,2,0,2,2,0,0,0,0
`05,`067,District - Udham Singh Nagar,`68,`681,`0000,Real estate activities with own or leased property,0,0,0,0,0,0,0,0,0,2,2,0,2,2,0,0,0,0
`05,`067,District - Udham Singh Nagar,`68,`681,`6810,Real estate activities with own or leased property,0,0,0,0,0,0,0,0,0,2,2,0,2,2,0,0,0,0
`05,`067,District - Udham Singh Nagar,`69,`000,`0000,Legal and accounting activities,12,12,0,4,4,0,8,8,0,0,0,0,0,0,0,0,0,0
`05,`067,District - Udham Singh Nagar,`69,`691,`0000,Legal activities,12,12,0,4,4,0,8,8,0,0,0,0,0,0,0,0,0,0
`05,`067,District - Udham Singh Nagar,`69,`691,`6910,Legal activities,12,12,0,4,4,0,8,8,0,0,0,0,0,0,0,0,0,0
`05,`067,District - Udham Singh Nagar,`70,`000,`0000,Activities of head offices; management consultancy activities,2,2,0,2,2,0,0,0,0,0,0,0,0,0,0,0,0,0
`05,`067,District - Udham Singh Nagar,`70,`701,`0000,Activities of head offices,2,2,0,2,2,0,0,0,0,0,0,0,0,0,0,0,0,0
`05,`067,District - Udham Singh Nagar,`70,`701,`7010,Activities of head offices,2,2,0,2,2,0,0,0,0,0,0,0,0,0,0,0,0,0
`05,`067,District - Udham Singh Nagar,`74,`000,`0000,"Other professional, scientific and technical activities",16,14,2,14,12,2,2,2,0,0,0,0,0,0,0,0,0,0
`05,`067,District - Udham Singh Nagar,`74,`741,`0000,Specialized design activities,4,2,2,4,2,2,0,0,0,0,0,0,0,0,0,0,0,0
`05,`067,District - Udham Singh Nagar,`74,`741,`7410,Specialized design activities,4,2,2,4,2,2,0,0,0,0,0,0,0,0,0,0,0,0
`05,`067,District - Udham Singh Nagar,`74,`742,`0000,Photographic activities,10,10,0,10,10,0,0,0,0,0,0,0,0,0,0,0,0,0
`05,`067,District - Udham Singh Nagar,`74,`742,`7420,Photographic activities,10,10,0,10,10,0,0,0,0,0,0,0,0,0,0,0,0,0
`05,`067,District - Udham Singh Nagar,`74,`749,`0000,"Other professional, scientific and technical activities n.e.c.",2,2,0,0,0,0,2,2,0,0,0,0,0,0,0,0,0,0
`05,`067,District - Udham Singh Nagar,`74,`749,`7490,"Other professional, scientific and technical activities n.e.c.",2,2,0,0,0,0,2,2,0,0,0,0,0,0,0,0,0,0
`05,`067,District - Udham Singh Nagar,`75,`000,`0000,Veterinary activities,6,6,0,2,2,0,4,4,0,0,0,0,0,0,0,0,0,0
`05,`067,District - Udham Singh Nagar,`75,`750,`0000,Veterinary activities,6,6,0,2,2,0,4,4,0,0,0,0,0,0,0,0,0,0
`05,`067,District - Udham Singh Nagar,`75,`750,`7500,Veterinary activities,6,6,0,2,2,0,4,4,0,0,0,0,0,0,0,0,0,0
`05,`067,District - Udham Singh Nagar,`77,`000,`0000,Rental and leasing activities,14,14,0,14,14,0,0,0,0,4,4,0,4,4,0,0,0,0
`05,`067,District - Udham Singh Nagar,`77,`772,`0000,Renting and leasing of personal and household goods,14,14,0,14,14,0,0,0,0,4,4,0,4,4,0,0,0,0
`05,`067,District - Udham Singh Nagar,`77,`772,`7729,Renting and leasing of other personal and household goods n.e.c.,14,14,0,14,14,0,0,0,0,4,4,0,4,4,0,0,0,0
`05,`067,District - Udham Singh Nagar,`78,`000,`0000,Employment activities,0,0,0,0,0,0,0,0,0,2,2,0,2,2,0,0,0,0
`05,`067,District - Udham Singh Nagar,`78,`781,`0000,Activities of employment placement agencies,0,0,0,0,0,0,0,0,0,2,2,0,2,2,0,0,0,0
`05,`067,District - Udham Singh Nagar,`78,`781,`7810,Activities of employment placement agencies,0,0,0,0,0,0,0,0,0,2,2,0,2,2,0,0,0,0
`05,`067,District - Udham Singh Nagar,`80,`000,`0000,Security and investigation activities,0,0,0,0,0,0,0,0,0,2,2,0,2,2,0,0,0,0
`05,`067,District - Udham Singh Nagar,`80,`802,`0000,Security systems service activities,0,0,0,0,0,0,0,0,0,2,2,0,2,2,0,0,0,0
`05,`067,District - Udham Singh Nagar,`80,`802,`8020,Security systems service activities,0,0,0,0,0,0,0,0,0,2,2,0,2,2,0,0,0,0
`05,`067,District - Udham Singh Nagar,`82,`000,`0000,"Office administrative, office support and other business support activities",322,304,18,246,230,16,76,74,2,38,34,4,38,34,4,0,0,0
`05,`067,District - Udham Singh Nagar,`82,`829,`0000,Business support service activities n.e.c.,322,304,18,246,230,16,76,74,2,38,34,4,38,34,4,0,0,0
`05,`067,District - Udham Singh Nagar,`82,`829,`8292,Packaging activities,24,24,0,24,24,0,0,0,0,6,6,0,6,6,0,0,0,0
`05,`067,District - Udham Singh Nagar,`82,`829,`8299,Other business support service activities n.e.c.,298,280,18,222,206,16,76,74,2,32,28,4,32,28,4,0,0,0
`05,`067,District - Udham Singh Nagar,`84,`000,`0000,Public administration and defence; compulsory social security,764,682,82,630,558,72,134,124,10,240,76,164,218,64,154,22,12,10
`05,`067,District - Udham Singh Nagar,`84,`841,`0000,Administration of the State and the economic and social policy of the,576,502,74,468,404,64,108,98,10,230,68,162,210,56,154,20,12,8
`05,`067,District - Udham Singh Nagar,`84,`841,`8411,General public administration activities,576,502,74,468,404,64,108,98,10,230,68,162,210,56,154,20,12,8
`05,`067,District - Udham Singh Nagar,`84,`842,`0000,Provision of services to the community as a whole,170,166,4,150,146,4,20,20,0,10,8,2,8,8,0,2,0,2
`05,`067,District - Udham Singh Nagar,`84,`842,`8422,Defence activities,72,68,4,70,66,4,2,2,0,8,8,0,8,8,0,0,0,0
`05,`067,District - Udham Singh Nagar,`84,`842,`8423,Public order and safety activities,98,98,0,80,80,0,18,18,0,2,0,2,0,0,0,2,0,2
`05,`067,District - Udham Singh Nagar,`84,`843,`0000,Compulsory social security activities,18,14,4,12,8,4,6,6,0,0,0,0,0,0,0,0,0,0
`05,`067,District - Udham Singh Nagar,`84,`843,`8430,Compulsory social security activities,18,14,4,12,8,4,6,6,0,0,0,0,0,0,0,0,0,0
`05,`067,District - Udham Singh Nagar,`85,`000,`0000,Education,572,214,358,542,202,340,30,12,18,44,26,18,38,20,18,6,6,0
`05,`067,District - Udham Singh Nagar,`85,`851,`0000,Primary education,384,130,254,354,118,236,30,12,18,20,12,8,18,10,8,2,2,0
`05,`067,District - Udham Singh Nagar,`85,`851,`8510,Primary education,384,130,254,354,118,236,30,12,18,20,12,8,18,10,8,2,2,0
`05,`067,District - Udham Singh Nagar,`85,`852,`0000,Secondary education,80,38,42,80,38,42,0,0,0,4,4,0,2,2,0,2,2,0
`05,`067,District - Udham Singh Nagar,`85,`852,`8521,General secondary education,80,38,42,80,38,42,0,0,0,4,4,0,2,2,0,2,2,0
`05,`067,District - Udham Singh Nagar,`85,`853,`0000,Higher education,10,10,0,10,10,0,0,0,0,2,2,0,0,0,0,2,2,0
`05,`067,District - Udham Singh Nagar,`85,`853,`8530,Higher education,10,10,0,10,10,0,0,0,0,2,2,0,0,0,0,2,2,0
`05,`067,District - Udham Singh Nagar,`85,`854,`0000,Other education,26,14,12,26,14,12,0,0,0,12,6,6,12,6,6,0,0,0
`05,`067,District - Udham Singh Nagar,`85,`854,`8549,Other education n.e.c.,26,14,12,26,14,12,0,0,0,12,6,6,12,6,6,0,0,0
`05,`067,District - Udham Singh Nagar,`85,`855,`0000,Educational support services,72,22,50,72,22,50,0,0,0,6,2,4,6,2,4,0,0,0
`05,`067,District - Udham Singh Nagar,`85,`855,`8550,Educational support services,72,22,50,72,22,50,0,0,0,6,2,4,6,2,4,0,0,0
`05,`067,District - Udham Singh Nagar,`86,`000,`0000,Human health activities,210,56,154,180,36,144,30,20,10,16,6,10,16,6,10,0,0,0
`05,`067,District - Udham Singh Nagar,`86,`861,`0000,Hospital activities,46,30,16,32,18,14,14,12,2,2,2,0,2,2,0,0,0,0
`05,`067,District - Udham Singh Nagar,`86,`861,`8610,Hospital activities,46,30,16,32,18,14,14,12,2,2,2,0,2,2,0,0,0,0
`05,`067,District - Udham Singh Nagar,`86,`862,`0000,Medical and dental practice activities,0,0,0,0,0,0,0,0,0,2,2,0,2,2,0,0,0,0
`05,`067,District - Udham Singh Nagar,`86,`862,`8620,Medical and dental practice activities,0,0,0,0,0,0,0,0,0,2,2,0,2,2,0,0,0,0
`05,`067,District - Udham Singh Nagar,`86,`869,`0000,Other human health activities,164,26,138,148,18,130,16,8,8,12,2,10,12,2,10,0,0,0
`05,`067,District - Udham Singh Nagar,`86,`869,`8690,Other human health activities,164,26,138,148,18,130,16,8,8,12,2,10,12,2,10,0,0,0
`05,`067,District - Udham Singh Nagar,`88,`000,`0000,Social work activities without accommodation,126,8,118,120,8,112,6,0,6,10,0,10,8,0,8,2,0,2
`05,`067,District - Udham Singh Nagar,`88,`881,`0000,Social work activities without accommodation for the elderly and disabled,2,0,2,0,0,0,2,0,2,0,0,0,0,0,0,0,0,0
`05,`067,District - Udham Singh Nagar,`88,`881,`8810,Social work activities without accommodation for the elderly and,2,0,2,0,0,0,2,0,2,0,0,0,0,0,0,0,0,0
`05,`067,District - Udham Singh Nagar,`88,`889,`0000,Other social work activities without accommodation n.e.c.,124,8,116,120,8,112,4,0,4,10,0,10,8,0,8,2,0,2
`05,`067,District - Udham Singh Nagar,`88,`889,`8890,Other social work activities without accommodation n.e.c.,124,8,116,120,8,112,4,0,4,10,0,10,8,0,8,2,0,2
`05,`067,District - Udham Singh Nagar,`90,`000,`0000,"Creative, arts and entertainment activities",10,10,0,8,8,0,2,2,0,6,6,0,4,4,0,2,2,0
`05,`067,District - Udham Singh Nagar,`90,`900,`0000,"Creative, arts and entertainment activities",10,10,0,8,8,0,2,2,0,6,6,0,4,4,0,2,2,0
`05,`067,District - Udham Singh Nagar,`90,`900,`9000,"Dramatic arts, music and other arts activities",10,10,0,8,8,0,2,2,0,6,6,0,4,4,0,2,2,0
`05,`067,District - Udham Singh Nagar,`94,`000,`0000,Activities of membership organizations,42,34,8,40,32,8,2,2,0,10,8,2,10,8,2,0,0,0
`05,`067,District - Udham Singh Nagar,`94,`941,`0000,"Activities of business, employers and professional membership",4,4,0,4,4,0,0,0,0,0,0,0,0,0,0,0,0,0
`05,`067,District - Udham Singh Nagar,`94,`941,`9411,Activities of business and employers membership organizations,4,4,0,4,4,0,0,0,0,0,0,0,0,0,0,0,0,0
`05,`067,District - Udham Singh Nagar,`94,`942,`0000,Activities of trade unions,6,6,0,6,6,0,0,0,0,0,0,0,0,0,0,0,0,0
`05,`067,District - Udham Singh Nagar,`94,`942,`9420,Activities of trade unions,6,6,0,6,6,0,0,0,0,0,0,0,0,0,0,0,0,0
`05,`067,District - Udham Singh Nagar,`94,`949,`0000,Activities of other membership organizations,32,24,8,30,22,8,2,2,0,10,8,2,10,8,2,0,0,0
`05,`067,District - Udham Singh Nagar,`94,`949,`9491,Activities of religious organizations,6,6,0,6,6,0,0,0,0,6,6,0,6,6,0,0,0,0
`05,`067,District - Udham Singh Nagar,`94,`949,`9492,Activities of political organizations,20,12,8,18,10,8,2,2,0,4,2,2,4,2,2,0,0,0
`05,`067,District - Udham Singh Nagar,`94,`949,`9499,Activities of other membership organizations n.e.c.,6,6,0,6,6,0,0,0,0,0,0,0,0,0,0,0,0,0
`05,`067,District - Udham Singh Nagar,`95,`000,`0000,Repair of computers and personal and household goods,64,60,4,64,60,4,0,0,0,38,28,10,38,28,10,0,0,0
`05,`067,District - Udham Singh Nagar,`95,`952,`0000,Repair of personal and household goods,64,60,4,64,60,4,0,0,0,38,28,10,38,28,10,0,0,0
`05,`067,District - Udham Singh Nagar,`95,`952,`9521,Repair of consumer electronics,10,6,4,10,6,4,0,0,0,12,4,8,12,4,8,0,0,0
`05,`067,District - Udham Singh Nagar,`95,`952,`9522,Repair of household appliances and home and garden equipment,4,4,0,4,4,0,0,0,0,8,8,0,8,8,0,0,0,0
`05,`067,District - Udham Singh Nagar,`95,`952,`9524,Repair of furniture and home furnishings,2,2,0,2,2,0,0,0,0,0,0,0,0,0,0,0,0,0
`05,`067,District - Udham Singh Nagar,`95,`952,`9529,"Repair of personal and household goods, n.e.c.",48,48,0,48,48,0,0,0,0,18,16,2,18,16,2,0,0,0
`05,`067,District - Udham Singh Nagar,`96,`000,`0000,Other personal service activities,20,16,4,6,6,0,14,10,4,2,2,0,2,2,0,0,0,0
`05,`067,District - Udham Singh Nagar,`96,`960,`0000,Other personal service activities,20,16,4,6,6,0,14,10,4,2,2,0,2,2,0,0,0,0
`05,`067,District - Udham Singh Nagar,`96,`960,`9601,Washing and (dry-) cleaning of textile and fur products,8,4,4,0,0,0,8,4,4,0,0,0,0,0,0,0,0,0
`05,`067,District - Udham Singh Nagar,`96,`960,`9602,Hairdressing and other beauty treatment,10,10,0,6,6,0,4,4,0,0,0,0,0,0,0,0,0,0
`05,`067,District - Udham Singh Nagar,`96,`960,`9609,Other personal service activities n.e.c.,2,2,0,0,0,0,2,2,0,2,2,0,2,2,0,0,0,0
`05,`067,District - Udham Singh Nagar,`97,`000,`0000,Activities of households as employers of domestic personnel,56,32,24,50,28,22,6,4,2,38,10,28,34,8,26,4,2,2
`05,`067,District - Udham Singh Nagar,`97,`970,`0000,Activities of households as employers of domestic personnel,56,32,24,50,28,22,6,4,2,38,10,28,34,8,26,4,2,2
`05,`067,District - Udham Singh Nagar,`97,`970,`9700,Activities of households as employers of domestic personnel,56,32,24,50,28,22,6,4,2,38,10,28,34,8,26,4,2,2
`05,`067,District - Udham Singh Nagar,`99,`000,`0000,Activities of extraterritorial organizations and bodies,858,252,606,808,226,582,50,26,24,1090,378,712,988,344,644,102,34,68
`05,`067,District - Udham Singh Nagar,`99,`991,`0000,Blank etc.,256,136,120,214,114,100,42,22,20,348,142,206,282,116,166,66,26,40
`05,`067,District - Udham Singh Nagar,`99,`991,`9910,Blank etc.,256,136,120,214,114,100,42,22,20,348,142,206,282,116,166,66,26,40
`05,`067,District - Udham Singh Nagar,`99,`992,`0000,Incomplete description/ Wrongly Classifed,602,116,486,594,112,482,8,4,4,742,236,506,706,228,478,36,8,28
`05,`067,District - Udham Singh Nagar,`99,`992,`9920,Incomplete description/ Wrongly Classifed,602,116,486,594,112,482,8,4,4,742,236,506,706,228,478,36,8,28
`05,`068,District - Hardwar,`00,`000,`0000,Total,778,666,112,538,460,78,240,206,34,144,90,54,76,36,40,68,54,14
`05,`068,District - Hardwar,`01,`000,`0000,"Crop and animal production, hunting and related service activities",16,16,0,14,14,0,2,2,0,0,0,0,0,0,0,0,0,0
`05,`068,District - Hardwar,`01,`011,`0000,Growing of non-perennial crops,8,8,0,8,8,0,0,0,0,0,0,0,0,0,0,0,0,0
`05,`068,District - Hardwar,`01,`011,`0111,"Growing of cereals (except rice), leguminous crops and oil seeds",4,4,0,4,4,0,0,0,0,0,0,0,0,0,0,0,0,0
`05,`068,District - Hardwar,`01,`011,`0119,Growing of other non-perennial crop,4,4,0,4,4,0,0,0,0,0,0,0,0,0,0,0,0,0
`05,`068,District - Hardwar,`01,`012,`0000,Growing of perennial crops,2,2,0,2,2,0,0,0,0,0,0,0,0,0,0,0,0,0
`05,`068,District - Hardwar,`01,`012,`0129,Growing of other perennial crops,2,2,0,2,2,0,0,0,0,0,0,0,0,0,0,0,0,0
`05,`068,District - Hardwar,`01,`014,`0000,Animal production,4,4,0,2,2,0,2,2,0,0,0,0,0,0,0,0,0,0
`05,`068,District - Hardwar,`01,`014,`0144,Raising of sheep and goats,2,2,0,0,0,0,2,2,0,0,0,0,0,0,0,0,0,0
`05,`068,District - Hardwar,`01,`014,`0149,Raising of other animals,2,2,0,2,2,0,0,0,0,0,0,0,0,0,0,0,0,0
`05,`068,District - Hardwar,`01,`015,`0000,Mixed farming,2,2,0,2,2,0,0,0,0,0,0,0,0,0,0,0,0,0
`05,`068,District - Hardwar,`01,`015,`0150,Mixed farming,2,2,0,2,2,0,0,0,0,0,0,0,0,0,0,0,0,0
`05,`068,District - Hardwar,`02,`000,`0000,Forestry and logging,16,16,0,16,16,0,0,0,0,0,0,0,0,0,0,0,0,0
`05,`068,District - Hardwar,`02,`022,`0000,Logging,8,8,0,8,8,0,0,0,0,0,0,0,0,0,0,0,0,0
`05,`068,District - Hardwar,`02,`022,`0220,Logging,8,8,0,8,8,0,0,0,0,0,0,0,0,0,0,0,0,0
`05,`068,District - Hardwar,`02,`023,`0000,Gathering of non-wood forest products,6,6,0,6,6,0,0,0,0,0,0,0,0,0,0,0,0,0
`05,`068,District - Hardwar,`02,`023,`0230,Gathering of non-wood forest products,6,6,0,6,6,0,0,0,0,0,0,0,0,0,0,0,0,0
`05,`068,District - Hardwar,`02,`024,`0000,Support services to forestry,2,2,0,2,2,0,0,0,0,0,0,0,0,0,0,0,0,0
`05,`068,District - Hardwar,`02,`024,`0240,Support services to forestry,2,2,0,2,2,0,0,0,0,0,0,0,0,0,0,0,0,0
`05,`068,District - Hardwar,`07,`000,`0000,Mining of metal ores,2,2,0,2,2,0,0,0,0,0,0,0,0,0,0,0,0,0
`05,`068,District - Hardwar,`07,`072,`0000,Mining of non-ferrous metal ores,2,2,0,2,2,0,0,0,0,0,0,0,0,0,0,0,0,0
`05,`068,District - Hardwar,`07,`072,`0729,Mining of other non-ferrous metal ores,2,2,0,2,2,0,0,0,0,0,0,0,0,0,0,0,0,0
`05,`068,District - Hardwar,`08,`000,`0000,Other mining and quarrying,144,138,6,144,138,6,0,0,0,10,6,4,10,6,4,0,0,0
`05,`068,District - Hardwar,`08,`089,`0000,Mining and quarrying n.e.c.,144,138,6,144,138,6,0,0,0,10,6,4,10,6,4,0,0,0
`05,`068,District - Hardwar,`08,`089,`0899,Other mining and quarrying n.e.c.,144,138,6,144,138,6,0,0,0,10,6,4,10,6,4,0,0,0
`05,`068,District - Hardwar,`10,`000,`0000,Manufacture of food products,12,12,0,12,12,0,0,0,0,4,0,4,4,0,4,0,0,0
`05,`068,District - Hardwar,`10,`105,`0000,Manufacture of dairy products,0,0,0,0,0,0,0,0,0,2,0,2,2,0,2,0,0,0
`05,`068,District - Hardwar,`10,`105,`1050,Manufacture of dairy products,0,0,0,0,0,0,0,0,0,2,0,2,2,0,2,0,0,0
`05,`068,District - Hardwar,`10,`107,`0000,Manufacture of other food products,12,12,0,12,12,0,0,0,0,2,0,2,2,0,2,0,0,0
`05,`068,District - Hardwar,`10,`107,`1072,Manufacture of sugar,12,12,0,12,12,0,0,0,0,0,0,0,0,0,0,0,0,0
`05,`068,District - Hardwar,`10,`107,`1075,Manufacture of prepared meals and dishes,0,0,0,0,0,0,0,0,0,2,0,2,2,0,2,0,0,0
`05,`068,District - Hardwar,`12,`000,`0000,Manufacture of tobacco products,4,4,0,0,0,0,4,4,0,0,0,0,0,0,0,0,0,0
`05,`068,District - Hardwar,`12,`120,`0000,Manufacture of tobacco products,4,4,0,0,0,0,4,4,0,0,0,0,0,0,0,0,0,0
`05,`068,District - Hardwar,`12,`120,`1200,Manufacture of tobacco products,4,4,0,0,0,0,4,4,0,0,0,0,0,0,0,0,0,0
`05,`068,District - Hardwar,`13,`000,`0000,Manufacture of textiles,4,4,0,4,4,0,0,0,0,2,2,0,2,2,0,0,0,0
`05,`068,District - Hardwar,`13,`131,`0000,"Spinning, weaving and finishing of textiles",4,4,0,4,4,0,0,0,0,2,2,0,2,2,0,0,0,0
`05,`068,District - Hardwar,`13,`131,`1311,Preparation and spinning of textile fibres,4,4,0,4,4,0,0,0,0,0,0,0,0,0,0,0,0,0
`05,`068,District - Hardwar,`13,`131,`1312,Weaving of textiles,0,0,0,0,0,0,0,0,0,2,2,0,2,2,0,0,0,0
`05,`068,District - Hardwar,`14,`000,`0000,Manufacture of wearing apparel,8,8,0,8,8,0,0,0,0,0,0,0,0,0,0,0,0,0
`05,`068,District - Hardwar,`14,`141,`0000,"Manufacture of wearing apparel, except fur apparel",8,8,0,8,8,0,0,0,0,0,0,0,0,0,0,0,0,0
`05,`068,District - Hardwar,`14,`141,`1410,"Manufacture of wearing apparel, except fur apparel",8,8,0,8,8,0,0,0,0,0,0,0,0,0,0,0,0,0
`05,`068,District - Hardwar,`16,`000,`0000,"Manufacture of wood and products of wood and cork, except furniture;",2,2,0,2,2,0,0,0,0,6,6,0,0,0,0,6,6,0
`05,`068,District - Hardwar,`16,`161,`0000,Sawmilling and planing of wood,0,0,0,0,0,0,0,0,0,6,6,0,0,0,0,6,6,0
`05,`068,District - Hardwar,`16,`161,`1610,Saw milling and planing of wood,0,0,0,0,0,0,0,0,0,6,6,0,0,0,0,6,6,0
`05,`068,District - Hardwar,`16,`162,`0000,"Manufacture of products of wood, cork, straw and plaiting materials",2,2,0,2,2,0,0,0,0,0,0,0,0,0,0,0,0,0
`05,`068,District - Hardwar,`16,`162,`1629,"Manufacture of other products of wood; manufacture of articles of cork,",2,2,0,2,2,0,0,0,0,0,0,0,0,0,0,0,0,0
`05,`068,District - Hardwar,`20,`000,`0000,Manufacture of chemicals and chemical products,2,2,0,2,2,0,0,0,0,0,0,0,0,0,0,0,0,0
`05,`068,District - Hardwar,`20,`202,`0000,Manufacture of other chemical products,2,2,0,2,2,0,0,0,0,0,0,0,0,0,0,0,0,0
`05,`068,District - Hardwar,`20,`202,`2022,"Manufacture of paints, varnishes and similar coatings, printing ink and",2,2,0,2,2,0,0,0,0,0,0,0,0,0,0,0,0,0
`05,`068,District - Hardwar,`21,`000,`0000,"Manufacture of pharmaceuticals, medicinal chemical and botanical products",2,2,0,2,2,0,0,0,0,0,0,0,0,0,0,0,0,0
`05,`068,District - Hardwar,`21,`210,`0000,"Manufacture of pharmaceuticals, medicinal chemical and botanical products",2,2,0,2,2,0,0,0,0,0,0,0,0,0,0,0,0,0
`05,`068,District - Hardwar,`21,`210,`2100,"Manufacture of pharmaceuticals, medicinal chemical and botanical",2,2,0,2,2,0,0,0,0,0,0,0,0,0,0,0,0,0
`05,`068,District - Hardwar,`23,`000,`0000,Manufacture of other non-metallic mineral products,64,34,30,64,34,30,0,0,0,6,6,0,6,6,0,0,0,0
`05,`068,District - Hardwar,`23,`239,`0000,Manufacture of non-metallic mineral products n.e.c.,64,34,30,64,34,30,0,0,0,6,6,0,6,6,0,0,0,0
`05,`068,District - Hardwar,`23,`239,`2392,Manufacture of clay building materials,24,8,16,24,8,16,0,0,0,6,6,0,6,6,0,0,0,0
`05,`068,District - Hardwar,`23,`239,`2395,"Manufacture of articles of concrete, cement and plaster",40,26,14,40,26,14,0,0,0,0,0,0,0,0,0,0,0,0
`05,`068,District - Hardwar,`25,`000,`0000,"Manufacture of fabricated metal products, except machinery and equipment",2,2,0,2,2,0,0,0,0,0,0,0,0,0,0,0,0,0
`05,`068,District - Hardwar,`25,`251,`0000,"Manufacture of structural metal products, tanks, reservoirs and steam",2,2,0,2,2,0,0,0,0,0,0,0,0,0,0,0,0,0
`05,`068,District - Hardwar,`25,`251,`2511,Manufacture of structural metal products,2,2,0,2,2,0,0,0,0,0,0,0,0,0,0,0,0,0
`05,`068,District - Hardwar,`27,`000,`0000,Manufacture of electrical equipment,30,28,2,0,0,0,30,28,2,0,0,0,0,0,0,0,0,0
`05,`068,District - Hardwar,`27,`271,`0000,"Manufacture of electric motors, generators, transformers and electricity",30,28,2,0,0,0,30,28,2,0,0,0,0,0,0,0,0,0
`05,`068,District - Hardwar,`27,`271,`2710,"Manufacture of electric motors, generators, transformers and electricity",30,28,2,0,0,0,30,28,2,0,0,0,0,0,0,0,0,0
`05,`068,District - Hardwar,`29,`000,`0000,"Manufacture of motor vehicles, trailers and semi-trailers",2,2,0,0,0,0,2,2,0,0,0,0,0,0,0,0,0,0
`05,`068,District - Hardwar,`29,`292,`0000,Manufacture of bodies (coachwork) for motor vehicles; manufacture of,2,2,0,0,0,0,2,2,0,0,0,0,0,0,0,0,0,0
`05,`068,District - Hardwar,`29,`292,`2920,Manufacture of bodies (coachwork) for motor vehicles; manufacture of trailers and semi-trailers,2,2,0,0,0,0,2,2,0,0,0,0,0,0,0,0,0,0
`05,`068,District - Hardwar,`30,`000,`0000,Manufacture of other transport equipment,2,2,0,0,0,0,2,2,0,0,0,0,0,0,0,0,0,0
`05,`068,District - Hardwar,`30,`302,`0000,Manufacture of railway locomotives and rolling stock,2,2,0,0,0,0,2,2,0,0,0,0,0,0,0,0,0,0
`05,`068,District - Hardwar,`30,`302,`3020,Manufacture of railway locomotives and rolling stock,2,2,0,0,0,0,2,2,0,0,0,0,0,0,0,0,0,0
`05,`068,District - Hardwar,`32,`000,`0000,Other manufacturing,8,6,2,6,6,0,2,0,2,6,4,2,2,0,2,4,4,0
`05,`068,District - Hardwar,`32,`329,`0000,Other manufacturing n.e.c.,8,6,2,6,6,0,2,0,2,6,4,2,2,0,2,4,4,0
`05,`068,District - Hardwar,`32,`329,`3290,Other manufacturing n.e.c.,8,6,2,6,6,0,2,0,2,6,4,2,2,0,2,4,4,0
`05,`068,District - Hardwar,`35,`000,`0000,"Electricity, gas, steam and air conditioning supply",6,6,0,2,2,0,4,4,0,0,0,0,0,0,0,0,0,0
`05,`068,District - Hardwar,`35,`351,`0000,"Electric power generation, transmission and distribution",6,6,0,2,2,0,4,4,0,0,0,0,0,0,0,0,0,0
`05,`068,District - Hardwar,`35,`351,`3510,"Electric power generation, transmission and distribution",6,6,0,2,2,0,4,4,0,0,0,0,0,0,0,0,0,0
`05,`068,District - Hardwar,`36,`000,`0000,"Water collection, treatment and supply",2,2,0,0,0,0,2,2,0,0,0,0,0,0,0,0,0,0
`05,`068,District - Hardwar,`36,`360,`0000,"Water collection, treatment and supply",2,2,0,0,0,0,2,2,0,0,0,0,0,0,0,0,0,0
`05,`068,District - Hardwar,`36,`360,`3600,"Water collection, treatment and supply",2,2,0,0,0,0,2,2,0,0,0,0,0,0,0,0,0,0
`05,`068,District - Hardwar,`41,`000,`0000,Construction of buildings,56,52,4,48,44,4,8,8,0,16,12,4,8,4,4,8,8,0
`05,`068,District - Hardwar,`41,`410,`0000,Construction of buildings,56,52,4,48,44,4,8,8,0,16,12,4,8,4,4,8,8,0
`05,`068,District - Hardwar,`41,`410,`4100,Construction of buildings,56,52,4,48,44,4,8,8,0,16,12,4,8,4,4,8,8,0
`05,`068,District - Hardwar,`42,`000,`0000,Civil engineering,14,14,0,14,14,0,0,0,0,4,4,0,4,4,0,0,0,0
`05,`068,District - Hardwar,`42,`421,`0000,Construction of roads and railways,2,2,0,2,2,0,0,0,0,0,0,0,0,0,0,0,0,0
`05,`068,District - Hardwar,`42,`421,`4210,Construction roads and railways,2,2,0,2,2,0,0,0,0,0,0,0,0,0,0,0,0,0
`05,`068,District - Hardwar,`42,`422,`0000,Construction of utility projects,6,6,0,6,6,0,0,0,0,0,0,0,0,0,0,0,0,0
`05,`068,District - Hardwar,`42,`422,`4220,Construction of utility projects,6,6,0,6,6,0,0,0,0,0,0,0,0,0,0,0,0,0
`05,`068,District - Hardwar,`42,`429,`0000,Construction of other civil engineering projects,6,6,0,6,6,0,0,0,0,4,4,0,4,4,0,0,0,0
`05,`068,District - Hardwar,`42,`429,`4290,Construction of other civil engineering projects,6,6,0,6,6,0,0,0,0,4,4,0,4,4,0,0,0,0
`05,`068,District - Hardwar,`45,`000,`0000,Wholesale and retail trade and repair of motor vehicles and motorcycles,6,6,0,2,2,0,4,4,0,2,0,2,0,0,0,2,0,2
`05,`068,District - Hardwar,`45,`451,`0000,Sale of motor vehicles,4,4,0,0,0,0,4,4,0,0,0,0,0,0,0,0,0,0
`05,`068,District - Hardwar,`45,`451,`4510,Sale of motor vehicles,4,4,0,0,0,0,4,4,0,0,0,0,0,0,0,0,0,0
`05,`068,District - Hardwar,`45,`452,`0000,Maintenance and repair of motor vehicles,2,2,0,2,2,0,0,0,0,2,0,2,0,0,0,2,0,2
`05,`068,District - Hardwar,`45,`452,`4520,Maintenance and repair of motor vehicles,2,2,0,2,2,0,0,0,0,2,0,2,0,0,0,2,0,2
`05,`068,District - Hardwar,`46,`000,`0000,"Wholesale trade, except of motor vehicles and motorcycles",20,20,0,14,14,0,6,6,0,2,2,0,0,0,0,2,2,0
`05,`068,District - Hardwar,`46,`463,`0000,"Wholesale of food, beverages and tobacco",2,2,0,0,0,0,2,2,0,0,0,0,0,0,0,0,0,0
`05,`068,District - Hardwar,`46,`463,`4630,"Wholesale of food, beverages and tobacco",2,2,0,0,0,0,2,2,0,0,0,0,0,0,0,0,0,0
`05,`068,District - Hardwar,`46,`464,`0000,Wholesale of household goods,4,4,0,0,0,0,4,4,0,0,0,0,0,0,0,0,0,0
`05,`068,District - Hardwar,`46,`464,`4649,Wholesale of other household goods,4,4,0,0,0,0,4,4,0,0,0,0,0,0,0,0,0,0
`05,`068,District - Hardwar,`46,`466,`0000,Other specialized wholesale,8,8,0,8,8,0,0,0,0,0,0,0,0,0,0,0,0,0
`05,`068,District - Hardwar,`46,`466,`4663,"Wholesale of construction materials, hardware, plumbing and heating",8,8,0,8,8,0,0,0,0,0,0,0,0,0,0,0,0,0
`05,`068,District - Hardwar,`46,`469,`0000,Non-specialized wholesale trade,6,6,0,6,6,0,0,0,0,2,2,0,0,0,0,2,2,0
`05,`068,District - Hardwar,`46,`469,`4690,Non-specialized wholesale trade,6,6,0,6,6,0,0,0,0,2,2,0,0,0,0,2,2,0
`05,`068,District - Hardwar,`47,`000,`0000,"Retail trade, except of motor vehicles and motorcycles",36,34,2,26,24,2,10,10,0,22,18,4,0,0,0,22,18,4
`05,`068,District - Hardwar,`47,`472,`0000,"Retail sale of food, beverages and tobacco in specialized stores",16,16,0,12,12,0,4,4,0,8,6,2,0,0,0,8,6,2
`05,`068,District - Hardwar,`47,`472,`4721,Retail sale of food in specialized stores,16,16,0,12,12,0,4,4,0,8,6,2,0,0,0,8,6,2
`05,`068,District - Hardwar,`47,`474,`0000,Retail sale of information and communications equipment in specialized,2,2,0,0,0,0,2,2,0,0,0,0,0,0,0,0,0,0
`05,`068,District - Hardwar,`47,`474,`4741,"Retail sale of computers, peripheral units, software and",2,2,0,0,0,0,2,2,0,0,0,0,0,0,0,0,0,0
`05,`068,District - Hardwar,`47,`475,`0000,Retail sale of other household equipment in specialized stores,2,2,0,0,0,0,2,2,0,4,4,0,0,0,0,4,4,0
`05,`068,District - Hardwar,`47,`475,`4759,"Retail sale of electrical household appliances, furniture, lighting",2,2,0,0,0,0,2,2,0,4,4,0,0,0,0,4,4,0
`05,`068,District - Hardwar,`47,`477,`0000,Retail sale of other goods in specialized stores,8,6,2,8,6,2,0,0,0,6,4,2,0,0,0,6,4,2
`05,`068,District - Hardwar,`47,`477,`4772,"Retail sale of pharmaceutical and medical goods, cosmetic and toilet",2,0,2,2,0,2,0,0,0,6,4,2,0,0,0,6,4,2
`05,`068,District - Hardwar,`47,`477,`4773,Other retail sale of new goods in specialized stores,6,6,0,6,6,0,0,0,0,0,0,0,0,0,0,0,0,0
`05,`068,District - Hardwar,`47,`478,`0000,Retail sale via stalls and markets,6,6,0,4,4,0,2,2,0,2,2,0,0,0,0,2,2,0
`05,`068,District - Hardwar,`47,`478,`4781,"Retail sale via stalls and markets of food, beverages and tobacco",0,0,0,0,0,0,0,0,0,2,2,0,0,0,0,2,2,0
`05,`068,District - Hardwar,`47,`478,`4789,Retail sale via stalls and markets of other goods,6,6,0,4,4,0,2,2,0,0,0,0,0,0,0,0,0,0
`05,`068,District - Hardwar,`47,`479,`0000,"Retail trade not in stores, stalls or markets",2,2,0,2,2,0,0,0,0,2,2,0,0,0,0,2,2,0
`05,`068,District - Hardwar,`47,`479,`4799,"Other retail sale not in stores, stalls or markets",2,2,0,2,2,0,0,0,0,2,2,0,0,0,0,2,2,0
`05,`068,District - Hardwar,`49,`000,`0000,Land transport and transport via pipelines,28,28,0,4,4,0,24,24,0,8,8,0,2,2,0,6,6,0
`05,`068,District - Hardwar,`49,`491,`0000,Transport via railways,6,6,0,0,0,0,6,6,0,0,0,0,0,0,0,0,0,0
`05,`068,District - Hardwar,`49,`491,`4911,Passenger rail transport,6,6,0,0,0,0,6,6,0,0,0,0,0,0,0,0,0,0
`05,`068,District - Hardwar,`49,`492,`0000,Other land transport,22,22,0,4,4,0,18,18,0,8,8,0,2,2,0,6,6,0
`05,`068,District - Hardwar,`49,`492,`4921,Urban or suburban passenger land transport,0,0,0,0,0,0,0,0,0,4,4,0,2,2,0,2,2,0
`05,`068,District - Hardwar,`49,`492,`4922,Other passenger land transport,16,16,0,0,0,0,16,16,0,4,4,0,0,0,0,4,4,0
`05,`068,District - Hardwar,`49,`492,`4923,Freight transport by road,6,6,0,4,4,0,2,2,0,0,0,0,0,0,0,0,0,0
`05,`068,District - Hardwar,`53,`000,`0000,Postal and courier activities,4,2,2,0,0,0,4,2,2,0,0,0,0,0,0,0,0,0
`05,`068,District - Hardwar,`53,`531,`0000,Postal activities,4,2,2,0,0,0,4,2,2,0,0,0,0,0,0,0,0,0
`05,`068,District - Hardwar,`53,`531,`5310,Postal activities,4,2,2,0,0,0,4,2,2,0,0,0,0,0,0,0,0,0
`05,`068,District - Hardwar,`55,`000,`0000,Accommodation,4,4,0,2,2,0,2,2,0,0,0,0,0,0,0,0,0,0
`05,`068,District - Hardwar,`55,`551,`0000,Short term accommodation activities,4,4,0,2,2,0,2,2,0,0,0,0,0,0,0,0,0,0
`05,`068,District - Hardwar,`55,`551,`5510,Short term accommodation activities,4,4,0,2,2,0,2,2,0,0,0,0,0,0,0,0,0,0
`05,`068,District - Hardwar,`56,`000,`0000,Food and beverage service activities,6,6,0,4,4,0,2,2,0,0,0,0,0,0,0,0,0,0
`05,`068,District - Hardwar,`56,`562,`0000,Event catering and other food service activities,2,2,0,0,0,0,2,2,0,0,0,0,0,0,0,0,0,0
`05,`068,District - Hardwar,`56,`562,`5621,Event catering,2,2,0,0,0,0,2,2,0,0,0,0,0,0,0,0,0,0
`05,`068,District - Hardwar,`56,`563,`0000,Beverage serving activities,4,4,0,4,4,0,0,0,0,0,0,0,0,0,0,0,0,0
`05,`068,District - Hardwar,`56,`563,`5630,Beverage serving activities,4,4,0,4,4,0,0,0,0,0,0,0,0,0,0,0,0,0
`05,`068,District - Hardwar,`64,`000,`0000,"Financial service activities, except insurance and pension funding",6,4,2,0,0,0,6,4,2,0,0,0,0,0,0,0,0,0
`05,`068,District - Hardwar,`64,`641,`0000,Monetary intermediation,6,4,2,0,0,0,6,4,2,0,0,0,0,0,0,0,0,0
`05,`068,District - Hardwar,`64,`641,`6411,Central banking,6,4,2,0,0,0,6,4,2,0,0,0,0,0,0,0,0,0
`05,`068,District - Hardwar,`65,`000,`0000,"Insurance, reinsurance and pension funding, except compulsory social",2,2,0,0,0,0,2,2,0,0,0,0,0,0,0,0,0,0
`05,`068,District - Hardwar,`65,`651,`0000,Insurance,2,2,0,0,0,0,2,2,0,0,0,0,0,0,0,0,0,0
`05,`068,District - Hardwar,`65,`651,`6511,Life insurance,2,2,0,0,0,0,2,2,0,0,0,0,0,0,0,0,0,0
`05,`068,District - Hardwar,`79,`000,`0000,"Travel agency, tour operator and other reservation service activities",2,2,0,0,0,0,2,2,0,0,0,0,0,0,0,0,0,0
`05,`068,District - Hardwar,`79,`791,`0000,Travel agency and tour operator activities,2,2,0,0,0,0,2,2,0,0,0,0,0,0,0,0,0,0
`05,`068,District - Hardwar,`79,`791,`7911,Travel agency activities,2,2,0,0,0,0,2,2,0,0,0,0,0,0,0,0,0,0
`05,`068,District - Hardwar,`82,`000,`0000,"Office administrative, office support and other business support activities",38,34,4,18,16,2,20,18,2,6,4,2,0,0,0,6,4,2
`05,`068,District - Hardwar,`82,`829,`0000,Business support service activities n.e.c.,38,34,4,18,16,2,20,18,2,6,4,2,0,0,0,6,4,2
`05,`068,District - Hardwar,`82,`829,`8292,Packaging activities,2,2,0,0,0,0,2,2,0,0,0,0,0,0,0,0,0,0
`05,`068,District - Hardwar,`82,`829,`8299,Other business support service activities n.e.c.,36,32,4,18,16,2,18,16,2,6,4,2,0,0,0,6,4,2
`05,`068,District - Hardwar,`84,`000,`0000,Public administration and defence; compulsory social security,134,124,10,80,74,6,54,50,4,4,4,0,0,0,0,4,4,0
`05,`068,District - Hardwar,`84,`841,`0000,Administration of the State and the economic and social policy of the,66,62,4,30,26,4,36,36,0,2,2,0,0,0,0,2,2,0
`05,`068,District - Hardwar,`84,`841,`8411,General public administration activities,66,62,4,30,26,4,36,36,0,2,2,0,0,0,0,2,2,0
`05,`068,District - Hardwar,`84,`842,`0000,Provision of services to the community as a whole,64,58,6,46,44,2,18,14,4,2,2,0,0,0,0,2,2,0
`05,`068,District - Hardwar,`84,`842,`8422,Defence activities,10,10,0,4,4,0,6,6,0,2,2,0,0,0,0,2,2,0
`05,`068,District - Hardwar,`84,`842,`8423,Public order and safety activities,54,48,6,42,40,2,12,8,4,0,0,0,0,0,0,0,0,0
`05,`068,District - Hardwar,`84,`843,`0000,Compulsory social security activities,4,4,0,4,4,0,0,0,0,0,0,0,0,0,0,0,0,0
`05,`068,District - Hardwar,`84,`843,`8430,Compulsory social security activities,4,4,0,4,4,0,0,0,0,0,0,0,0,0,0,0,0,0
`05,`068,District - Hardwar,`85,`000,`0000,Education,14,4,10,2,0,2,12,4,8,0,0,0,0,0,0,0,0,0
`05,`068,District - Hardwar,`85,`851,`0000,Primary education,8,4,4,2,0,2,6,4,2,0,0,0,0,0,0,0,0,0
`05,`068,District - Hardwar,`85,`851,`8510,Primary education,8,4,4,2,0,2,6,4,2,0,0,0,0,0,0,0,0,0
`05,`068,District - Hardwar,`85,`852,`0000,Secondary education,6,0,6,0,0,0,6,0,6,0,0,0,0,0,0,0,0,0
`05,`068,District - Hardwar,`85,`852,`8521,General secondary education,6,0,6,0,0,0,6,0,6,0,0,0,0,0,0,0,0,0
`05,`068,District - Hardwar,`86,`000,`0000,Human health activities,6,2,4,2,0,2,4,2,2,0,0,0,0,0,0,0,0,0
`05,`068,District - Hardwar,`86,`862,`0000,Medical and dental practice activities,2,0,2,0,0,0,2,0,2,0,0,0,0,0,0,0,0,0
`05,`068,District - Hardwar,`86,`862,`8620,Medical and dental practice activities,2,0,2,0,0,0,2,0,2,0,0,0,0,0,0,0,0,0
`05,`068,District - Hardwar,`86,`869,`0000,Other human health activities,4,2,2,2,0,2,2,2,0,0,0,0,0,0,0,0,0,0
`05,`068,District - Hardwar,`86,`869,`8690,Other human health activities,4,2,2,2,0,2,2,2,0,0,0,0,0,0,0,0,0,0
`05,`068,District - Hardwar,`88,`000,`0000,Social work activities without accommodation,6,0,6,6,0,6,0,0,0,0,0,0,0,0,0,0,0,0
`05,`068,District - Hardwar,`88,`889,`0000,Other social work activities without accommodation n.e.c.,6,0,6,6,0,6,0,0,0,0,0,0,0,0,0,0,0,0
`05,`068,District - Hardwar,`88,`889,`8890,Other social work activities without accommodation n.e.c.,6,0,6,6,0,6,0,0,0,0,0,0,0,0,0,0,0,0
`05,`068,District - Hardwar,`90,`000,`0000,"Creative, arts and entertainment activities",2,2,0,0,0,0,2,2,0,2,2,0,2,2,0,0,0,0
`05,`068,District - Hardwar,`90,`900,`0000,"Creative, arts and entertainment activities",2,2,0,0,0,0,2,2,0,2,2,0,2,2,0,0,0,0
`05,`068,District - Hardwar,`90,`900,`9000,"Dramatic arts, music and other arts activities",2,2,0,0,0,0,2,2,0,2,2,0,2,2,0,0,0,0
`05,`068,District - Hardwar,`94,`000,`0000,Activities of membership organizations,0,0,0,0,0,0,0,0,0,2,2,0,2,2,0,0,0,0
`05,`068,District - Hardwar,`94,`949,`0000,Activities of other membership organizations,0,0,0,0,0,0,0,0,0,2,2,0,2,2,0,0,0,0
`05,`068,District - Hardwar,`94,`949,`9491,Activities of religious organizations,0,0,0,0,0,0,0,0,0,2,2,0,2,2,0,0,0,0
`05,`068,District - Hardwar,`95,`000,`0000,Repair of computers and personal and household goods,6,6,0,0,0,0,6,6,0,2,2,0,0,0,0,2,2,0
`05,`068,District - Hardwar,`95,`951,`0000,Repair of computers and communication equipment,6,6,0,0,0,0,6,6,0,0,0,0,0,0,0,0,0,0
`05,`068,District - Hardwar,`95,`951,`9512,Repair of communication equipment,6,6,0,0,0,0,6,6,0,0,0,0,0,0,0,0,0,0
`05,`068,District - Hardwar,`95,`952,`0000,Repair of personal and household goods,0,0,0,0,0,0,0,0,0,2,2,0,0,0,0,2,2,0
`05,`068,District - Hardwar,`95,`952,`9529,"Repair of personal and household goods, n.e.c.",0,0,0,0,0,0,0,0,0,2,2,0,0,0,0,2,2,0
`05,`068,District - Hardwar,`96,`000,`0000,Other personal service activities,10,10,0,6,6,0,4,4,0,2,0,2,0,0,0,2,0,2
`05,`068,District - Hardwar,`96,`960,`0000,Other personal service activities,10,10,0,6,6,0,4,4,0,2,0,2,0,0,0,2,0,2
`05,`068,District - Hardwar,`96,`960,`9601,Washing and (dry-) cleaning of textile and fur products,6,6,0,2,2,0,4,4,0,0,0,0,0,0,0,0,0,0
`05,`068,District - Hardwar,`96,`960,`9602,Hairdressing and other beauty treatment,4,4,0,4,4,0,0,0,0,0,0,0,0,0,0,0,0,0
`05,`068,District - Hardwar,`96,`960,`9609,Other personal service activities n.e.c.,0,0,0,0,0,0,0,0,0,2,0,2,0,0,0,2,0,2
`05,`068,District - Hardwar,`97,`000,`0000,Activities of households as employers of domestic personnel,10,4,6,6,2,4,4,2,2,4,0,4,0,0,0,4,0,4
`05,`068,District - Hardwar,`97,`970,`0000,Activities of households as employers of domestic personnel,10,4,6,6,2,4,4,2,2,4,0,4,0,0,0,4,0,4
`05,`068,District - Hardwar,`97,`970,`9700,Activities of households as employers of domestic personnel,10,4,6,6,2,4,4,2,2,4,0,4,0,0,0,4,0,4
`05,`068,District - Hardwar,`99,`000,`0000,Activities of extraterritorial organizations and bodies,40,18,22,24,10,14,16,8,8,34,8,26,34,8,26,0,0,0
`05,`068,District - Hardwar,`99,`991,`0000,Blank etc.,8,8,0,4,4,0,4,4,0,16,2,14,16,2,14,0,0,0
`05,`068,District - Hardwar,`99,`991,`9910,Blank etc.,8,8,0,4,4,0,4,4,0,16,2,14,16,2,14,0,0,0
`05,`068,District - Hardwar,`99,`992,`0000,Incomplete description/ Wrongly Classifed,32,10,22,20,6,14,12,4,8,18,6,12,18,6,12,0,0,0
`05,`068,District - Hardwar,`99,`992,`9920,Incomplete description/ Wrongly Classifed,32,10,22,20,6,14,12,4,8,18,6,12,18,6,12,0,0,0
