State Code,District Code,India/States,Division,Group,Class,NIC Name,Main Workers - Total -  Persons,Main Workers - Total - Males,Main Workers - Total - Females,Main Workers - Rural -  Persons,Main Workers - Rural - Males,Main Workers - Rural - Females,Main Workers - Urban -  Persons,Main Workers - Urban - Males,Main Workers - Urban - Females,Marginal Workers - Total -  Persons,Marginal Workers - Total - Males,Marginal Workers - Total - Females,Marginal Workers - Rural -  Persons,Marginal Workers - Rural - Males,Marginal Workers - Rural - Females,Marginal Workers - Urban -  Persons,Marginal Workers - Urban - Males,Marginal Workers - Urban - Females
`16,`000,STATE - TRIPURA,`00,`000,`0000,Total,125810,105429,20381,65350,54866,10484,60460,50563,9897,41251,18220,23031,27356,11430,15926,13895,6790,7105
`16,`000,STATE - TRIPURA,`01,`000,`0000,"Crop and animal production, hunting and related service activities",7496,5231,2265,5724,3838,1886,1772,1393,379,1956,797,1159,1556,634,922,400,163,237
`16,`000,STATE - TRIPURA,`01,`011,`0000,Growing of non-perennial crops,717,659,58,316,286,30,401,373,28,281,192,89,206,134,72,75,58,17
`16,`000,STATE - TRIPURA,`01,`011,`0111,"Growing of cereals (except rice), leguminous crops and oil seeds",6,6,0,6,6,0,0,0,0,0,0,0,0,0,0,0,0,0
`16,`000,STATE - TRIPURA,`01,`011,`0112,Growing of rice,655,615,40,298,274,24,357,341,16,244,161,83,176,110,66,68,51,17
`16,`000,STATE - TRIPURA,`01,`011,`0113,"Growing of vegetables and melons, roots and tubers",36,21,15,6,0,6,30,21,9,29,23,6,24,18,6,5,5,0
`16,`000,STATE - TRIPURA,`01,`011,`0119,Growing of other non-perennial crop,20,17,3,6,6,0,14,11,3,8,8,0,6,6,0,2,2,0
`16,`000,STATE - TRIPURA,`01,`012,`0000,Growing of perennial crops,4880,3278,1602,4250,2798,1452,630,480,150,748,406,342,630,356,274,118,50,68
`16,`000,STATE - TRIPURA,`01,`012,`0122,Growing of tropical and subtropical fruits,12,12,0,6,6,0,6,6,0,0,0,0,0,0,0,0,0,0
`16,`000,STATE - TRIPURA,`01,`012,`0125,Growing of other tree and bush fruits and nuts,26,18,8,24,18,6,2,0,2,0,0,0,0,0,0,0,0,0
`16,`000,STATE - TRIPURA,`01,`012,`0126,Growing of oleaginous fruits,9,6,3,6,6,0,3,0,3,0,0,0,0,0,0,0,0,0
`16,`000,STATE - TRIPURA,`01,`012,`0127,Growing of beverage crops,3231,1790,1441,3004,1638,1366,227,152,75,438,157,281,374,142,232,64,15,49
`16,`000,STATE - TRIPURA,`01,`012,`0129,Growing of other perennial crops,1602,1452,150,1210,1130,80,392,322,70,310,249,61,256,214,42,54,35,19
`16,`000,STATE - TRIPURA,`01,`013,`0000,Plant propagation,25,23,2,12,12,0,13,11,2,11,9,2,8,6,2,3,3,0
`16,`000,STATE - TRIPURA,`01,`013,`0130,Plant propagation,25,23,2,12,12,0,13,11,2,11,9,2,8,6,2,3,3,0
`16,`000,STATE - TRIPURA,`01,`014,`0000,Animal production,896,438,458,632,282,350,264,156,108,823,108,715,666,94,572,157,14,143
`16,`000,STATE - TRIPURA,`01,`014,`0141,Raising of cattle and buffaloes,588,266,322,406,162,244,182,104,78,575,61,514,454,56,398,121,5,116
`16,`000,STATE - TRIPURA,`01,`014,`0144,Raising of sheep and goats,35,11,24,28,8,20,7,3,4,49,6,43,40,6,34,9,0,9
`16,`000,STATE - TRIPURA,`01,`014,`0145,Raising of swine/pigs,18,18,0,18,18,0,0,0,0,8,2,6,8,2,6,0,0,0
`16,`000,STATE - TRIPURA,`01,`014,`0146,Raising of poultry,213,129,84,152,88,64,61,41,20,145,27,118,128,24,104,17,3,14
`16,`000,STATE - TRIPURA,`01,`014,`0149,Raising of other animals,42,14,28,28,6,22,14,8,6,46,12,34,36,6,30,10,6,4
`16,`000,STATE - TRIPURA,`01,`015,`0000,Mixed farming,159,141,18,94,84,10,65,57,8,52,49,3,32,32,0,20,17,3
`16,`000,STATE - TRIPURA,`01,`015,`0150,Mixed farming,159,141,18,94,84,10,65,57,8,52,49,3,32,32,0,20,17,3
`16,`000,STATE - TRIPURA,`01,`016,`0000,Support activities to agriculture and post-harvest crop activities,819,692,127,420,376,44,399,316,83,41,33,8,14,12,2,27,21,6
`16,`000,STATE - TRIPURA,`01,`016,`0161,Support activities for crop production,550,459,91,264,234,30,286,225,61,39,33,6,12,12,0,27,21,6
`16,`000,STATE - TRIPURA,`01,`016,`0163,Post-harvest crop activities,269,233,36,156,142,14,113,91,22,2,0,2,2,0,2,0,0,0
`16,`000,STATE - TRIPURA,`02,`000,`0000,Forestry and logging,1259,1165,94,924,868,56,335,297,38,220,130,90,180,90,90,40,40,0
`16,`000,STATE - TRIPURA,`02,`021,`0000,Silviculture and other forestry activities,15,15,0,6,6,0,9,9,0,0,0,0,0,0,0,0,0,0
`16,`000,STATE - TRIPURA,`02,`021,`0210,Silviculture and other forestry activities,15,15,0,6,6,0,9,9,0,0,0,0,0,0,0,0,0,0
`16,`000,STATE - TRIPURA,`02,`022,`0000,Logging,848,798,50,724,678,46,124,120,4,217,127,90,180,90,90,37,37,0
`16,`000,STATE - TRIPURA,`02,`022,`0220,Logging,848,798,50,724,678,46,124,120,4,217,127,90,180,90,90,37,37,0
`16,`000,STATE - TRIPURA,`02,`023,`0000,Gathering of non-wood forest products,5,5,0,2,2,0,3,3,0,0,0,0,0,0,0,0,0,0
`16,`000,STATE - TRIPURA,`02,`023,`0230,Gathering of non-wood forest products,5,5,0,2,2,0,3,3,0,0,0,0,0,0,0,0,0,0
`16,`000,STATE - TRIPURA,`02,`024,`0000,Support services to forestry,391,347,44,192,182,10,199,165,34,3,3,0,0,0,0,3,3,0
`16,`000,STATE - TRIPURA,`02,`024,`0240,Support services to forestry,391,347,44,192,182,10,199,165,34,3,3,0,0,0,0,3,3,0
`16,`000,STATE - TRIPURA,`03,`000,`0000,Fishing and aquaculture,1820,1800,20,1466,1456,10,354,344,10,274,268,6,226,220,6,48,48,0
`16,`000,STATE - TRIPURA,`03,`031,`0000,Fishing,1704,1692,12,1382,1372,10,322,320,2,268,262,6,220,214,6,48,48,0
`16,`000,STATE - TRIPURA,`03,`031,`0311,Marine fishing,408,400,8,314,308,6,94,92,2,62,62,0,62,62,0,0,0,0
`16,`000,STATE - TRIPURA,`03,`031,`0312,Freash water fishing,1296,1292,4,1068,1064,4,228,228,0,206,200,6,158,152,6,48,48,0
`16,`000,STATE - TRIPURA,`03,`032,`0000,Aquaculture,116,108,8,84,84,0,32,24,8,6,6,0,6,6,0,0,0,0
`16,`000,STATE - TRIPURA,`03,`032,`0321,Marine aquaculture,12,12,0,6,6,0,6,6,0,0,0,0,0,0,0,0,0,0
`16,`000,STATE - TRIPURA,`03,`032,`0322,Freshwater aquaculture,104,96,8,78,78,0,26,18,8,6,6,0,6,6,0,0,0,0
`16,`000,STATE - TRIPURA,`05,`000,`0000,Mining of coal and lignite,2,2,0,2,2,0,0,0,0,0,0,0,0,0,0,0,0,0
`16,`000,STATE - TRIPURA,`05,`051,`0000,Mining of hard coal,2,2,0,2,2,0,0,0,0,0,0,0,0,0,0,0,0,0
`16,`000,STATE - TRIPURA,`05,`051,`0510,Mining of hard coal,2,2,0,2,2,0,0,0,0,0,0,0,0,0,0,0,0,0
`16,`000,STATE - TRIPURA,`06,`000,`0000,Extraction of crude petroleum and natural gas,11,11,0,2,2,0,9,9,0,7,7,0,4,4,0,3,3,0
`16,`000,STATE - TRIPURA,`06,`061,`0000,Extraction of crude petroleum,11,11,0,2,2,0,9,9,0,7,7,0,4,4,0,3,3,0
`16,`000,STATE - TRIPURA,`06,`061,`0610,Extraction of crude petroleum,11,11,0,2,2,0,9,9,0,7,7,0,4,4,0,3,3,0
`16,`000,STATE - TRIPURA,`08,`000,`0000,Other mining and quarrying,194,154,40,124,98,26,70,56,14,27,15,12,16,6,10,11,9,2
`16,`000,STATE - TRIPURA,`08,`081,`0000,"Quarrying of stone, sand and clay",137,105,32,86,66,20,51,39,12,16,6,10,8,0,8,8,6,2
`16,`000,STATE - TRIPURA,`08,`081,`0810,"Quarrying of stone, sand and clay",137,105,32,86,66,20,51,39,12,16,6,10,8,0,8,8,6,2
`16,`000,STATE - TRIPURA,`08,`089,`0000,Mining and quarrying n.e.c.,57,49,8,38,32,6,19,17,2,11,9,2,8,6,2,3,3,0
`16,`000,STATE - TRIPURA,`08,`089,`0892,Extraction and agglomeration of peat,6,6,0,6,6,0,0,0,0,0,0,0,0,0,0,0,0,0
`16,`000,STATE - TRIPURA,`08,`089,`0899,Other mining and quarrying n.e.c.,51,43,8,32,26,6,19,17,2,11,9,2,8,6,2,3,3,0
`16,`000,STATE - TRIPURA,`09,`000,`0000,Mining support service activities,61,61,0,12,12,0,49,49,0,6,6,0,0,0,0,6,6,0
`16,`000,STATE - TRIPURA,`09,`091,`0000,Support activities for petroleum and natural gas mining,48,48,0,12,12,0,36,36,0,6,6,0,0,0,0,6,6,0
`16,`000,STATE - TRIPURA,`09,`091,`0910,Support activities for petroleum and natural gas mining,48,48,0,12,12,0,36,36,0,6,6,0,0,0,0,6,6,0
`16,`000,STATE - TRIPURA,`09,`099,`0000,Support activities for other mining and quarrying,13,13,0,0,0,0,13,13,0,0,0,0,0,0,0,0,0,0
`16,`000,STATE - TRIPURA,`09,`099,`0990,Support activities for other mining and quarrying,13,13,0,0,0,0,13,13,0,0,0,0,0,0,0,0,0,0
`16,`000,STATE - TRIPURA,`10,`000,`0000,Manufacture of food products,1150,905,245,680,586,94,470,319,151,682,146,536,446,108,338,236,38,198
`16,`000,STATE - TRIPURA,`10,`101,`0000,Processing and preserving of meat,35,24,11,8,6,2,27,18,9,91,6,85,82,6,76,9,0,9
`16,`000,STATE - TRIPURA,`10,`101,`1010,Processing and preserving of meat,35,24,11,8,6,2,27,18,9,91,6,85,82,6,76,9,0,9
`16,`000,STATE - TRIPURA,`10,`102,`0000,"Processing and preserving of fish, crustaceans and molluscs",31,29,2,28,26,2,3,3,0,3,3,0,0,0,0,3,3,0
`16,`000,STATE - TRIPURA,`10,`102,`1020,"Processing and preserving of fish, crustaceans and molluscs and",31,29,2,28,26,2,3,3,0,3,3,0,0,0,0,3,3,0
`16,`000,STATE - TRIPURA,`10,`103,`0000,Processing and preserving of fruit and vegetables,50,50,0,42,42,0,8,8,0,28,6,22,28,6,22,0,0,0
`16,`000,STATE - TRIPURA,`10,`103,`1030,Processing and preserving of fruit and vegetables,50,50,0,42,42,0,8,8,0,28,6,22,28,6,22,0,0,0
`16,`000,STATE - TRIPURA,`10,`105,`0000,Manufacture of dairy products,126,64,62,60,38,22,66,26,40,212,23,189,134,20,114,78,3,75
`16,`000,STATE - TRIPURA,`10,`105,`1050,Manufacture of dairy products,126,64,62,60,38,22,66,26,40,212,23,189,134,20,114,78,3,75
`16,`000,STATE - TRIPURA,`10,`106,`0000,"Manufacture of grain mill products, starches and starch products",339,278,61,224,200,24,115,78,37,121,38,83,86,32,54,35,6,29
`16,`000,STATE - TRIPURA,`10,`106,`1061,Manufacture of grain mill products,336,275,61,224,200,24,112,75,37,121,38,83,86,32,54,35,6,29
`16,`000,STATE - TRIPURA,`10,`106,`1062,Manufacture of starches and starch products,3,3,0,0,0,0,3,3,0,0,0,0,0,0,0,0,0,0
`16,`000,STATE - TRIPURA,`10,`107,`0000,Manufacture of other food products,569,460,109,318,274,44,251,186,65,227,70,157,116,44,72,111,26,85
`16,`000,STATE - TRIPURA,`10,`107,`1071,Manufacture of bakery products,213,190,23,140,130,10,73,60,13,52,29,23,18,18,0,34,11,23
`16,`000,STATE - TRIPURA,`10,`107,`1073,"Manufacture of cocoa, chocolate and sugar confectionery",134,124,10,84,78,6,50,46,4,6,6,0,6,6,0,0,0,0
`16,`000,STATE - TRIPURA,`10,`107,`1074,"Manufacture of macaroni, noodles, couscous and similar farinaceous",6,3,3,0,0,0,6,3,3,3,0,3,0,0,0,3,0,3
`16,`000,STATE - TRIPURA,`10,`107,`1075,Manufacture of prepared meals and dishes,98,75,23,60,48,12,38,27,11,50,12,38,24,0,24,26,12,14
`16,`000,STATE - TRIPURA,`10,`107,`1079,Manufacture of other food products n.e.c.,118,68,50,34,18,16,84,50,34,116,23,93,68,20,48,48,3,45
`16,`000,STATE - TRIPURA,`11,`000,`0000,Manufacture of beverages,28,26,2,20,20,0,8,6,2,3,3,0,0,0,0,3,3,0
`16,`000,STATE - TRIPURA,`11,`110,`0000,Manufacture of beverages,28,26,2,20,20,0,8,6,2,3,3,0,0,0,0,3,3,0
`16,`000,STATE - TRIPURA,`11,`110,`1101,"Distilling, rectifying and blending of spirits; ethyl alcohol production",2,0,2,0,0,0,2,0,2,0,0,0,0,0,0,0,0,0
`16,`000,STATE - TRIPURA,`11,`110,`1104,Manufacture of soft drinks; production of mineral waters and other,26,26,0,20,20,0,6,6,0,3,3,0,0,0,0,3,3,0
`16,`000,STATE - TRIPURA,`12,`000,`0000,Manufacture of tobacco products,509,116,393,312,74,238,197,42,155,382,14,368,276,12,264,106,2,104
`16,`000,STATE - TRIPURA,`12,`120,`0000,Manufacture of tobacco products,509,116,393,312,74,238,197,42,155,382,14,368,276,12,264,106,2,104
`16,`000,STATE - TRIPURA,`12,`120,`1200,Manufacture of tobacco products,509,116,393,312,74,238,197,42,155,382,14,368,276,12,264,106,2,104
`16,`000,STATE - TRIPURA,`13,`000,`0000,Manufacture of textiles,1126,937,189,490,424,66,636,513,123,692,256,436,348,166,182,344,90,254
`16,`000,STATE - TRIPURA,`13,`131,`0000,"Spinning, weaving and finishing of textiles",939,769,170,408,352,56,531,417,114,646,232,414,338,160,178,308,72,236
`16,`000,STATE - TRIPURA,`13,`131,`1311,Preparation and spinning of textile fibres,750,622,128,368,322,46,382,300,82,601,221,380,322,160,162,279,61,218
`16,`000,STATE - TRIPURA,`13,`131,`1312,Weaving of textiles,127,90,37,40,30,10,87,60,27,29,5,24,16,0,16,13,5,8
`16,`000,STATE - TRIPURA,`13,`131,`1313,Finishing of textiles,62,57,5,0,0,0,62,57,5,16,6,10,0,0,0,16,6,10
`16,`000,STATE - TRIPURA,`13,`139,`0000,Manufacture of other textiles,187,168,19,82,72,10,105,96,9,46,24,22,10,6,4,36,18,18
`16,`000,STATE - TRIPURA,`13,`139,`1391,Manufacture of knitted and crocheted fabrics,0,0,0,0,0,0,0,0,0,2,0,2,2,0,2,0,0,0
`16,`000,STATE - TRIPURA,`13,`139,`1392,"Manufacture of made-up textile articles, except apparel",48,42,6,36,30,6,12,12,0,12,6,6,6,6,0,6,0,6
`16,`000,STATE - TRIPURA,`13,`139,`1393,Manufacture of carpets and rugs,12,12,0,6,6,0,6,6,0,9,6,3,0,0,0,9,6,3
`16,`000,STATE - TRIPURA,`13,`139,`1394,"Manufacture of cordage, rope, twine and netting",118,105,13,40,36,4,78,69,9,8,6,2,2,0,2,6,6,0
`16,`000,STATE - TRIPURA,`13,`139,`1399,Manufacture of other textiles n.e.c.,9,9,0,0,0,0,9,9,0,15,6,9,0,0,0,15,6,9
`16,`000,STATE - TRIPURA,`14,`000,`0000,Manufacture of wearing apparel,1072,733,339,524,416,108,548,317,231,207,56,151,78,34,44,129,22,107
`16,`000,STATE - TRIPURA,`14,`141,`0000,"Manufacture of wearing apparel, except fur apparel",1072,733,339,524,416,108,548,317,231,207,56,151,78,34,44,129,22,107
`16,`000,STATE - TRIPURA,`14,`141,`1410,"Manufacture of wearing apparel, except fur apparel",1072,733,339,524,416,108,548,317,231,207,56,151,78,34,44,129,22,107
`16,`000,STATE - TRIPURA,`15,`000,`0000,Manufacture of leather and related products,127,114,13,36,32,4,91,82,9,26,22,4,8,8,0,18,14,4
`16,`000,STATE - TRIPURA,`15,`151,`0000,"Tanning and dressing of leather; manufacture of luggage, handbags, saddlery",48,45,3,18,18,0,30,27,3,13,9,4,6,6,0,7,3,4
`16,`000,STATE - TRIPURA,`15,`151,`1511,Tanning and dressing of leather; dressing and dyeing of fur,12,12,0,6,6,0,6,6,0,13,9,4,6,6,0,7,3,4
`16,`000,STATE - TRIPURA,`15,`151,`1512,"Manufacture of luggage, handbags and the like, saddlery and harness",36,33,3,12,12,0,24,21,3,0,0,0,0,0,0,0,0,0
`16,`000,STATE - TRIPURA,`15,`152,`0000,Manufacture of footwear,79,69,10,18,14,4,61,55,6,13,13,0,2,2,0,11,11,0
`16,`000,STATE - TRIPURA,`15,`152,`1520,Manufacture of footwear,79,69,10,18,14,4,61,55,6,13,13,0,2,2,0,11,11,0
`16,`000,STATE - TRIPURA,`16,`000,`0000,"Manufacture of wood and products of wood and cork, except furniture;",3970,3432,538,2638,2244,394,1332,1188,144,1948,650,1298,1562,442,1120,386,208,178
`16,`000,STATE - TRIPURA,`16,`161,`0000,Sawmilling and planing of wood,291,282,9,200,198,2,91,84,7,21,21,0,18,18,0,3,3,0
`16,`000,STATE - TRIPURA,`16,`161,`1610,Saw milling and planing of wood,291,282,9,200,198,2,91,84,7,21,21,0,18,18,0,3,3,0
`16,`000,STATE - TRIPURA,`16,`162,`0000,"Manufacture of products of wood, cork, straw and plaiting materials",3679,3150,529,2438,2046,392,1241,1104,137,1927,629,1298,1544,424,1120,383,205,178
`16,`000,STATE - TRIPURA,`16,`162,`1621,"Manufacture of veneer sheets; manufacture of plywood, laminboard,",158,158,0,102,102,0,56,56,0,33,33,0,18,18,0,15,15,0
`16,`000,STATE - TRIPURA,`16,`162,`1623,Manufacture of wooden containers,888,671,217,588,432,156,300,239,61,399,130,269,316,82,234,83,48,35
`16,`000,STATE - TRIPURA,`16,`162,`1629,"Manufacture of other products of wood; manufacture of articles of cork,",2633,2321,312,1748,1512,236,885,809,76,1495,466,1029,1210,324,886,285,142,143
`16,`000,STATE - TRIPURA,`17,`000,`0000,Manufacture of paper and paper products,18,8,10,8,6,2,10,2,8,10,0,10,8,0,8,2,0,2
`16,`000,STATE - TRIPURA,`17,`170,`0000,Manufacture of paper and paper products,18,8,10,8,6,2,10,2,8,10,0,10,8,0,8,2,0,2
`16,`000,STATE - TRIPURA,`17,`170,`1701,"Manufacture of pulp, paper and paperboard",6,0,6,0,0,0,6,0,6,6,0,6,6,0,6,0,0,0
`16,`000,STATE - TRIPURA,`17,`170,`1709,Manufacture of other articles of paper and paperboard,12,8,4,8,6,2,4,2,2,4,0,4,2,0,2,2,0,2
`16,`000,STATE - TRIPURA,`18,`000,`0000,Printing and reproduction of recorded media,106,82,24,20,20,0,86,62,24,8,6,2,0,0,0,8,6,2
`16,`000,STATE - TRIPURA,`18,`181,`0000,Printing and service activities related to printing,106,82,24,20,20,0,86,62,24,8,6,2,0,0,0,8,6,2
`16,`000,STATE - TRIPURA,`18,`181,`1811,Printing,34,29,5,6,6,0,28,23,5,2,0,2,0,0,0,2,0,2
`16,`000,STATE - TRIPURA,`18,`181,`1812,Service activities related to printing,72,53,19,14,14,0,58,39,19,6,6,0,0,0,0,6,6,0
`16,`000,STATE - TRIPURA,`19,`000,`0000,Manufacture of coke and refined petroleum products,80,71,9,18,18,0,62,53,9,9,9,0,6,6,0,3,3,0
`16,`000,STATE - TRIPURA,`19,`191,`0000,Manufacture of coke oven products,3,0,3,0,0,0,3,0,3,0,0,0,0,0,0,0,0,0
`16,`000,STATE - TRIPURA,`19,`191,`1910,Manufacture of coke oven products,3,0,3,0,0,0,3,0,3,0,0,0,0,0,0,0,0,0
`16,`000,STATE - TRIPURA,`19,`192,`0000,Manufacture of refined petroleum products,77,71,6,18,18,0,59,53,6,9,9,0,6,6,0,3,3,0
`16,`000,STATE - TRIPURA,`19,`192,`1920,Manufacture of refined petroleum products,77,71,6,18,18,0,59,53,6,9,9,0,6,6,0,3,3,0
`16,`000,STATE - TRIPURA,`20,`000,`0000,Manufacture of chemicals and chemical products,287,91,196,224,50,174,63,41,22,830,42,788,738,42,696,92,0,92
`16,`000,STATE - TRIPURA,`20,`202,`0000,Manufacture of other chemical products,287,91,196,224,50,174,63,41,22,830,42,788,738,42,696,92,0,92
`16,`000,STATE - TRIPURA,`20,`202,`2022,"Manufacture of paints, varnishes and similar coatings, printing ink and",6,6,0,0,0,0,6,6,0,0,0,0,0,0,0,0,0,0
`16,`000,STATE - TRIPURA,`20,`202,`2023,"Manufacture of soap and detergents, cleaning and polishing preparations,",281,85,196,224,50,174,57,35,22,830,42,788,738,42,696,92,0,92
`16,`000,STATE - TRIPURA,`22,`000,`0000,Manufacture of rubber and plastics products,87,77,10,36,36,0,51,41,10,9,6,3,6,6,0,3,0,3
`16,`000,STATE - TRIPURA,`22,`221,`0000,Manufacture of rubber products,47,44,3,24,24,0,23,20,3,0,0,0,0,0,0,0,0,0
`16,`000,STATE - TRIPURA,`22,`221,`2211,Manufacture of rubber tyres and tubes; retreading and rebuilding of,17,17,0,12,12,0,5,5,0,0,0,0,0,0,0,0,0,0
`16,`000,STATE - TRIPURA,`22,`221,`2219,Manufacture of other rubber products,30,27,3,12,12,0,18,15,3,0,0,0,0,0,0,0,0,0
`16,`000,STATE - TRIPURA,`22,`222,`0000,Manufacture of plastics products,40,33,7,12,12,0,28,21,7,9,6,3,6,6,0,3,0,3
`16,`000,STATE - TRIPURA,`22,`222,`2220,Manufacture of plastics products,40,33,7,12,12,0,28,21,7,9,6,3,6,6,0,3,0,3
`16,`000,STATE - TRIPURA,`23,`000,`0000,Manufacture of other non-metallic mineral products,2147,1611,536,1822,1372,450,325,239,86,518,307,211,438,280,158,80,27,53
`16,`000,STATE - TRIPURA,`23,`231,`0000,Manufacture of glass and glass products,6,6,0,6,6,0,0,0,0,0,0,0,0,0,0,0,0,0
`16,`000,STATE - TRIPURA,`23,`231,`2310,Manufacture of glass and glass products,6,6,0,6,6,0,0,0,0,0,0,0,0,0,0,0,0,0
`16,`000,STATE - TRIPURA,`23,`239,`0000,Manufacture of non-metallic mineral products n.e.c.,2141,1605,536,1816,1366,450,325,239,86,518,307,211,438,280,158,80,27,53
`16,`000,STATE - TRIPURA,`23,`239,`2391,Manufacture of refractory products,34,32,2,10,8,2,24,24,0,6,6,0,6,6,0,0,0,0
`16,`000,STATE - TRIPURA,`23,`239,`2392,Manufacture of clay building materials,2040,1506,534,1776,1328,448,264,178,86,464,277,187,396,256,140,68,21,47
`16,`000,STATE - TRIPURA,`23,`239,`2393,Manufacture of other porcelain and ceramic products,59,59,0,28,28,0,31,31,0,34,15,19,28,12,16,6,3,3
`16,`000,STATE - TRIPURA,`23,`239,`2394,"Manufacture of cement, lime and plaster",5,5,0,2,2,0,3,3,0,5,3,2,2,0,2,3,3,0
`16,`000,STATE - TRIPURA,`23,`239,`2395,"Manufacture of articles of concrete, cement and plaster",3,3,0,0,0,0,3,3,0,6,6,0,6,6,0,0,0,0
`16,`000,STATE - TRIPURA,`23,`239,`2399,Manufacture of other non-metallic mineral products n.e.c.,0,0,0,0,0,0,0,0,0,3,0,3,0,0,0,3,0,3
`16,`000,STATE - TRIPURA,`24,`000,`0000,Manufacture of basic metals,140,128,12,18,18,0,122,110,12,25,25,0,8,8,0,17,17,0
`16,`000,STATE - TRIPURA,`24,`241,`0000,Manufacture of basic iron and steel,112,107,5,18,18,0,94,89,5,25,25,0,8,8,0,17,17,0
`16,`000,STATE - TRIPURA,`24,`241,`2410,Manufacture of basic iron and steel,112,107,5,18,18,0,94,89,5,25,25,0,8,8,0,17,17,0
`16,`000,STATE - TRIPURA,`24,`242,`0000,Manufacture of basic precious and other non-ferrous metals,25,18,7,0,0,0,25,18,7,0,0,0,0,0,0,0,0,0
`16,`000,STATE - TRIPURA,`24,`242,`2420,Manufacture of basic precious and other non-ferrous metals,25,18,7,0,0,0,25,18,7,0,0,0,0,0,0,0,0,0
`16,`000,STATE - TRIPURA,`24,`243,`0000,Casting of metals,3,3,0,0,0,0,3,3,0,0,0,0,0,0,0,0,0,0
`16,`000,STATE - TRIPURA,`24,`243,`2432,Casting of non-ferrous metals,3,3,0,0,0,0,3,3,0,0,0,0,0,0,0,0,0,0
`16,`000,STATE - TRIPURA,`25,`000,`0000,"Manufacture of fabricated metal products, except machinery and equipment",344,340,4,116,114,2,228,226,2,52,49,3,12,12,0,40,37,3
`16,`000,STATE - TRIPURA,`25,`251,`0000,"Manufacture of structural metal products, tanks, reservoirs and steam",65,65,0,12,12,0,53,53,0,14,11,3,6,6,0,8,5,3
`16,`000,STATE - TRIPURA,`25,`251,`2511,Manufacture of structural metal products,65,65,0,12,12,0,53,53,0,14,11,3,6,6,0,8,5,3
`16,`000,STATE - TRIPURA,`25,`259,`0000,Manufacture of other fabricated metal products; metalworking service,279,275,4,104,102,2,175,173,2,38,38,0,6,6,0,32,32,0
`16,`000,STATE - TRIPURA,`25,`259,`2593,"Manufacture of cutlery, hand tools and general hardware",223,221,2,90,90,0,133,131,2,35,35,0,6,6,0,29,29,0
`16,`000,STATE - TRIPURA,`25,`259,`2599,Manufacture of other fabricated metal products n.e.c.,56,54,2,14,12,2,42,42,0,3,3,0,0,0,0,3,3,0
`16,`000,STATE - TRIPURA,`26,`000,`0000,"Manufacture of computer, electronic and optical products",12,12,0,0,0,0,12,12,0,9,9,0,0,0,0,9,9,0
`16,`000,STATE - TRIPURA,`26,`262,`0000,Manufacture of computers and peripheral equipment,3,3,0,0,0,0,3,3,0,0,0,0,0,0,0,0,0,0
`16,`000,STATE - TRIPURA,`26,`262,`2620,Manufacture of computers and peripheral equipment,3,3,0,0,0,0,3,3,0,0,0,0,0,0,0,0,0,0
`16,`000,STATE - TRIPURA,`26,`264,`0000,Manufacture of consumer electronics,6,6,0,0,0,0,6,6,0,9,9,0,0,0,0,9,9,0
`16,`000,STATE - TRIPURA,`26,`264,`2640,Manufacture of consumer electronics,6,6,0,0,0,0,6,6,0,9,9,0,0,0,0,9,9,0
`16,`000,STATE - TRIPURA,`26,`265,`0000,"Manufacture of measuring, testing, navigating and control equipment;",3,3,0,0,0,0,3,3,0,0,0,0,0,0,0,0,0,0
`16,`000,STATE - TRIPURA,`26,`265,`2651,"Manufacture of measuring, testing, navigating and control equipment",3,3,0,0,0,0,3,3,0,0,0,0,0,0,0,0,0,0
`16,`000,STATE - TRIPURA,`27,`000,`0000,Manufacture of electrical equipment,6,6,0,0,0,0,6,6,0,0,0,0,0,0,0,0,0,0
`16,`000,STATE - TRIPURA,`27,`272,`0000,Manufacture of batteries and accumulators,6,6,0,0,0,0,6,6,0,0,0,0,0,0,0,0,0,0
`16,`000,STATE - TRIPURA,`27,`272,`2720,Manufacture of batteries and accumulators,6,6,0,0,0,0,6,6,0,0,0,0,0,0,0,0,0,0
`16,`000,STATE - TRIPURA,`28,`000,`0000,Manufacture of machinery and equipment n.e.c.,18,12,6,12,6,6,6,6,0,0,0,0,0,0,0,0,0,0
`16,`000,STATE - TRIPURA,`28,`282,`0000,Manufacture of special-purpose machinery,18,12,6,12,6,6,6,6,0,0,0,0,0,0,0,0,0,0
`16,`000,STATE - TRIPURA,`28,`282,`2825,"Manufacture of machinery for food, beverage and tobacco processing",18,12,6,12,6,6,6,6,0,0,0,0,0,0,0,0,0,0
`16,`000,STATE - TRIPURA,`29,`000,`0000,"Manufacture of motor vehicles, trailers and semi-trailers",6,6,0,6,6,0,0,0,0,0,0,0,0,0,0,0,0,0
`16,`000,STATE - TRIPURA,`29,`293,`0000,Manufacture of parts and accessories for motor vehicles,6,6,0,6,6,0,0,0,0,0,0,0,0,0,0,0,0,0
`16,`000,STATE - TRIPURA,`29,`293,`2930,Manufacture of parts and accessories for motor vehicles,6,6,0,6,6,0,0,0,0,0,0,0,0,0,0,0,0,0
`16,`000,STATE - TRIPURA,`30,`000,`0000,Manufacture of other transport equipment,66,60,6,42,36,6,24,24,0,23,23,0,12,12,0,11,11,0
`16,`000,STATE - TRIPURA,`30,`309,`0000,Manufacture of transport equipment n.e.c.,66,60,6,42,36,6,24,24,0,23,23,0,12,12,0,11,11,0
`16,`000,STATE - TRIPURA,`30,`309,`3099,Manufacture of other transport equipment n.e.c.,66,60,6,42,36,6,24,24,0,23,23,0,12,12,0,11,11,0
`16,`000,STATE - TRIPURA,`31,`000,`0000,Manufacture of furniture,3539,3462,77,2122,2066,56,1417,1396,21,548,491,57,304,250,54,244,241,3
`16,`000,STATE - TRIPURA,`31,`310,`0000,Manufacture of furniture,3539,3462,77,2122,2066,56,1417,1396,21,548,491,57,304,250,54,244,241,3
`16,`000,STATE - TRIPURA,`31,`310,`3100,Manufacture of furniture,3539,3462,77,2122,2066,56,1417,1396,21,548,491,57,304,250,54,244,241,3
`16,`000,STATE - TRIPURA,`32,`000,`0000,Other manufacturing,566,492,74,348,284,64,218,208,10,258,65,193,216,48,168,42,17,25
`16,`000,STATE - TRIPURA,`32,`321,`0000,"Manufacture of jewellery, bijouterie and related articles",360,353,7,212,210,2,148,143,5,38,38,0,30,30,0,8,8,0
`16,`000,STATE - TRIPURA,`32,`321,`3211,Manufacture of jewellery and related articles,351,344,7,206,204,2,145,140,5,38,38,0,30,30,0,8,8,0
`16,`000,STATE - TRIPURA,`32,`321,`3212,Manufacture of imitation jewellery and related articles,9,9,0,6,6,0,3,3,0,0,0,0,0,0,0,0,0,0
`16,`000,STATE - TRIPURA,`32,`322,`0000,Manufacture of musical instruments,32,32,0,6,6,0,26,26,0,3,3,0,0,0,0,3,3,0
`16,`000,STATE - TRIPURA,`32,`322,`3220,Manufacture of musical instruments,32,32,0,6,6,0,26,26,0,3,3,0,0,0,0,3,3,0
`16,`000,STATE - TRIPURA,`32,`329,`0000,Other manufacturing n.e.c.,174,107,67,130,68,62,44,39,5,217,24,193,186,18,168,31,6,25
`16,`000,STATE - TRIPURA,`32,`329,`3290,Other manufacturing n.e.c.,174,107,67,130,68,62,44,39,5,217,24,193,186,18,168,31,6,25
`16,`000,STATE - TRIPURA,`33,`000,`0000,Repair and installation of machinery and equipment,198,198,0,78,78,0,120,120,0,44,44,0,14,14,0,30,30,0
`16,`000,STATE - TRIPURA,`33,`331,`0000,"Repair of fabricated metal products, machinery and equipment",198,198,0,78,78,0,120,120,0,41,41,0,14,14,0,27,27,0
`16,`000,STATE - TRIPURA,`33,`331,`3311,Repair of fabricated metal products,3,3,0,0,0,0,3,3,0,0,0,0,0,0,0,0,0,0
`16,`000,STATE - TRIPURA,`33,`331,`3312,Repair of machinery,15,15,0,6,6,0,9,9,0,3,3,0,0,0,0,3,3,0
`16,`000,STATE - TRIPURA,`33,`331,`3313,Repair of electronic and optical equipment,37,37,0,6,6,0,31,31,0,3,3,0,0,0,0,3,3,0
`16,`000,STATE - TRIPURA,`33,`331,`3314,Repair of electrical equipment,80,80,0,30,30,0,50,50,0,32,32,0,14,14,0,18,18,0
`16,`000,STATE - TRIPURA,`33,`331,`3315,"Repair of transport equipment, except motor vehicles",42,42,0,30,30,0,12,12,0,3,3,0,0,0,0,3,3,0
`16,`000,STATE - TRIPURA,`33,`331,`3319,Repair of other equipment,21,21,0,6,6,0,15,15,0,0,0,0,0,0,0,0,0,0
`16,`000,STATE - TRIPURA,`33,`332,`0000,Installation of industrial machinery and equipment,0,0,0,0,0,0,0,0,0,3,3,0,0,0,0,3,3,0
`16,`000,STATE - TRIPURA,`33,`332,`3320,Installation of industrial machinery and equipment,0,0,0,0,0,0,0,0,0,3,3,0,0,0,0,3,3,0
`16,`000,STATE - TRIPURA,`35,`000,`0000,"Electricity, gas, steam and air conditioning supply",1016,936,80,396,380,16,620,556,64,30,30,0,6,6,0,24,24,0
`16,`000,STATE - TRIPURA,`35,`351,`0000,"Electric power generation, transmission and distribution",990,912,78,396,380,16,594,532,62,24,24,0,0,0,0,24,24,0
`16,`000,STATE - TRIPURA,`35,`351,`3510,"Electric power generation, transmission and distribution",990,912,78,396,380,16,594,532,62,24,24,0,0,0,0,24,24,0
`16,`000,STATE - TRIPURA,`35,`352,`0000,Manufacture of gas; distribution of gaseous fuels through mains,18,18,0,0,0,0,18,18,0,0,0,0,0,0,0,0,0,0
`16,`000,STATE - TRIPURA,`35,`352,`3520,Manufacture of gas; distribution of gaseous fuels through mains,18,18,0,0,0,0,18,18,0,0,0,0,0,0,0,0,0,0
`16,`000,STATE - TRIPURA,`35,`353,`0000,Steam and air conditioning supply,8,6,2,0,0,0,8,6,2,6,6,0,6,6,0,0,0,0
`16,`000,STATE - TRIPURA,`35,`353,`3530,Steam and air conditioning supply,8,6,2,0,0,0,8,6,2,6,6,0,6,6,0,0,0,0
`16,`000,STATE - TRIPURA,`36,`000,`0000,"Water collection, treatment and supply",517,489,28,286,272,14,231,217,14,34,32,2,30,30,0,4,2,2
`16,`000,STATE - TRIPURA,`36,`360,`0000,"Water collection, treatment and supply",517,489,28,286,272,14,231,217,14,34,32,2,30,30,0,4,2,2
`16,`000,STATE - TRIPURA,`36,`360,`3600,"Water collection, treatment and supply",517,489,28,286,272,14,231,217,14,34,32,2,30,30,0,4,2,2
`16,`000,STATE - TRIPURA,`37,`000,`0000,Sewerage,43,24,19,0,0,0,43,24,19,0,0,0,0,0,0,0,0,0
`16,`000,STATE - TRIPURA,`37,`370,`0000,Sewerage,43,24,19,0,0,0,43,24,19,0,0,0,0,0,0,0,0,0
`16,`000,STATE - TRIPURA,`37,`370,`3700,Sewerage,43,24,19,0,0,0,43,24,19,0,0,0,0,0,0,0,0,0
`16,`000,STATE - TRIPURA,`38,`000,`0000,"Waste collection, treatment and disposal activities; materials recovery",71,57,14,26,12,14,45,45,0,17,11,6,6,6,0,11,5,6
`16,`000,STATE - TRIPURA,`38,`381,`0000,Waste collection,71,57,14,26,12,14,45,45,0,17,11,6,6,6,0,11,5,6
`16,`000,STATE - TRIPURA,`38,`381,`3811,Collection of non-hazardous waste,50,36,14,14,0,14,36,36,0,14,11,3,6,6,0,8,5,3
`16,`000,STATE - TRIPURA,`38,`381,`3812,Collection of hazardous waste,21,21,0,12,12,0,9,9,0,3,0,3,0,0,0,3,0,3
`16,`000,STATE - TRIPURA,`41,`000,`0000,Construction of buildings,13172,12151,1021,6416,6058,358,6756,6093,663,3446,2370,1076,1902,1322,580,1544,1048,496
`16,`000,STATE - TRIPURA,`41,`410,`0000,Construction of buildings,13172,12151,1021,6416,6058,358,6756,6093,663,3446,2370,1076,1902,1322,580,1544,1048,496
`16,`000,STATE - TRIPURA,`41,`410,`4100,Construction of buildings,13172,12151,1021,6416,6058,358,6756,6093,663,3446,2370,1076,1902,1322,580,1544,1048,496
`16,`000,STATE - TRIPURA,`42,`000,`0000,Civil engineering,7607,5901,1706,4718,3664,1054,2889,2237,652,14964,4458,10506,11096,3438,7658,3868,1020,2848
`16,`000,STATE - TRIPURA,`42,`421,`0000,Construction of roads and railways,5235,3859,1376,3354,2502,852,1881,1357,524,13397,3703,9694,10048,2970,7078,3349,733,2616
`16,`000,STATE - TRIPURA,`42,`421,`4210,Construction roads and railways,5235,3859,1376,3354,2502,852,1881,1357,524,13397,3703,9694,10048,2970,7078,3349,733,2616
`16,`000,STATE - TRIPURA,`42,`422,`0000,Construction of utility projects,47,44,3,32,32,0,15,12,3,132,84,48,94,78,16,38,6,32
`16,`000,STATE - TRIPURA,`42,`422,`4220,Construction of utility projects,47,44,3,32,32,0,15,12,3,132,84,48,94,78,16,38,6,32
`16,`000,STATE - TRIPURA,`42,`429,`0000,Construction of other civil engineering projects,2325,1998,327,1332,1130,202,993,868,125,1435,671,764,954,390,564,481,281,200
`16,`000,STATE - TRIPURA,`42,`429,`4290,Construction of other civil engineering projects,2325,1998,327,1332,1130,202,993,868,125,1435,671,764,954,390,564,481,281,200
`16,`000,STATE - TRIPURA,`43,`000,`0000,Specialized construction activities,7934,6921,1013,3896,3386,510,4038,3535,503,3458,1972,1486,2084,1104,980,1374,868,506
`16,`000,STATE - TRIPURA,`43,`431,`0000,Demolition and site preparation,553,453,100,294,240,54,259,213,46,1230,340,890,944,262,682,286,78,208
`16,`000,STATE - TRIPURA,`43,`431,`4312,Site preparation,553,453,100,294,240,54,259,213,46,1230,340,890,944,262,682,286,78,208
`16,`000,STATE - TRIPURA,`43,`432,`0000,"Electrical, plumbing and other construction installation activities",6184,5285,899,3122,2668,454,3062,2617,445,1944,1384,560,1022,742,280,922,642,280
`16,`000,STATE - TRIPURA,`43,`432,`4321,Electrical installation,169,160,9,54,50,4,115,110,5,45,45,0,12,12,0,33,33,0
`16,`000,STATE - TRIPURA,`43,`432,`4322,"Plumbing, heat and air-conditioning installation",197,197,0,82,82,0,115,115,0,44,44,0,26,26,0,18,18,0
`16,`000,STATE - TRIPURA,`43,`432,`4329,Other construction installation,5818,4928,890,2986,2536,450,2832,2392,440,1855,1295,560,984,704,280,871,591,280
`16,`000,STATE - TRIPURA,`43,`433,`0000,Building completion and finishing,1191,1177,14,480,478,2,711,699,12,282,248,34,118,100,18,164,148,16
`16,`000,STATE - TRIPURA,`43,`433,`4330,Building completion and finishing,1191,1177,14,480,478,2,711,699,12,282,248,34,118,100,18,164,148,16
`16,`000,STATE - TRIPURA,`43,`439,`0000,Other specialized construction activities,6,6,0,0,0,0,6,6,0,2,0,2,0,0,0,2,0,2
`16,`000,STATE - TRIPURA,`43,`439,`4390,Other specialized construction activities,6,6,0,0,0,0,6,6,0,2,0,2,0,0,0,2,0,2
`16,`000,STATE - TRIPURA,`45,`000,`0000,Wholesale and retail trade and repair of motor vehicles and motorcycles,748,736,12,270,270,0,478,466,12,94,94,0,46,46,0,48,48,0
`16,`000,STATE - TRIPURA,`45,`451,`0000,Sale of motor vehicles,12,12,0,6,6,0,6,6,0,0,0,0,0,0,0,0,0,0
`16,`000,STATE - TRIPURA,`45,`451,`4510,Sale of motor vehicles,12,12,0,6,6,0,6,6,0,0,0,0,0,0,0,0,0,0
`16,`000,STATE - TRIPURA,`45,`452,`0000,Maintenance and repair of motor vehicles,530,522,8,198,198,0,332,324,8,71,71,0,38,38,0,33,33,0
`16,`000,STATE - TRIPURA,`45,`452,`4520,Maintenance and repair of motor vehicles,530,522,8,198,198,0,332,324,8,71,71,0,38,38,0,33,33,0
`16,`000,STATE - TRIPURA,`45,`453,`0000,Sale of motor vehicle parts and accessories,90,86,4,12,12,0,78,74,4,9,9,0,0,0,0,9,9,0
`16,`000,STATE - TRIPURA,`45,`453,`4530,Sale of motor vehicle parts and accessories,90,86,4,12,12,0,78,74,4,9,9,0,0,0,0,9,9,0
`16,`000,STATE - TRIPURA,`45,`454,`0000,"Sale, maintenance and repair of motorcycles and related parts and",116,116,0,54,54,0,62,62,0,14,14,0,8,8,0,6,6,0
`16,`000,STATE - TRIPURA,`45,`454,`4540,"Sale, maintenance and repair of motorcycles and related parts and",116,116,0,54,54,0,62,62,0,14,14,0,8,8,0,6,6,0
`16,`000,STATE - TRIPURA,`46,`000,`0000,"Wholesale trade, except of motor vehicles and motorcycles",381,355,26,184,182,2,197,173,24,26,26,0,14,14,0,12,12,0
`16,`000,STATE - TRIPURA,`46,`461,`0000,Wholesale on a fee or contract basis,16,2,14,2,2,0,14,0,14,0,0,0,0,0,0,0,0,0
`16,`000,STATE - TRIPURA,`46,`461,`4610,Wholesale on a fee or contract basis,16,2,14,2,2,0,14,0,14,0,0,0,0,0,0,0,0,0
`16,`000,STATE - TRIPURA,`46,`462,`0000,Wholesale of agricultural raw materials and live animals,126,122,4,88,86,2,38,36,2,6,6,0,6,6,0,0,0,0
`16,`000,STATE - TRIPURA,`46,`462,`4620,Wholesale of agricultural raw materials and live animals,126,122,4,88,86,2,38,36,2,6,6,0,6,6,0,0,0,0
`16,`000,STATE - TRIPURA,`46,`463,`0000,"Wholesale of food, beverages and tobacco",85,85,0,44,44,0,41,41,0,12,12,0,6,6,0,6,6,0
`16,`000,STATE - TRIPURA,`46,`463,`4630,"Wholesale of food, beverages and tobacco",85,85,0,44,44,0,41,41,0,12,12,0,6,6,0,6,6,0
`16,`000,STATE - TRIPURA,`46,`464,`0000,Wholesale of household goods,27,24,3,6,6,0,21,18,3,0,0,0,0,0,0,0,0,0
`16,`000,STATE - TRIPURA,`46,`464,`4649,Wholesale of other household goods,27,24,3,6,6,0,21,18,3,0,0,0,0,0,0,0,0,0
`16,`000,STATE - TRIPURA,`46,`465,`0000,"Wholesale of machinery, equipment and supplies",8,8,0,6,6,0,2,2,0,0,0,0,0,0,0,0,0,0
`16,`000,STATE - TRIPURA,`46,`465,`4652,Wholesale of electronic and telecommunications equipment and parts,6,6,0,6,6,0,0,0,0,0,0,0,0,0,0,0,0,0
`16,`000,STATE - TRIPURA,`46,`465,`4659,Wholesale of other machinery and equipment,2,2,0,0,0,0,2,2,0,0,0,0,0,0,0,0,0,0
`16,`000,STATE - TRIPURA,`46,`466,`0000,Other specialized wholesale,85,80,5,36,36,0,49,44,5,2,2,0,2,2,0,0,0,0
`16,`000,STATE - TRIPURA,`46,`466,`4661,"Wholesale of solid, liquid and gaseous fuels and related products",11,9,2,6,6,0,5,3,2,0,0,0,0,0,0,0,0,0
`16,`000,STATE - TRIPURA,`46,`466,`4663,"Wholesale of construction materials, hardware, plumbing and heating",48,48,0,24,24,0,24,24,0,2,2,0,2,2,0,0,0,0
`16,`000,STATE - TRIPURA,`46,`466,`4669,Wholesale of waste and scrap and other products n.e.c.,26,23,3,6,6,0,20,17,3,0,0,0,0,0,0,0,0,0
`16,`000,STATE - TRIPURA,`46,`469,`0000,Non-specialized wholesale trade,34,34,0,2,2,0,32,32,0,6,6,0,0,0,0,6,6,0
`16,`000,STATE - TRIPURA,`46,`469,`4690,Non-specialized wholesale trade,34,34,0,2,2,0,32,32,0,6,6,0,0,0,0,6,6,0
`16,`000,STATE - TRIPURA,`47,`000,`0000,"Retail trade, except of motor vehicles and motorcycles",17516,17043,473,8544,8308,236,8972,8735,237,1906,1743,163,940,876,64,966,867,99
`16,`000,STATE - TRIPURA,`47,`471,`0000,Retail sale in non-specialized stores,4425,4253,172,2152,2074,78,2273,2179,94,468,409,59,222,200,22,246,209,37
`16,`000,STATE - TRIPURA,`47,`471,`4711,"Retail sale in non-specialized stores with food, beverages or tobacco",1808,1733,75,848,814,34,960,919,41,212,189,23,122,120,2,90,69,21
`16,`000,STATE - TRIPURA,`47,`471,`4719,Other retail sale in non-specialized stores,2617,2520,97,1304,1260,44,1313,1260,53,256,220,36,100,80,20,156,140,16
`16,`000,STATE - TRIPURA,`47,`472,`0000,"Retail sale of food, beverages and tobacco in specialized stores",8838,8679,159,4406,4320,86,4432,4359,73,918,859,59,476,444,32,442,415,27
`16,`000,STATE - TRIPURA,`47,`472,`4721,Retail sale of food in specialized stores,8645,8488,157,4302,4216,86,4343,4272,71,911,852,59,474,442,32,437,410,27
`16,`000,STATE - TRIPURA,`47,`472,`4722,Retail sale of beverages in specialized stores,33,33,0,6,6,0,27,27,0,2,2,0,0,0,0,2,2,0
`16,`000,STATE - TRIPURA,`47,`472,`4723,Retail sale of tobacco products in specialized stores,160,158,2,98,98,0,62,60,2,5,5,0,2,2,0,3,3,0
`16,`000,STATE - TRIPURA,`47,`473,`0000,Retail sale of automotive fuel in specialized stores,39,39,0,18,18,0,21,21,0,0,0,0,0,0,0,0,0,0
`16,`000,STATE - TRIPURA,`47,`473,`4730,Retail sale of automotive fuel in specialized stores,39,39,0,18,18,0,21,21,0,0,0,0,0,0,0,0,0,0
`16,`000,STATE - TRIPURA,`47,`474,`0000,Retail sale of information and communications equipment in specialized,109,109,0,42,42,0,67,67,0,17,17,0,0,0,0,17,17,0
`16,`000,STATE - TRIPURA,`47,`474,`4741,"Retail sale of computers, peripheral units, software and",85,85,0,24,24,0,61,61,0,14,14,0,0,0,0,14,14,0
`16,`000,STATE - TRIPURA,`47,`474,`4742,Retail sale of audio and video equipment in specialized stores,24,24,0,18,18,0,6,6,0,3,3,0,0,0,0,3,3,0
`16,`000,STATE - TRIPURA,`47,`475,`0000,Retail sale of other household equipment in specialized stores,910,897,13,400,394,6,510,503,7,79,71,8,46,38,8,33,33,0
`16,`000,STATE - TRIPURA,`47,`475,`4752,"Retail sale of hardware, paints and glass in specialized stores",598,588,10,292,286,6,306,302,4,53,47,6,44,38,6,9,9,0
`16,`000,STATE - TRIPURA,`47,`475,`4759,"Retail sale of electrical household appliances, furniture, lighting",312,309,3,108,108,0,204,201,3,26,24,2,2,0,2,24,24,0
`16,`000,STATE - TRIPURA,`47,`476,`0000,Retail sale of cultural and recreation goods in specialized stores,320,308,12,158,154,4,162,154,8,40,40,0,8,8,0,32,32,0
`16,`000,STATE - TRIPURA,`47,`476,`4761,"Retail sale of books, newspapers and stationary in specialized stores",293,281,12,146,142,4,147,139,8,34,34,0,8,8,0,26,26,0
`16,`000,STATE - TRIPURA,`47,`476,`4762,Retail sale of music and video recordings in specialized stores,18,18,0,12,12,0,6,6,0,6,6,0,0,0,0,6,6,0
`16,`000,STATE - TRIPURA,`47,`476,`4764,Retail sale of games and toys in specialized stores,9,9,0,0,0,0,9,9,0,0,0,0,0,0,0,0,0,0
`16,`000,STATE - TRIPURA,`47,`477,`0000,Retail sale of other goods in specialized stores,2440,2340,100,1176,1120,56,1264,1220,44,297,269,28,170,168,2,127,101,26
`16,`000,STATE - TRIPURA,`47,`477,`4771,"Retail sale of clothing, footwear and leather articles in specialized",1097,1047,50,486,456,30,611,591,20,122,106,16,50,50,0,72,56,16
`16,`000,STATE - TRIPURA,`47,`477,`4772,"Retail sale of pharmaceutical and medical goods, cosmetic and toilet",897,866,31,440,428,12,457,438,19,115,107,8,74,74,0,41,33,8
`16,`000,STATE - TRIPURA,`47,`477,`4773,Other retail sale of new goods in specialized stores,440,421,19,250,236,14,190,185,5,60,56,4,46,44,2,14,12,2
`16,`000,STATE - TRIPURA,`47,`477,`4774,Retail sale of second-hand goods,6,6,0,0,0,0,6,6,0,0,0,0,0,0,0,0,0,0
`16,`000,STATE - TRIPURA,`47,`478,`0000,Retail sale via stalls and markets,220,218,2,104,102,2,116,116,0,43,43,0,18,18,0,25,25,0
`16,`000,STATE - TRIPURA,`47,`478,`4781,"Retail sale via stalls and markets of food, beverages and tobacco",3,3,0,0,0,0,3,3,0,0,0,0,0,0,0,0,0,0
`16,`000,STATE - TRIPURA,`47,`478,`4782,"Retail sale via stalls and markets of textiles, clothing and footwear",33,33,0,18,18,0,15,15,0,12,12,0,6,6,0,6,6,0
`16,`000,STATE - TRIPURA,`47,`478,`4789,Retail sale via stalls and markets of other goods,184,182,2,86,84,2,98,98,0,31,31,0,12,12,0,19,19,0
`16,`000,STATE - TRIPURA,`47,`479,`0000,"Retail trade not in stores, stalls or markets",215,200,15,88,84,4,127,116,11,44,35,9,0,0,0,44,35,9
`16,`000,STATE - TRIPURA,`47,`479,`4791,Retail sale via mail order houses or via Internet,29,29,0,18,18,0,11,11,0,5,5,0,0,0,0,5,5,0
`16,`000,STATE - TRIPURA,`47,`479,`4799,"Other retail sale not in stores, stalls or markets",186,171,15,70,66,4,116,105,11,39,30,9,0,0,0,39,30,9
`16,`000,STATE - TRIPURA,`49,`000,`0000,Land transport and transport via pipelines,12317,12234,83,5234,5196,38,7083,7038,45,1013,1001,12,490,484,6,523,517,6
`16,`000,STATE - TRIPURA,`49,`491,`0000,Transport via railways,89,89,0,20,20,0,69,69,0,0,0,0,0,0,0,0,0,0
`16,`000,STATE - TRIPURA,`49,`491,`4911,Passenger rail transport,74,74,0,8,8,0,66,66,0,0,0,0,0,0,0,0,0,0
`16,`000,STATE - TRIPURA,`49,`491,`4912,Freight rail transport,15,15,0,12,12,0,3,3,0,0,0,0,0,0,0,0,0,0
`16,`000,STATE - TRIPURA,`49,`492,`0000,Other land transport,12228,12145,83,5214,5176,38,7014,6969,45,1013,1001,12,490,484,6,523,517,6
`16,`000,STATE - TRIPURA,`49,`492,`4921,Urban or suburban passenger land transport,2087,2078,9,958,952,6,1129,1126,3,183,183,0,96,96,0,87,87,0
`16,`000,STATE - TRIPURA,`49,`492,`4922,Other passenger land transport,7778,7718,60,3140,3118,22,4638,4600,38,633,624,9,298,292,6,335,332,3
`16,`000,STATE - TRIPURA,`49,`492,`4923,Freight transport by road,2363,2349,14,1116,1106,10,1247,1243,4,197,194,3,96,96,0,101,98,3
`16,`000,STATE - TRIPURA,`50,`000,`0000,Water transport,19,19,0,16,16,0,3,3,0,0,0,0,0,0,0,0,0,0
`16,`000,STATE - TRIPURA,`50,`502,`0000,Inland water transport,19,19,0,16,16,0,3,3,0,0,0,0,0,0,0,0,0,0
`16,`000,STATE - TRIPURA,`50,`502,`5021,Inland passenger water transport,19,19,0,16,16,0,3,3,0,0,0,0,0,0,0,0,0,0
`16,`000,STATE - TRIPURA,`51,`000,`0000,Air transport,40,38,2,0,0,0,40,38,2,5,3,2,0,0,0,5,3,2
`16,`000,STATE - TRIPURA,`51,`511,`0000,Passenger air transport,12,12,0,0,0,0,12,12,0,5,3,2,0,0,0,5,3,2
`16,`000,STATE - TRIPURA,`51,`511,`5110,Passenger air transport,12,12,0,0,0,0,12,12,0,5,3,2,0,0,0,5,3,2
`16,`000,STATE - TRIPURA,`51,`512,`0000,Freight air transport,28,26,2,0,0,0,28,26,2,0,0,0,0,0,0,0,0,0
`16,`000,STATE - TRIPURA,`51,`512,`5120,Freight air transport,28,26,2,0,0,0,28,26,2,0,0,0,0,0,0,0,0,0
`16,`000,STATE - TRIPURA,`52,`000,`0000,Warehousing and support activities for transportation,592,572,20,250,242,8,342,330,12,44,44,0,20,20,0,24,24,0
`16,`000,STATE - TRIPURA,`52,`521,`0000,Warehousing and storage,104,96,8,20,18,2,84,78,6,6,6,0,0,0,0,6,6,0
`16,`000,STATE - TRIPURA,`52,`521,`5210,Warehousing and storage,104,96,8,20,18,2,84,78,6,6,6,0,0,0,0,6,6,0
`16,`000,STATE - TRIPURA,`52,`522,`0000,Support activities for transportation,488,476,12,230,224,6,258,252,6,38,38,0,20,20,0,18,18,0
`16,`000,STATE - TRIPURA,`52,`522,`5221,Service activities incidental to land transportation,466,460,6,230,224,6,236,236,0,38,38,0,20,20,0,18,18,0
`16,`000,STATE - TRIPURA,`52,`522,`5229,Other transportation support activities,22,16,6,0,0,0,22,16,6,0,0,0,0,0,0,0,0,0
`16,`000,STATE - TRIPURA,`53,`000,`0000,Postal and courier activities,241,209,32,128,110,18,113,99,14,6,6,0,6,6,0,0,0,0
`16,`000,STATE - TRIPURA,`53,`531,`0000,Postal activities,230,198,32,128,110,18,102,88,14,6,6,0,6,6,0,0,0,0
`16,`000,STATE - TRIPURA,`53,`531,`5310,Postal activities,230,198,32,128,110,18,102,88,14,6,6,0,6,6,0,0,0,0
`16,`000,STATE - TRIPURA,`53,`532,`0000,Courier activities,11,11,0,0,0,0,11,11,0,0,0,0,0,0,0,0,0,0
`16,`000,STATE - TRIPURA,`53,`532,`5320,Courier activities,11,11,0,0,0,0,11,11,0,0,0,0,0,0,0,0,0,0
`16,`000,STATE - TRIPURA,`55,`000,`0000,Accommodation,514,394,120,228,186,42,286,208,78,44,32,12,20,20,0,24,12,12
`16,`000,STATE - TRIPURA,`55,`551,`0000,Short term accommodation activities,420,366,54,192,172,20,228,194,34,38,32,6,20,20,0,18,12,6
`16,`000,STATE - TRIPURA,`55,`551,`5510,Short term accommodation activities,420,366,54,192,172,20,228,194,34,38,32,6,20,20,0,18,12,6
`16,`000,STATE - TRIPURA,`55,`559,`0000,Other accommodation,94,28,66,36,14,22,58,14,44,6,0,6,0,0,0,6,0,6
`16,`000,STATE - TRIPURA,`55,`559,`5590,Other accommodation,94,28,66,36,14,22,58,14,44,6,0,6,0,0,0,6,0,6
`16,`000,STATE - TRIPURA,`56,`000,`0000,Food and beverage service activities,1333,1116,217,724,630,94,609,486,123,152,96,56,42,34,8,110,62,48
`16,`000,STATE - TRIPURA,`56,`561,`0000,Restaurants and mobile food service activities,219,208,11,114,110,4,105,98,7,14,5,9,0,0,0,14,5,9
`16,`000,STATE - TRIPURA,`56,`561,`5610,Restaurants and mobile food service activities,219,208,11,114,110,4,105,98,7,14,5,9,0,0,0,14,5,9
`16,`000,STATE - TRIPURA,`56,`562,`0000,Event catering and other food service activities,159,66,93,70,18,52,89,48,41,34,11,23,2,0,2,32,11,21
`16,`000,STATE - TRIPURA,`56,`562,`5621,Event catering,143,60,83,62,18,44,81,42,39,34,11,23,2,0,2,32,11,21
`16,`000,STATE - TRIPURA,`56,`562,`5629,Other food service activities,16,6,10,8,0,8,8,6,2,0,0,0,0,0,0,0,0,0
`16,`000,STATE - TRIPURA,`56,`563,`0000,Beverage serving activities,955,842,113,540,502,38,415,340,75,104,80,24,40,34,6,64,46,18
`16,`000,STATE - TRIPURA,`56,`563,`5630,Beverage serving activities,955,842,113,540,502,38,415,340,75,104,80,24,40,34,6,64,46,18
`16,`000,STATE - TRIPURA,`58,`000,`0000,Publishing activities,56,41,15,18,18,0,38,23,15,6,6,0,0,0,0,6,6,0
`16,`000,STATE - TRIPURA,`58,`581,`0000,"Publishing of books, periodicals and other publishing activities",56,41,15,18,18,0,38,23,15,6,6,0,0,0,0,6,6,0
`16,`000,STATE - TRIPURA,`58,`581,`5811,Book publishing,38,23,15,12,12,0,26,11,15,3,3,0,0,0,0,3,3,0
`16,`000,STATE - TRIPURA,`58,`581,`5813,"Publishing of newspapers, journals and periodicals",18,18,0,6,6,0,12,12,0,3,3,0,0,0,0,3,3,0
`16,`000,STATE - TRIPURA,`59,`000,`0000,"Motion picture, video and television programme production, sound recording",14,14,0,6,6,0,8,8,0,0,0,0,0,0,0,0,0,0
`16,`000,STATE - TRIPURA,`59,`591,`0000,"Motion picture, video and television programme activities",14,14,0,6,6,0,8,8,0,0,0,0,0,0,0,0,0,0
`16,`000,STATE - TRIPURA,`59,`591,`5911,"Motion picture, video and television programme production activities",8,8,0,0,0,0,8,8,0,0,0,0,0,0,0,0,0,0
`16,`000,STATE - TRIPURA,`59,`591,`5914,Motion picture projection activities,6,6,0,6,6,0,0,0,0,0,0,0,0,0,0,0,0,0
`16,`000,STATE - TRIPURA,`60,`000,`0000,Broadcasting and programming activities,31,29,2,6,6,0,25,23,2,0,0,0,0,0,0,0,0,0
`16,`000,STATE - TRIPURA,`60,`601,`0000,Radio broadcasting,11,11,0,6,6,0,5,5,0,0,0,0,0,0,0,0,0,0
`16,`000,STATE - TRIPURA,`60,`601,`6010,Radio broadcasting,11,11,0,6,6,0,5,5,0,0,0,0,0,0,0,0,0,0
`16,`000,STATE - TRIPURA,`60,`602,`0000,Television programming and broadcasting activities,20,18,2,0,0,0,20,18,2,0,0,0,0,0,0,0,0,0
`16,`000,STATE - TRIPURA,`60,`602,`6020,Television programming and broadcasting activities,20,18,2,0,0,0,20,18,2,0,0,0,0,0,0,0,0,0
`16,`000,STATE - TRIPURA,`61,`000,`0000,Telecommunications,350,320,30,88,80,8,262,240,22,33,33,0,18,18,0,15,15,0
`16,`000,STATE - TRIPURA,`61,`611,`0000,Wired telecommunications activities,164,149,15,50,42,8,114,107,7,12,12,0,6,6,0,6,6,0
`16,`000,STATE - TRIPURA,`61,`611,`6110,Wired telecommunications activities,164,149,15,50,42,8,114,107,7,12,12,0,6,6,0,6,6,0
`16,`000,STATE - TRIPURA,`61,`612,`0000,Wireless telecommunications activities,43,41,2,12,12,0,31,29,2,12,12,0,6,6,0,6,6,0
`16,`000,STATE - TRIPURA,`61,`612,`6120,Wireless telecommunications activities,43,41,2,12,12,0,31,29,2,12,12,0,6,6,0,6,6,0
`16,`000,STATE - TRIPURA,`61,`613,`0000,Satellite telecommunications activities,35,32,3,6,6,0,29,26,3,6,6,0,6,6,0,0,0,0
`16,`000,STATE - TRIPURA,`61,`613,`6130,Satellite telecommunications activities,35,32,3,6,6,0,29,26,3,6,6,0,6,6,0,0,0,0
`16,`000,STATE - TRIPURA,`61,`619,`0000,Other telecommunications activities,108,98,10,20,20,0,88,78,10,3,3,0,0,0,0,3,3,0
`16,`000,STATE - TRIPURA,`61,`619,`6190,Other telecommunications activities,108,98,10,20,20,0,88,78,10,3,3,0,0,0,0,3,3,0
`16,`000,STATE - TRIPURA,`62,`000,`0000,"Computer programming, consultancy and related activities",13,7,6,2,2,0,11,5,6,3,3,0,0,0,0,3,3,0
`16,`000,STATE - TRIPURA,`62,`620,`0000,"Computer programming, consultancy and related activities",13,7,6,2,2,0,11,5,6,3,3,0,0,0,0,3,3,0
`16,`000,STATE - TRIPURA,`62,`620,`6202,Computer consultancy and computer facilities management activities,10,4,6,2,2,0,8,2,6,0,0,0,0,0,0,0,0,0
`16,`000,STATE - TRIPURA,`62,`620,`6209,Other information technology and computer service activities,3,3,0,0,0,0,3,3,0,3,3,0,0,0,0,3,3,0
`16,`000,STATE - TRIPURA,`63,`000,`0000,Information service activities,18,18,0,6,6,0,12,12,0,0,0,0,0,0,0,0,0,0
`16,`000,STATE - TRIPURA,`63,`631,`0000,"Data processing, hosting and related activities; web portals",6,6,0,6,6,0,0,0,0,0,0,0,0,0,0,0,0,0
`16,`000,STATE - TRIPURA,`63,`631,`6311,"Data processing, hosting and related activities",6,6,0,6,6,0,0,0,0,0,0,0,0,0,0,0,0,0
`16,`000,STATE - TRIPURA,`63,`639,`0000,Other information service activities,12,12,0,0,0,0,12,12,0,0,0,0,0,0,0,0,0,0
`16,`000,STATE - TRIPURA,`63,`639,`6399,Other information service activities n.e.c.,12,12,0,0,0,0,12,12,0,0,0,0,0,0,0,0,0,0
`16,`000,STATE - TRIPURA,`64,`000,`0000,"Financial service activities, except insurance and pension funding",520,446,74,126,114,12,394,332,62,51,35,16,24,18,6,27,17,10
`16,`000,STATE - TRIPURA,`64,`641,`0000,Monetary intermediation,494,422,72,112,102,10,382,320,62,34,23,11,18,12,6,16,11,5
`16,`000,STATE - TRIPURA,`64,`641,`6419,Other monetary intermediation,494,422,72,112,102,10,382,320,62,34,23,11,18,12,6,16,11,5
`16,`000,STATE - TRIPURA,`64,`642,`0000,Activities of holding companies,26,24,2,14,12,2,12,12,0,11,6,5,0,0,0,11,6,5
`16,`000,STATE - TRIPURA,`64,`642,`6420,Activities of holding companies,26,24,2,14,12,2,12,12,0,11,6,5,0,0,0,11,6,5
`16,`000,STATE - TRIPURA,`64,`643,`0000,"Trusts, funds and other financial vehicles",0,0,0,0,0,0,0,0,0,6,6,0,6,6,0,0,0,0
`16,`000,STATE - TRIPURA,`64,`643,`6430,"Trusts, funds and other financial vehicles",0,0,0,0,0,0,0,0,0,6,6,0,6,6,0,0,0,0
`16,`000,STATE - TRIPURA,`65,`000,`0000,"Insurance, reinsurance and pension funding, except compulsory social",283,259,24,66,64,2,217,195,22,28,28,0,16,16,0,12,12,0
`16,`000,STATE - TRIPURA,`65,`651,`0000,Insurance,283,259,24,66,64,2,217,195,22,28,28,0,16,16,0,12,12,0
`16,`000,STATE - TRIPURA,`65,`651,`6511,Life insurance,232,210,22,54,52,2,178,158,20,28,28,0,16,16,0,12,12,0
`16,`000,STATE - TRIPURA,`65,`651,`6512,Non-life insurance,51,49,2,12,12,0,39,37,2,0,0,0,0,0,0,0,0,0
`16,`000,STATE - TRIPURA,`66,`000,`0000,Other financial activities,61,51,10,26,24,2,35,27,8,6,6,0,6,6,0,0,0,0
`16,`000,STATE - TRIPURA,`66,`662,`0000,Activities auxiliary to insurance and pension funding,21,21,0,6,6,0,15,15,0,0,0,0,0,0,0,0,0,0
`16,`000,STATE - TRIPURA,`66,`662,`6622,Activities of insurance agents and brokers,21,21,0,6,6,0,15,15,0,0,0,0,0,0,0,0,0,0
`16,`000,STATE - TRIPURA,`66,`663,`0000,Fund management activities,40,30,10,20,18,2,20,12,8,6,6,0,6,6,0,0,0,0
`16,`000,STATE - TRIPURA,`66,`663,`6630,Fund management activities,40,30,10,20,18,2,20,12,8,6,6,0,6,6,0,0,0,0
`16,`000,STATE - TRIPURA,`69,`000,`0000,Legal and accounting activities,115,98,17,44,38,6,71,60,11,6,6,0,6,6,0,0,0,0
`16,`000,STATE - TRIPURA,`69,`691,`0000,Legal activities,88,71,17,26,20,6,62,51,11,6,6,0,6,6,0,0,0,0
`16,`000,STATE - TRIPURA,`69,`691,`6910,Legal activities,88,71,17,26,20,6,62,51,11,6,6,0,6,6,0,0,0,0
`16,`000,STATE - TRIPURA,`69,`692,`0000,"Accounting, bookkeeping and auditing activities; tax consultancy",27,27,0,18,18,0,9,9,0,0,0,0,0,0,0,0,0,0
`16,`000,STATE - TRIPURA,`69,`692,`6920,"Accounting, bookkeeping and auditing activities; tax consultancy",27,27,0,18,18,0,9,9,0,0,0,0,0,0,0,0,0,0
`16,`000,STATE - TRIPURA,`72,`000,`0000,Scientific research and development,0,0,0,0,0,0,0,0,0,3,3,0,0,0,0,3,3,0
`16,`000,STATE - TRIPURA,`72,`721,`0000,Research and experimental development on natural sciences and,0,0,0,0,0,0,0,0,0,3,3,0,0,0,0,3,3,0
`16,`000,STATE - TRIPURA,`72,`721,`7210,Research and experimental development on natural sciences and,0,0,0,0,0,0,0,0,0,3,3,0,0,0,0,3,3,0
`16,`000,STATE - TRIPURA,`73,`000,`0000,Advertising and market research,6,6,0,0,0,0,6,6,0,0,0,0,0,0,0,0,0,0
`16,`000,STATE - TRIPURA,`73,`731,`0000,Advertising,6,6,0,0,0,0,6,6,0,0,0,0,0,0,0,0,0,0
`16,`000,STATE - TRIPURA,`73,`731,`7310,Advertising,6,6,0,0,0,0,6,6,0,0,0,0,0,0,0,0,0,0
`16,`000,STATE - TRIPURA,`74,`000,`0000,"Other professional, scientific and technical activities",102,100,2,28,28,0,74,72,2,17,17,0,8,8,0,9,9,0
`16,`000,STATE - TRIPURA,`74,`741,`0000,Specialized design activities,36,36,0,8,8,0,28,28,0,12,12,0,6,6,0,6,6,0
`16,`000,STATE - TRIPURA,`74,`741,`7410,Specialized design activities,36,36,0,8,8,0,28,28,0,12,12,0,6,6,0,6,6,0
`16,`000,STATE - TRIPURA,`74,`742,`0000,Photographic activities,66,64,2,20,20,0,46,44,2,5,5,0,2,2,0,3,3,0
`16,`000,STATE - TRIPURA,`74,`742,`7420,Photographic activities,66,64,2,20,20,0,46,44,2,5,5,0,2,2,0,3,3,0
`16,`000,STATE - TRIPURA,`75,`000,`0000,Veterinary activities,275,236,39,152,132,20,123,104,19,8,6,2,6,6,0,2,0,2
`16,`000,STATE - TRIPURA,`75,`750,`0000,Veterinary activities,275,236,39,152,132,20,123,104,19,8,6,2,6,6,0,2,0,2
`16,`000,STATE - TRIPURA,`75,`750,`7500,Veterinary activities,275,236,39,152,132,20,123,104,19,8,6,2,6,6,0,2,0,2
`16,`000,STATE - TRIPURA,`77,`000,`0000,Rental and leasing activities,288,285,3,74,74,0,214,211,3,71,71,0,30,30,0,41,41,0
`16,`000,STATE - TRIPURA,`77,`771,`0000,Renting and leasing of motor vehicles,50,50,0,20,20,0,30,30,0,0,0,0,0,0,0,0,0,0
`16,`000,STATE - TRIPURA,`77,`771,`7710,Renting and leasing of motor vehicles,50,50,0,20,20,0,30,30,0,0,0,0,0,0,0,0,0,0
`16,`000,STATE - TRIPURA,`77,`772,`0000,Renting and leasing of personal and household goods,238,235,3,54,54,0,184,181,3,71,71,0,30,30,0,41,41,0
`16,`000,STATE - TRIPURA,`77,`772,`7729,Renting and leasing of other personal and household goods n.e.c.,238,235,3,54,54,0,184,181,3,71,71,0,30,30,0,41,41,0
`16,`000,STATE - TRIPURA,`79,`000,`0000,"Travel agency, tour operator and other reservation service activities",6,6,0,0,0,0,6,6,0,0,0,0,0,0,0,0,0,0
`16,`000,STATE - TRIPURA,`79,`791,`0000,Travel agency and tour operator activities,6,6,0,0,0,0,6,6,0,0,0,0,0,0,0,0,0,0
`16,`000,STATE - TRIPURA,`79,`791,`7911,Travel agency activities,6,6,0,0,0,0,6,6,0,0,0,0,0,0,0,0,0,0
`16,`000,STATE - TRIPURA,`80,`000,`0000,Security and investigation activities,72,70,2,32,30,2,40,40,0,4,4,0,0,0,0,4,4,0
`16,`000,STATE - TRIPURA,`80,`801,`0000,Private security activities,52,50,2,20,18,2,32,32,0,4,4,0,0,0,0,4,4,0
`16,`000,STATE - TRIPURA,`80,`801,`8010,Private security activities,52,50,2,20,18,2,32,32,0,4,4,0,0,0,0,4,4,0
`16,`000,STATE - TRIPURA,`80,`802,`0000,Security systems service activities,20,20,0,12,12,0,8,8,0,0,0,0,0,0,0,0,0,0
`16,`000,STATE - TRIPURA,`80,`802,`8020,Security systems service activities,20,20,0,12,12,0,8,8,0,0,0,0,0,0,0,0,0,0
`16,`000,STATE - TRIPURA,`81,`000,`0000,Services to buildings and landscape activities,62,41,21,12,6,6,50,35,15,17,8,9,8,8,0,9,0,9
`16,`000,STATE - TRIPURA,`81,`811,`0000,Combined facilities support activities,22,14,8,6,6,0,16,8,8,0,0,0,0,0,0,0,0,0
`16,`000,STATE - TRIPURA,`81,`811,`8110,Combined facilities support activities,22,14,8,6,6,0,16,8,8,0,0,0,0,0,0,0,0,0
`16,`000,STATE - TRIPURA,`81,`812,`0000,Cleaning activities,40,27,13,6,0,6,34,27,7,17,8,9,8,8,0,9,0,9
`16,`000,STATE - TRIPURA,`81,`812,`8121,General cleaning of buildings,20,18,2,0,0,0,20,18,2,6,6,0,6,6,0,0,0,0
`16,`000,STATE - TRIPURA,`81,`812,`8129,Other building and industrial cleaning activities,20,9,11,6,0,6,14,9,5,11,2,9,2,2,0,9,0,9
`16,`000,STATE - TRIPURA,`82,`000,`0000,"Office administrative, office support and other business support activities",1187,1049,138,356,320,36,831,729,102,171,144,27,66,64,2,105,80,25
`16,`000,STATE - TRIPURA,`82,`821,`0000,Office administrative and support activities,78,68,10,24,24,0,54,44,10,5,5,0,0,0,0,5,5,0
`16,`000,STATE - TRIPURA,`82,`821,`8219,"Photocopying, document preparation and other specialized office",78,68,10,24,24,0,54,44,10,5,5,0,0,0,0,5,5,0
`16,`000,STATE - TRIPURA,`82,`822,`0000,Activities of call centres,6,6,0,0,0,0,6,6,0,2,0,2,2,0,2,0,0,0
`16,`000,STATE - TRIPURA,`82,`822,`8220,Activities of call centres,6,6,0,0,0,0,6,6,0,2,0,2,2,0,2,0,0,0
`16,`000,STATE - TRIPURA,`82,`829,`0000,Business support service activities n.e.c.,1103,975,128,332,296,36,771,679,92,164,139,25,64,64,0,100,75,25
`16,`000,STATE - TRIPURA,`82,`829,`8291,Activities of collection agencies and credit bureaus,9,9,0,6,6,0,3,3,0,0,0,0,0,0,0,0,0,0
`16,`000,STATE - TRIPURA,`82,`829,`8292,Packaging activities,11,9,2,6,6,0,5,3,2,0,0,0,0,0,0,0,0,0
`16,`000,STATE - TRIPURA,`82,`829,`8299,Other business support service activities n.e.c.,1083,957,126,320,284,36,763,673,90,164,139,25,64,64,0,100,75,25
`16,`000,STATE - TRIPURA,`84,`000,`0000,Public administration and defence; compulsory social security,11214,10030,1184,5360,4952,408,5854,5078,776,179,107,72,96,62,34,83,45,38
`16,`000,STATE - TRIPURA,`84,`841,`0000,Administration of the State and the economic and social policy of the,5691,4711,980,2138,1810,328,3553,2901,652,127,57,70,64,30,34,63,27,36
`16,`000,STATE - TRIPURA,`84,`841,`8411,General public administration activities,5673,4696,977,2132,1804,328,3541,2892,649,127,57,70,64,30,34,63,27,36
`16,`000,STATE - TRIPURA,`84,`841,`8412,"Regulation of the activities of providing health care, education, cultural",15,15,0,6,6,0,9,9,0,0,0,0,0,0,0,0,0,0
`16,`000,STATE - TRIPURA,`84,`841,`8413,Regulation of and contribution to more efficient operation of,3,0,3,0,0,0,3,0,3,0,0,0,0,0,0,0,0,0
`16,`000,STATE - TRIPURA,`84,`842,`0000,Provision of services to the community as a whole,2784,2731,53,1926,1896,30,858,835,23,26,26,0,14,14,0,12,12,0
`16,`000,STATE - TRIPURA,`84,`842,`8421,Foreign affairs,14,6,8,12,6,6,2,0,2,0,0,0,0,0,0,0,0,0
`16,`000,STATE - TRIPURA,`84,`842,`8422,Defence activities,2186,2164,22,1556,1546,10,630,618,12,24,24,0,12,12,0,12,12,0
`16,`000,STATE - TRIPURA,`84,`842,`8423,Public order and safety activities,584,561,23,358,344,14,226,217,9,2,2,0,2,2,0,0,0,0
`16,`000,STATE - TRIPURA,`84,`843,`0000,Compulsory social security activities,2739,2588,151,1296,1246,50,1443,1342,101,26,24,2,18,18,0,8,6,2
`16,`000,STATE - TRIPURA,`84,`843,`8430,Compulsory social security activities,2739,2588,151,1296,1246,50,1443,1342,101,26,24,2,18,18,0,8,6,2
`16,`000,STATE - TRIPURA,`85,`000,`0000,Education,8613,5893,2720,4546,3152,1394,4067,2741,1326,1392,790,602,930,518,412,462,272,190
`16,`000,STATE - TRIPURA,`85,`851,`0000,Primary education,3307,2257,1050,1800,1266,534,1507,991,516,287,136,151,186,92,94,101,44,57
`16,`000,STATE - TRIPURA,`85,`851,`8510,Primary education,3307,2257,1050,1800,1266,534,1507,991,516,287,136,151,186,92,94,101,44,57
`16,`000,STATE - TRIPURA,`85,`852,`0000,Secondary education,2400,1761,639,1236,962,274,1164,799,365,49,38,11,30,24,6,19,14,5
`16,`000,STATE - TRIPURA,`85,`852,`8521,General secondary education,2379,1743,636,1218,944,274,1161,799,362,43,32,11,30,24,6,13,8,5
`16,`000,STATE - TRIPURA,`85,`852,`8522,Technical and vocational secondary education,21,18,3,18,18,0,3,0,3,6,6,0,0,0,0,6,6,0
`16,`000,STATE - TRIPURA,`85,`853,`0000,Higher education,178,145,33,38,36,2,140,109,31,18,12,6,12,6,6,6,6,0
`16,`000,STATE - TRIPURA,`85,`853,`8530,Higher education,178,145,33,38,36,2,140,109,31,18,12,6,12,6,6,6,6,0
`16,`000,STATE - TRIPURA,`85,`854,`0000,Other education,1907,1312,595,1056,702,354,851,610,241,990,598,392,672,396,276,318,202,116
`16,`000,STATE - TRIPURA,`85,`854,`8541,Sports and recreation education,0,0,0,0,0,0,0,0,0,6,6,0,6,6,0,0,0,0
`16,`000,STATE - TRIPURA,`85,`854,`8542,Cultural education,9,0,9,6,0,6,3,0,3,9,6,3,0,0,0,9,6,3
`16,`000,STATE - TRIPURA,`85,`854,`8549,Other education n.e.c.,1898,1312,586,1050,702,348,848,610,238,975,586,389,666,390,276,309,196,113
`16,`000,STATE - TRIPURA,`85,`855,`0000,Educational support services,821,418,403,416,186,230,405,232,173,48,6,42,30,0,30,18,6,12
`16,`000,STATE - TRIPURA,`85,`855,`8550,Educational support services,821,418,403,416,186,230,405,232,173,48,6,42,30,0,30,18,6,12
`16,`000,STATE - TRIPURA,`86,`000,`0000,Human health activities,3054,1043,2011,1584,364,1220,1470,679,791,174,33,141,94,16,78,80,17,63
`16,`000,STATE - TRIPURA,`86,`861,`0000,Hospital activities,1218,609,609,428,186,242,790,423,367,66,10,56,34,4,30,32,6,26
`16,`000,STATE - TRIPURA,`86,`861,`8610,Hospital activities,1218,609,609,428,186,242,790,423,367,66,10,56,34,4,30,32,6,26
`16,`000,STATE - TRIPURA,`86,`862,`0000,Medical and dental practice activities,86,65,21,20,12,8,66,53,13,8,8,0,0,0,0,8,8,0
`16,`000,STATE - TRIPURA,`86,`862,`8620,Medical and dental practice activities,86,65,21,20,12,8,66,53,13,8,8,0,0,0,0,8,8,0
`16,`000,STATE - TRIPURA,`86,`869,`0000,Other human health activities,1750,369,1381,1136,166,970,614,203,411,100,15,85,60,12,48,40,3,37
`16,`000,STATE - TRIPURA,`86,`869,`8690,Other human health activities,1750,369,1381,1136,166,970,614,203,411,100,15,85,60,12,48,40,3,37
`16,`000,STATE - TRIPURA,`87,`000,`0000,Residential care activities,0,0,0,0,0,0,0,0,0,3,3,0,0,0,0,3,3,0
`16,`000,STATE - TRIPURA,`87,`873,`0000,Residential care activities for the elderly and disabled,0,0,0,0,0,0,0,0,0,3,3,0,0,0,0,3,3,0
`16,`000,STATE - TRIPURA,`87,`873,`8730,Residential care activities for the elderly and disabled,0,0,0,0,0,0,0,0,0,3,3,0,0,0,0,3,3,0
`16,`000,STATE - TRIPURA,`88,`000,`0000,Social work activities without accommodation,612,113,499,412,60,352,200,53,147,45,13,32,24,6,18,21,7,14
`16,`000,STATE - TRIPURA,`88,`881,`0000,Social work activities without accommodation for the elderly and disabled,52,20,32,16,6,10,36,14,22,4,0,4,4,0,4,0,0,0
`16,`000,STATE - TRIPURA,`88,`881,`8810,Social work activities without accommodation for the elderly and,52,20,32,16,6,10,36,14,22,4,0,4,4,0,4,0,0,0
`16,`000,STATE - TRIPURA,`88,`889,`0000,Other social work activities without accommodation n.e.c.,560,93,467,396,54,342,164,39,125,41,13,28,20,6,14,21,7,14
`16,`000,STATE - TRIPURA,`88,`889,`8890,Other social work activities without accommodation n.e.c.,560,93,467,396,54,342,164,39,125,41,13,28,20,6,14,21,7,14
`16,`000,STATE - TRIPURA,`90,`000,`0000,"Creative, arts and entertainment activities",476,460,16,178,178,0,298,282,16,112,112,0,52,52,0,60,60,0
`16,`000,STATE - TRIPURA,`90,`900,`0000,"Creative, arts and entertainment activities",476,460,16,178,178,0,298,282,16,112,112,0,52,52,0,60,60,0
`16,`000,STATE - TRIPURA,`90,`900,`9000,"Dramatic arts, music and other arts activities",476,460,16,178,178,0,298,282,16,112,112,0,52,52,0,60,60,0
`16,`000,STATE - TRIPURA,`91,`000,`0000,"Libraries, archives, museums and other cultural activities",54,45,9,22,22,0,32,23,9,0,0,0,0,0,0,0,0,0
`16,`000,STATE - TRIPURA,`91,`910,`0000,"Libraries, archives, museums and other cultural activities",54,45,9,22,22,0,32,23,9,0,0,0,0,0,0,0,0,0
`16,`000,STATE - TRIPURA,`91,`910,`9101,Library and archives activities,23,14,9,14,14,0,9,0,9,0,0,0,0,0,0,0,0,0
`16,`000,STATE - TRIPURA,`91,`910,`9102,Museums activities and operation of historical sites and buildings,25,25,0,2,2,0,23,23,0,0,0,0,0,0,0,0,0,0
`16,`000,STATE - TRIPURA,`91,`910,`9103,Botanical and zoological gardens and nature reserves activities,6,6,0,6,6,0,0,0,0,0,0,0,0,0,0,0,0,0
`16,`000,STATE - TRIPURA,`93,`000,`0000,Sports activities and amusement and recreation activities,189,184,5,106,106,0,83,78,5,56,54,2,14,14,0,42,40,2
`16,`000,STATE - TRIPURA,`93,`931,`0000,Sports activities,18,18,0,12,12,0,6,6,0,0,0,0,0,0,0,0,0,0
`16,`000,STATE - TRIPURA,`93,`931,`9311,Operation of sports facilities,3,3,0,0,0,0,3,3,0,0,0,0,0,0,0,0,0,0
`16,`000,STATE - TRIPURA,`93,`931,`9312,Activities of sports clubs,6,6,0,6,6,0,0,0,0,0,0,0,0,0,0,0,0,0
`16,`000,STATE - TRIPURA,`93,`931,`9319,Other sports activities,9,9,0,6,6,0,3,3,0,0,0,0,0,0,0,0,0,0
`16,`000,STATE - TRIPURA,`93,`932,`0000,Other amusement and recreation activities,171,166,5,94,94,0,77,72,5,56,54,2,14,14,0,42,40,2
`16,`000,STATE - TRIPURA,`93,`932,`9329,Other amusement and recreation activities n.e.c.,171,166,5,94,94,0,77,72,5,56,54,2,14,14,0,42,40,2
`16,`000,STATE - TRIPURA,`94,`000,`0000,Activities of membership organizations,121,80,41,76,46,30,45,34,11,12,6,6,12,6,6,0,0,0
`16,`000,STATE - TRIPURA,`94,`949,`0000,Activities of other membership organizations,121,80,41,76,46,30,45,34,11,12,6,6,12,6,6,0,0,0
`16,`000,STATE - TRIPURA,`94,`949,`9491,Activities of religious organizations,43,34,9,22,20,2,21,14,7,6,6,0,6,6,0,0,0,0
`16,`000,STATE - TRIPURA,`94,`949,`9492,Activities of political organizations,69,39,30,52,24,28,17,15,2,6,0,6,6,0,6,0,0,0
`16,`000,STATE - TRIPURA,`94,`949,`9499,Activities of other membership organizations n.e.c.,9,7,2,2,2,0,7,5,2,0,0,0,0,0,0,0,0,0
`16,`000,STATE - TRIPURA,`95,`000,`0000,Repair of computers and personal and household goods,777,777,0,348,348,0,429,429,0,72,64,8,34,28,6,38,36,2
`16,`000,STATE - TRIPURA,`95,`951,`0000,Repair of computers and communication equipment,32,32,0,6,6,0,26,26,0,6,6,0,6,6,0,0,0,0
`16,`000,STATE - TRIPURA,`95,`951,`9511,Repair of computers and peripheral equipment,14,14,0,6,6,0,8,8,0,0,0,0,0,0,0,0,0,0
`16,`000,STATE - TRIPURA,`95,`951,`9512,Repair of communication equipment,18,18,0,0,0,0,18,18,0,6,6,0,6,6,0,0,0,0
`16,`000,STATE - TRIPURA,`95,`952,`0000,Repair of personal and household goods,745,745,0,342,342,0,403,403,0,66,58,8,28,22,6,38,36,2
`16,`000,STATE - TRIPURA,`95,`952,`9521,Repair of consumer electronics,23,23,0,18,18,0,5,5,0,2,2,0,0,0,0,2,2,0
`16,`000,STATE - TRIPURA,`95,`952,`9522,Repair of household appliances and home and garden equipment,41,41,0,12,12,0,29,29,0,3,3,0,0,0,0,3,3,0
`16,`000,STATE - TRIPURA,`95,`952,`9523,Repair of footwear and leather goods,131,131,0,30,30,0,101,101,0,4,4,0,2,2,0,2,2,0
`16,`000,STATE - TRIPURA,`95,`952,`9529,"Repair of personal and household goods, n.e.c.",550,550,0,282,282,0,268,268,0,57,49,8,26,20,6,31,29,2
`16,`000,STATE - TRIPURA,`96,`000,`0000,Other personal service activities,1588,1449,139,670,632,38,918,817,101,157,107,50,74,52,22,83,55,28
`16,`000,STATE - TRIPURA,`96,`960,`0000,Other personal service activities,1588,1449,139,670,632,38,918,817,101,157,107,50,74,52,22,83,55,28
`16,`000,STATE - TRIPURA,`96,`960,`9601,Washing and (dry-) cleaning of textile and fur products,464,435,29,152,148,4,312,287,25,39,30,9,24,18,6,15,12,3
`16,`000,STATE - TRIPURA,`96,`960,`9602,Hairdressing and other beauty treatment,307,275,32,160,154,6,147,121,26,32,17,15,14,8,6,18,9,9
`16,`000,STATE - TRIPURA,`96,`960,`9609,Other personal service activities n.e.c.,817,739,78,358,330,28,459,409,50,86,60,26,36,26,10,50,34,16
`16,`000,STATE - TRIPURA,`97,`000,`0000,Activities of households as employers of domestic personnel,2463,309,2154,434,174,260,2029,135,1894,507,69,438,176,50,126,331,19,312
`16,`000,STATE - TRIPURA,`97,`970,`0000,Activities of households as employers of domestic personnel,2463,309,2154,434,174,260,2029,135,1894,507,69,438,176,50,126,331,19,312
`16,`000,STATE - TRIPURA,`97,`970,`9700,Activities of households as employers of domestic personnel,2463,309,2154,434,174,260,2029,135,1894,507,69,438,176,50,126,331,19,312
`16,`000,STATE - TRIPURA,`98,`000,`0000,Undifferentiated goods- and services-producing activities of private,14,6,8,8,6,2,6,0,6,0,0,0,0,0,0,0,0,0
`16,`000,STATE - TRIPURA,`98,`981,`0000,Undifferentiated goods-producing activities of private households for own,3,0,3,0,0,0,3,0,3,0,0,0,0,0,0,0,0,0
`16,`000,STATE - TRIPURA,`98,`981,`9810,Undifferentiated goods-producing activities of private households for own,3,0,3,0,0,0,3,0,3,0,0,0,0,0,0,0,0,0
`16,`000,STATE - TRIPURA,`98,`982,`0000,Undifferentiated service-producing activities of private households for own,11,6,5,8,6,2,3,0,3,0,0,0,0,0,0,0,0,0
`16,`000,STATE - TRIPURA,`98,`982,`9820,Undifferentiated service-producing activities of private households for own,11,6,5,8,6,2,3,0,3,0,0,0,0,0,0,0,0,0
`16,`000,STATE - TRIPURA,`99,`000,`0000,Activities of extraterritorial organizations and bodies,2670,1426,1244,1424,784,640,1246,642,604,4106,1128,2978,2498,638,1860,1608,490,1118
`16,`000,STATE - TRIPURA,`99,`991,`0000,Blank,1563,1016,547,782,540,242,781,476,305,2354,860,1494,1210,474,736,1144,386,758
`16,`000,STATE - TRIPURA,`99,`991,`9910,Blank,1563,1016,547,782,540,242,781,476,305,2354,860,1494,1210,474,736,1144,386,758
`16,`000,STATE - TRIPURA,`99,`992,`0000,Incomplete description/ Wrongly Classifed,1107,410,697,642,244,398,465,166,299,1752,268,1484,1288,164,1124,464,104,360
`16,`000,STATE - TRIPURA,`99,`992,`9920,Incomplete description/ Wrongly Classifed,1107,410,697,642,244,398,465,166,299,1752,268,1484,1288,164,1124,464,104,360
`16,`289,District - West Tripura,`00,`000,`0000,Total,72046,59879,12167,28252,23582,4670,43794,36297,7497,20991,8722,12269,10704,3952,6752,10287,4770,5517
`16,`289,District - West Tripura,`01,`000,`0000,"Crop and animal production, hunting and related service activities",3542,2561,981,2236,1552,684,1306,1009,297,810,393,417,554,300,254,256,93,163
`16,`289,District - West Tripura,`01,`011,`0000,Growing of non-perennial crops,471,425,46,182,160,22,289,265,24,131,100,31,94,68,26,37,32,5
`16,`289,District - West Tripura,`01,`011,`0111,"Growing of cereals (except rice), leguminous crops and oil seeds",6,6,0,6,6,0,0,0,0,0,0,0,0,0,0,0,0,0
`16,`289,District - West Tripura,`01,`011,`0112,Growing of rice,421,393,28,164,148,16,257,245,12,100,75,25,70,50,20,30,25,5
`16,`289,District - West Tripura,`01,`011,`0113,"Growing of vegetables and melons, roots and tubers",24,9,15,6,0,6,18,9,9,23,17,6,18,12,6,5,5,0
`16,`289,District - West Tripura,`01,`011,`0119,Growing of other non-perennial crop,20,17,3,6,6,0,14,11,3,8,8,0,6,6,0,2,2,0
`16,`289,District - West Tripura,`01,`012,`0000,Growing of perennial crops,2004,1430,574,1456,1020,436,548,410,138,336,216,120,252,190,62,84,26,58
`16,`289,District - West Tripura,`01,`012,`0122,Growing of tropical and subtropical fruits,6,6,0,0,0,0,6,6,0,0,0,0,0,0,0,0,0,0
`16,`289,District - West Tripura,`01,`012,`0126,Growing of oleaginous fruits,3,0,3,0,0,0,3,0,3,0,0,0,0,0,0,0,0,0
`16,`289,District - West Tripura,`01,`012,`0127,Growing of beverage crops,945,502,443,732,358,374,213,144,69,138,43,95,82,34,48,56,9,47
`16,`289,District - West Tripura,`01,`012,`0129,Growing of other perennial crops,1050,922,128,724,662,62,326,260,66,198,173,25,170,156,14,28,17,11
`16,`289,District - West Tripura,`01,`013,`0000,Plant propagation,11,9,2,0,0,0,11,9,2,9,9,0,6,6,0,3,3,0
`16,`289,District - West Tripura,`01,`013,`0130,Plant propagation,11,9,2,0,0,0,11,9,2,9,9,0,6,6,0,3,3,0
`16,`289,District - West Tripura,`01,`014,`0000,Animal production,542,278,264,362,172,190,180,106,74,289,32,257,190,24,166,99,8,91
`16,`289,District - West Tripura,`01,`014,`0141,Raising of cattle and buffaloes,366,174,192,240,106,134,126,68,58,231,29,202,152,24,128,79,5,74
`16,`289,District - West Tripura,`01,`014,`0144,Raising of sheep and goats,23,9,14,20,6,14,3,3,0,23,0,23,20,0,20,3,0,3
`16,`289,District - West Tripura,`01,`014,`0145,Raising of swine/pigs,18,18,0,18,18,0,0,0,0,0,0,0,0,0,0,0,0,0
`16,`289,District - West Tripura,`01,`014,`0146,Raising of poultry,113,63,50,70,36,34,43,27,16,33,3,30,18,0,18,15,3,12
`16,`289,District - West Tripura,`01,`014,`0149,Raising of other animals,22,14,8,14,6,8,8,8,0,2,0,2,0,0,0,2,0,2
`16,`289,District - West Tripura,`01,`015,`0000,Mixed farming,115,99,16,56,48,8,59,51,8,24,21,3,12,12,0,12,9,3
`16,`289,District - West Tripura,`01,`015,`0150,Mixed farming,115,99,16,56,48,8,59,51,8,24,21,3,12,12,0,12,9,3
`16,`289,District - West Tripura,`01,`016,`0000,Support activities to agriculture and post-harvest crop activities,399,320,79,180,152,28,219,168,51,21,15,6,0,0,0,21,15,6
`16,`289,District - West Tripura,`01,`016,`0161,Support activities for crop production,260,203,57,102,86,16,158,117,41,21,15,6,0,0,0,21,15,6
`16,`289,District - West Tripura,`01,`016,`0163,Post-harvest crop activities,139,117,22,78,66,12,61,51,10,0,0,0,0,0,0,0,0,0
`16,`289,District - West Tripura,`02,`000,`0000,Forestry and logging,591,533,58,406,370,36,185,163,22,102,40,62,74,12,62,28,28,0
`16,`289,District - West Tripura,`02,`021,`0000,Silviculture and other forestry activities,9,9,0,0,0,0,9,9,0,0,0,0,0,0,0,0,0,0
`16,`289,District - West Tripura,`02,`021,`0210,Silviculture and other forestry activities,9,9,0,0,0,0,9,9,0,0,0,0,0,0,0,0,0,0
`16,`289,District - West Tripura,`02,`022,`0000,Logging,404,374,30,330,302,28,74,72,2,99,37,62,74,12,62,25,25,0
`16,`289,District - West Tripura,`02,`022,`0220,Logging,404,374,30,330,302,28,74,72,2,99,37,62,74,12,62,25,25,0
`16,`289,District - West Tripura,`02,`023,`0000,Gathering of non-wood forest products,3,3,0,0,0,0,3,3,0,0,0,0,0,0,0,0,0,0
`16,`289,District - West Tripura,`02,`023,`0230,Gathering of non-wood forest products,3,3,0,0,0,0,3,3,0,0,0,0,0,0,0,0,0,0
`16,`289,District - West Tripura,`02,`024,`0000,Support services to forestry,175,147,28,76,68,8,99,79,20,3,3,0,0,0,0,3,3,0
`16,`289,District - West Tripura,`02,`024,`0240,Support services to forestry,175,147,28,76,68,8,99,79,20,3,3,0,0,0,0,3,3,0
`16,`289,District - West Tripura,`03,`000,`0000,Fishing and aquaculture,780,772,8,620,614,6,160,158,2,94,94,0,64,64,0,30,30,0
`16,`289,District - West Tripura,`03,`031,`0000,Fishing,714,706,8,572,566,6,142,140,2,94,94,0,64,64,0,30,30,0
`16,`289,District - West Tripura,`03,`031,`0311,Marine fishing,122,114,8,94,88,6,28,26,2,26,26,0,26,26,0,0,0,0
`16,`289,District - West Tripura,`03,`031,`0312,Freash water fishing,592,592,0,478,478,0,114,114,0,68,68,0,38,38,0,30,30,0
`16,`289,District - West Tripura,`03,`032,`0000,Aquaculture,66,66,0,48,48,0,18,18,0,0,0,0,0,0,0,0,0,0
`16,`289,District - West Tripura,`03,`032,`0322,Freshwater aquaculture,66,66,0,48,48,0,18,18,0,0,0,0,0,0,0,0,0,0
`16,`289,District - West Tripura,`06,`000,`0000,Extraction of crude petroleum and natural gas,9,9,0,0,0,0,9,9,0,3,3,0,0,0,0,3,3,0
`16,`289,District - West Tripura,`06,`061,`0000,Extraction of crude petroleum,9,9,0,0,0,0,9,9,0,3,3,0,0,0,0,3,3,0
`16,`289,District - West Tripura,`06,`061,`0610,Extraction of crude petroleum,9,9,0,0,0,0,9,9,0,3,3,0,0,0,0,3,3,0
`16,`289,District - West Tripura,`08,`000,`0000,Other mining and quarrying,52,44,8,8,6,2,44,38,6,3,3,0,0,0,0,3,3,0
`16,`289,District - West Tripura,`08,`081,`0000,"Quarrying of stone, sand and clay",41,33,8,8,6,2,33,27,6,0,0,0,0,0,0,0,0,0
`16,`289,District - West Tripura,`08,`081,`0810,"Quarrying of stone, sand and clay",41,33,8,8,6,2,33,27,6,0,0,0,0,0,0,0,0,0
`16,`289,District - West Tripura,`08,`089,`0000,Mining and quarrying n.e.c.,11,11,0,0,0,0,11,11,0,3,3,0,0,0,0,3,3,0
`16,`289,District - West Tripura,`08,`089,`0899,Other mining and quarrying n.e.c.,11,11,0,0,0,0,11,11,0,3,3,0,0,0,0,3,3,0
`16,`289,District - West Tripura,`09,`000,`0000,Mining support service activities,43,43,0,0,0,0,43,43,0,0,0,0,0,0,0,0,0,0
`16,`289,District - West Tripura,`09,`091,`0000,Support activities for petroleum and natural gas mining,30,30,0,0,0,0,30,30,0,0,0,0,0,0,0,0,0,0
`16,`289,District - West Tripura,`09,`091,`0910,Support activities for petroleum and natural gas mining,30,30,0,0,0,0,30,30,0,0,0,0,0,0,0,0,0,0
`16,`289,District - West Tripura,`09,`099,`0000,Support activities for other mining and quarrying,13,13,0,0,0,0,13,13,0,0,0,0,0,0,0,0,0,0
`16,`289,District - West Tripura,`09,`099,`0990,Support activities for other mining and quarrying,13,13,0,0,0,0,13,13,0,0,0,0,0,0,0,0,0,0
`16,`289,District - West Tripura,`10,`000,`0000,Manufacture of food products,688,523,165,372,310,62,316,213,103,396,98,298,222,66,156,174,32,142
`16,`289,District - West Tripura,`10,`101,`0000,Processing and preserving of meat,11,6,5,8,6,2,3,0,3,35,0,35,26,0,26,9,0,9
`16,`289,District - West Tripura,`10,`101,`1010,Processing and preserving of meat,11,6,5,8,6,2,3,0,3,35,0,35,26,0,26,9,0,9
`16,`289,District - West Tripura,`10,`102,`0000,"Processing and preserving of fish, crustaceans and molluscs",21,21,0,18,18,0,3,3,0,3,3,0,0,0,0,3,3,0
`16,`289,District - West Tripura,`10,`102,`1020,"Processing and preserving of fish, crustaceans and molluscs and",21,21,0,18,18,0,3,3,0,3,3,0,0,0,0,3,3,0
`16,`289,District - West Tripura,`10,`103,`0000,Processing and preserving of fruit and vegetables,44,44,0,36,36,0,8,8,0,8,0,8,8,0,8,0,0,0
`16,`289,District - West Tripura,`10,`103,`1030,Processing and preserving of fruit and vegetables,44,44,0,36,36,0,8,8,0,8,0,8,8,0,8,0,0,0
`16,`289,District - West Tripura,`10,`105,`0000,Manufacture of dairy products,74,46,28,40,20,20,34,26,8,102,23,79,74,20,54,28,3,25
`16,`289,District - West Tripura,`10,`105,`1050,Manufacture of dairy products,74,46,28,40,20,20,34,26,8,102,23,79,74,20,54,28,3,25
`16,`289,District - West Tripura,`10,`106,`0000,"Manufacture of grain mill products, starches and starch products",233,176,57,132,110,22,101,66,35,65,14,51,36,14,22,29,0,29
`16,`289,District - West Tripura,`10,`106,`1061,Manufacture of grain mill products,230,173,57,132,110,22,98,63,35,65,14,51,36,14,22,29,0,29
`16,`289,District - West Tripura,`10,`106,`1062,Manufacture of starches and starch products,3,3,0,0,0,0,3,3,0,0,0,0,0,0,0,0,0,0
`16,`289,District - West Tripura,`10,`107,`0000,Manufacture of other food products,305,230,75,138,120,18,167,110,57,183,58,125,78,32,46,105,26,79
`16,`289,District - West Tripura,`10,`107,`1071,Manufacture of bakery products,109,96,13,64,64,0,45,32,13,46,23,23,12,12,0,34,11,23
`16,`289,District - West Tripura,`10,`107,`1073,"Manufacture of cocoa, chocolate and sugar confectionery",50,48,2,26,26,0,24,22,2,6,6,0,6,6,0,0,0,0
`16,`289,District - West Tripura,`10,`107,`1074,"Manufacture of macaroni, noodles, couscous and similar farinaceous",6,3,3,0,0,0,6,3,3,3,0,3,0,0,0,3,0,3
`16,`289,District - West Tripura,`10,`107,`1075,Manufacture of prepared meals and dishes,56,39,17,24,18,6,32,21,11,44,12,32,24,0,24,20,12,8
`16,`289,District - West Tripura,`10,`107,`1079,Manufacture of other food products n.e.c.,84,44,40,24,12,12,60,32,28,84,17,67,36,14,22,48,3,45
`16,`289,District - West Tripura,`11,`000,`0000,Manufacture of beverages,14,12,2,6,6,0,8,6,2,3,3,0,0,0,0,3,3,0
`16,`289,District - West Tripura,`11,`110,`0000,Manufacture of beverages,14,12,2,6,6,0,8,6,2,3,3,0,0,0,0,3,3,0
`16,`289,District - West Tripura,`11,`110,`1101,"Distilling, rectifying and blending of spirits; ethyl alcohol production",2,0,2,0,0,0,2,0,2,0,0,0,0,0,0,0,0,0
`16,`289,District - West Tripura,`11,`110,`1104,Manufacture of soft drinks; production of mineral waters and other,12,12,0,6,6,0,6,6,0,3,3,0,0,0,0,3,3,0
`16,`289,District - West Tripura,`12,`000,`0000,Manufacture of tobacco products,467,92,375,290,68,222,177,24,153,364,14,350,258,12,246,106,2,104
`16,`289,District - West Tripura,`12,`120,`0000,Manufacture of tobacco products,467,92,375,290,68,222,177,24,153,364,14,350,258,12,246,106,2,104
`16,`289,District - West Tripura,`12,`120,`1200,Manufacture of tobacco products,467,92,375,290,68,222,177,24,153,364,14,350,258,12,246,106,2,104
`16,`289,District - West Tripura,`13,`000,`0000,Manufacture of textiles,798,659,139,240,214,26,558,445,113,456,130,326,164,68,96,292,62,230
`16,`289,District - West Tripura,`13,`131,`0000,"Spinning, weaving and finishing of textiles",651,521,130,188,166,22,463,355,108,426,118,308,164,68,96,262,50,212
`16,`289,District - West Tripura,`13,`131,`1311,Preparation and spinning of textile fibres,468,380,88,154,142,12,314,238,76,393,107,286,160,68,92,233,39,194
`16,`289,District - West Tripura,`13,`131,`1312,Weaving of textiles,121,84,37,34,24,10,87,60,27,17,5,12,4,0,4,13,5,8
`16,`289,District - West Tripura,`13,`131,`1313,Finishing of textiles,62,57,5,0,0,0,62,57,5,16,6,10,0,0,0,16,6,10
`16,`289,District - West Tripura,`13,`139,`0000,Manufacture of other textiles,147,138,9,52,48,4,95,90,5,30,12,18,0,0,0,30,12,18
`16,`289,District - West Tripura,`13,`139,`1392,"Manufacture of made-up textile articles, except apparel",18,18,0,12,12,0,6,6,0,6,0,6,0,0,0,6,0,6
`16,`289,District - West Tripura,`13,`139,`1393,Manufacture of carpets and rugs,12,12,0,6,6,0,6,6,0,3,0,3,0,0,0,3,0,3
`16,`289,District - West Tripura,`13,`139,`1394,"Manufacture of cordage, rope, twine and netting",108,99,9,34,30,4,74,69,5,6,6,0,0,0,0,6,6,0
`16,`289,District - West Tripura,`13,`139,`1399,Manufacture of other textiles n.e.c.,9,9,0,0,0,0,9,9,0,15,6,9,0,0,0,15,6,9
`16,`289,District - West Tripura,`14,`000,`0000,Manufacture of wearing apparel,612,383,229,192,158,34,420,225,195,185,46,139,68,30,38,117,16,101
`16,`289,District - West Tripura,`14,`141,`0000,"Manufacture of wearing apparel, except fur apparel",612,383,229,192,158,34,420,225,195,185,46,139,68,30,38,117,16,101
`16,`289,District - West Tripura,`14,`141,`1410,"Manufacture of wearing apparel, except fur apparel",612,383,229,192,158,34,420,225,195,185,46,139,68,30,38,117,16,101
`16,`289,District - West Tripura,`15,`000,`0000,Manufacture of leather and related products,73,64,9,18,18,0,55,46,9,20,16,4,2,2,0,18,14,4
`16,`289,District - West Tripura,`15,`151,`0000,"Tanning and dressing of leather; manufacture of luggage, handbags, saddlery",24,21,3,12,12,0,12,9,3,7,3,4,0,0,0,7,3,4
`16,`289,District - West Tripura,`15,`151,`1511,Tanning and dressing of leather; dressing and dyeing of fur,0,0,0,0,0,0,0,0,0,7,3,4,0,0,0,7,3,4
`16,`289,District - West Tripura,`15,`151,`1512,"Manufacture of luggage, handbags and the like, saddlery and harness",24,21,3,12,12,0,12,9,3,0,0,0,0,0,0,0,0,0
`16,`289,District - West Tripura,`15,`152,`0000,Manufacture of footwear,49,43,6,6,6,0,43,37,6,13,13,0,2,2,0,11,11,0
`16,`289,District - West Tripura,`15,`152,`1520,Manufacture of footwear,49,43,6,6,6,0,43,37,6,13,13,0,2,2,0,11,11,0
`16,`289,District - West Tripura,`16,`000,`0000,"Manufacture of wood and products of wood and cork, except furniture;",2512,2098,414,1484,1202,282,1028,896,132,1480,390,1090,1176,250,926,304,140,164
`16,`289,District - West Tripura,`16,`161,`0000,Sawmilling and planing of wood,145,136,9,84,82,2,61,54,7,9,9,0,6,6,0,3,3,0
`16,`289,District - West Tripura,`16,`161,`1610,Saw milling and planing of wood,145,136,9,84,82,2,61,54,7,9,9,0,6,6,0,3,3,0
`16,`289,District - West Tripura,`16,`162,`0000,"Manufacture of products of wood, cork, straw and plaiting materials",2367,1962,405,1400,1120,280,967,842,125,1471,381,1090,1170,244,926,301,137,164
`16,`289,District - West Tripura,`16,`162,`1621,"Manufacture of veneer sheets; manufacture of plywood, laminboard,",60,60,0,22,22,0,38,38,0,27,27,0,12,12,0,15,15,0
`16,`289,District - West Tripura,`16,`162,`1623,Manufacture of wooden containers,610,425,185,372,244,128,238,181,57,311,70,241,232,24,208,79,46,33
`16,`289,District - West Tripura,`16,`162,`1629,"Manufacture of other products of wood; manufacture of articles of cork,",1697,1477,220,1006,854,152,691,623,68,1133,284,849,926,208,718,207,76,131
`16,`289,District - West Tripura,`17,`000,`0000,Manufacture of paper and paper products,12,2,10,2,0,2,10,2,8,8,0,8,6,0,6,2,0,2
`16,`289,District - West Tripura,`17,`170,`0000,Manufacture of paper and paper products,12,2,10,2,0,2,10,2,8,8,0,8,6,0,6,2,0,2
`16,`289,District - West Tripura,`17,`170,`1701,"Manufacture of pulp, paper and paperboard",6,0,6,0,0,0,6,0,6,6,0,6,6,0,6,0,0,0
`16,`289,District - West Tripura,`17,`170,`1709,Manufacture of other articles of paper and paperboard,6,2,4,2,0,2,4,2,2,2,0,2,0,0,0,2,0,2
`16,`289,District - West Tripura,`18,`000,`0000,Printing and reproduction of recorded media,82,58,24,14,14,0,68,44,24,8,6,2,0,0,0,8,6,2
`16,`289,District - West Tripura,`18,`181,`0000,Printing and service activities related to printing,82,58,24,14,14,0,68,44,24,8,6,2,0,0,0,8,6,2
`16,`289,District - West Tripura,`18,`181,`1811,Printing,22,17,5,0,0,0,22,17,5,2,0,2,0,0,0,2,0,2
`16,`289,District - West Tripura,`18,`181,`1812,Service activities related to printing,60,41,19,14,14,0,46,27,19,6,6,0,0,0,0,6,6,0
`16,`289,District - West Tripura,`19,`000,`0000,Manufacture of coke and refined petroleum products,68,59,9,18,18,0,50,41,9,9,9,0,6,6,0,3,3,0
`16,`289,District - West Tripura,`19,`191,`0000,Manufacture of coke oven products,3,0,3,0,0,0,3,0,3,0,0,0,0,0,0,0,0,0
`16,`289,District - West Tripura,`19,`191,`1910,Manufacture of coke oven products,3,0,3,0,0,0,3,0,3,0,0,0,0,0,0,0,0,0
`16,`289,District - West Tripura,`19,`192,`0000,Manufacture of refined petroleum products,65,59,6,18,18,0,47,41,6,9,9,0,6,6,0,3,3,0
`16,`289,District - West Tripura,`19,`192,`1920,Manufacture of refined petroleum products,65,59,6,18,18,0,47,41,6,9,9,0,6,6,0,3,3,0
`16,`289,District - West Tripura,`20,`000,`0000,Manufacture of chemicals and chemical products,185,65,120,142,38,104,43,27,16,634,24,610,558,24,534,76,0,76
`16,`289,District - West Tripura,`20,`202,`0000,Manufacture of other chemical products,185,65,120,142,38,104,43,27,16,634,24,610,558,24,534,76,0,76
`16,`289,District - West Tripura,`20,`202,`2022,"Manufacture of paints, varnishes and similar coatings, printing ink and",6,6,0,0,0,0,6,6,0,0,0,0,0,0,0,0,0,0
`16,`289,District - West Tripura,`20,`202,`2023,"Manufacture of soap and detergents, cleaning and polishing preparations,",179,59,120,142,38,104,37,21,16,634,24,610,558,24,534,76,0,76
`16,`289,District - West Tripura,`22,`000,`0000,Manufacture of rubber and plastics products,81,71,10,30,30,0,51,41,10,9,6,3,6,6,0,3,0,3
`16,`289,District - West Tripura,`22,`221,`0000,Manufacture of rubber products,41,38,3,18,18,0,23,20,3,0,0,0,0,0,0,0,0,0
`16,`289,District - West Tripura,`22,`221,`2211,Manufacture of rubber tyres and tubes; retreading and rebuilding of,11,11,0,6,6,0,5,5,0,0,0,0,0,0,0,0,0,0
`16,`289,District - West Tripura,`22,`221,`2219,Manufacture of other rubber products,30,27,3,12,12,0,18,15,3,0,0,0,0,0,0,0,0,0
`16,`289,District - West Tripura,`22,`222,`0000,Manufacture of plastics products,40,33,7,12,12,0,28,21,7,9,6,3,6,6,0,3,0,3
`16,`289,District - West Tripura,`22,`222,`2220,Manufacture of plastics products,40,33,7,12,12,0,28,21,7,9,6,3,6,6,0,3,0,3
`16,`289,District - West Tripura,`23,`000,`0000,Manufacture of other non-metallic mineral products,1079,829,250,838,642,196,241,187,54,308,211,97,252,196,56,56,15,41
`16,`289,District - West Tripura,`23,`231,`0000,Manufacture of glass and glass products,6,6,0,6,6,0,0,0,0,0,0,0,0,0,0,0,0,0
`16,`289,District - West Tripura,`23,`231,`2310,Manufacture of glass and glass products,6,6,0,6,6,0,0,0,0,0,0,0,0,0,0,0,0,0
`16,`289,District - West Tripura,`23,`239,`0000,Manufacture of non-metallic mineral products n.e.c.,1073,823,250,832,636,196,241,187,54,308,211,97,252,196,56,56,15,41
`16,`289,District - West Tripura,`23,`239,`2392,Manufacture of clay building materials,1030,780,250,826,630,196,204,150,54,288,199,89,244,190,54,44,9,35
`16,`289,District - West Tripura,`23,`239,`2393,Manufacture of other porcelain and ceramic products,37,37,0,6,6,0,31,31,0,14,9,5,8,6,2,6,3,3
`16,`289,District - West Tripura,`23,`239,`2394,"Manufacture of cement, lime and plaster",3,3,0,0,0,0,3,3,0,3,3,0,0,0,0,3,3,0
`16,`289,District - West Tripura,`23,`239,`2395,"Manufacture of articles of concrete, cement and plaster",3,3,0,0,0,0,3,3,0,0,0,0,0,0,0,0,0,0
`16,`289,District - West Tripura,`23,`239,`2399,Manufacture of other non-metallic mineral products n.e.c.,0,0,0,0,0,0,0,0,0,3,0,3,0,0,0,3,0,3
`16,`289,District - West Tripura,`24,`000,`0000,Manufacture of basic metals,110,98,12,6,6,0,104,92,12,19,19,0,8,8,0,11,11,0
`16,`289,District - West Tripura,`24,`241,`0000,Manufacture of basic iron and steel,82,77,5,6,6,0,76,71,5,19,19,0,8,8,0,11,11,0
`16,`289,District - West Tripura,`24,`241,`2410,Manufacture of basic iron and steel,82,77,5,6,6,0,76,71,5,19,19,0,8,8,0,11,11,0
`16,`289,District - West Tripura,`24,`242,`0000,Manufacture of basic precious and other non-ferrous metals,25,18,7,0,0,0,25,18,7,0,0,0,0,0,0,0,0,0
`16,`289,District - West Tripura,`24,`242,`2420,Manufacture of basic precious and other non-ferrous metals,25,18,7,0,0,0,25,18,7,0,0,0,0,0,0,0,0,0
`16,`289,District - West Tripura,`24,`243,`0000,Casting of metals,3,3,0,0,0,0,3,3,0,0,0,0,0,0,0,0,0,0
`16,`289,District - West Tripura,`24,`243,`2432,Casting of non-ferrous metals,3,3,0,0,0,0,3,3,0,0,0,0,0,0,0,0,0,0
`16,`289,District - West Tripura,`25,`000,`0000,"Manufacture of fabricated metal products, except machinery and equipment",288,284,4,98,96,2,190,188,2,46,43,3,6,6,0,40,37,3
`16,`289,District - West Tripura,`25,`251,`0000,"Manufacture of structural metal products, tanks, reservoirs and steam",45,45,0,12,12,0,33,33,0,8,5,3,0,0,0,8,5,3
`16,`289,District - West Tripura,`25,`251,`2511,Manufacture of structural metal products,45,45,0,12,12,0,33,33,0,8,5,3,0,0,0,8,5,3
`16,`289,District - West Tripura,`25,`259,`0000,Manufacture of other fabricated metal products; metalworking service,243,239,4,86,84,2,157,155,2,38,38,0,6,6,0,32,32,0
`16,`289,District - West Tripura,`25,`259,`2593,"Manufacture of cutlery, hand tools and general hardware",193,191,2,78,78,0,115,113,2,35,35,0,6,6,0,29,29,0
`16,`289,District - West Tripura,`25,`259,`2599,Manufacture of other fabricated metal products n.e.c.,50,48,2,8,6,2,42,42,0,3,3,0,0,0,0,3,3,0
`16,`289,District - West Tripura,`26,`000,`0000,"Manufacture of computer, electronic and optical products",12,12,0,0,0,0,12,12,0,3,3,0,0,0,0,3,3,0
`16,`289,District - West Tripura,`26,`262,`0000,Manufacture of computers and peripheral equipment,3,3,0,0,0,0,3,3,0,0,0,0,0,0,0,0,0,0
`16,`289,District - West Tripura,`26,`262,`2620,Manufacture of computers and peripheral equipment,3,3,0,0,0,0,3,3,0,0,0,0,0,0,0,0,0,0
`16,`289,District - West Tripura,`26,`264,`0000,Manufacture of consumer electronics,6,6,0,0,0,0,6,6,0,3,3,0,0,0,0,3,3,0
`16,`289,District - West Tripura,`26,`264,`2640,Manufacture of consumer electronics,6,6,0,0,0,0,6,6,0,3,3,0,0,0,0,3,3,0
`16,`289,District - West Tripura,`26,`265,`0000,"Manufacture of measuring, testing, navigating and control equipment;",3,3,0,0,0,0,3,3,0,0,0,0,0,0,0,0,0,0
`16,`289,District - West Tripura,`26,`265,`2651,"Manufacture of measuring, testing, navigating and control equipment",3,3,0,0,0,0,3,3,0,0,0,0,0,0,0,0,0,0
`16,`289,District - West Tripura,`27,`000,`0000,Manufacture of electrical equipment,6,6,0,0,0,0,6,6,0,0,0,0,0,0,0,0,0,0
`16,`289,District - West Tripura,`27,`272,`0000,Manufacture of batteries and accumulators,6,6,0,0,0,0,6,6,0,0,0,0,0,0,0,0,0,0
`16,`289,District - West Tripura,`27,`272,`2720,Manufacture of batteries and accumulators,6,6,0,0,0,0,6,6,0,0,0,0,0,0,0,0,0,0
`16,`289,District - West Tripura,`28,`000,`0000,Manufacture of machinery and equipment n.e.c.,12,6,6,6,0,6,6,6,0,0,0,0,0,0,0,0,0,0
`16,`289,District - West Tripura,`28,`282,`0000,Manufacture of special-purpose machinery,12,6,6,6,0,6,6,6,0,0,0,0,0,0,0,0,0,0
`16,`289,District - West Tripura,`28,`282,`2825,"Manufacture of machinery for food, beverage and tobacco processing",12,6,6,6,0,6,6,6,0,0,0,0,0,0,0,0,0,0
`16,`289,District - West Tripura,`30,`000,`0000,Manufacture of other transport equipment,48,48,0,24,24,0,24,24,0,11,11,0,0,0,0,11,11,0
`16,`289,District - West Tripura,`30,`309,`0000,Manufacture of transport equipment n.e.c.,48,48,0,24,24,0,24,24,0,11,11,0,0,0,0,11,11,0
`16,`289,District - West Tripura,`30,`309,`3099,Manufacture of other transport equipment n.e.c.,48,48,0,24,24,0,24,24,0,11,11,0,0,0,0,11,11,0
`16,`289,District - West Tripura,`31,`000,`0000,Manufacture of furniture,1959,1934,25,950,940,10,1009,994,15,326,295,31,130,102,28,196,193,3
`16,`289,District - West Tripura,`31,`310,`0000,Manufacture of furniture,1959,1934,25,950,940,10,1009,994,15,326,295,31,130,102,28,196,193,3
`16,`289,District - West Tripura,`31,`310,`3100,Manufacture of furniture,1959,1934,25,950,940,10,1009,994,15,326,295,31,130,102,28,196,193,3
`16,`289,District - West Tripura,`32,`000,`0000,Other manufacturing,308,254,54,166,120,46,142,134,8,214,53,161,178,36,142,36,17,19
`16,`289,District - West Tripura,`32,`321,`0000,"Manufacture of jewellery, bijouterie and related articles",192,185,7,96,94,2,96,91,5,38,38,0,30,30,0,8,8,0
`16,`289,District - West Tripura,`32,`321,`3211,Manufacture of jewellery and related articles,189,182,7,96,94,2,93,88,5,38,38,0,30,30,0,8,8,0
`16,`289,District - West Tripura,`32,`321,`3212,Manufacture of imitation jewellery and related articles,3,3,0,0,0,0,3,3,0,0,0,0,0,0,0,0,0,0
`16,`289,District - West Tripura,`32,`322,`0000,Manufacture of musical instruments,20,20,0,0,0,0,20,20,0,3,3,0,0,0,0,3,3,0
`16,`289,District - West Tripura,`32,`322,`3220,Manufacture of musical instruments,20,20,0,0,0,0,20,20,0,3,3,0,0,0,0,3,3,0
`16,`289,District - West Tripura,`32,`329,`0000,Other manufacturing n.e.c.,96,49,47,70,26,44,26,23,3,173,12,161,148,6,142,25,6,19
`16,`289,District - West Tripura,`32,`329,`3290,Other manufacturing n.e.c.,96,49,47,70,26,44,26,23,3,173,12,161,148,6,142,25,6,19
`16,`289,District - West Tripura,`33,`000,`0000,Repair and installation of machinery and equipment,132,132,0,38,38,0,94,94,0,32,32,0,8,8,0,24,24,0
`16,`289,District - West Tripura,`33,`331,`0000,"Repair of fabricated metal products, machinery and equipment",132,132,0,38,38,0,94,94,0,29,29,0,8,8,0,21,21,0
`16,`289,District - West Tripura,`33,`331,`3311,Repair of fabricated metal products,3,3,0,0,0,0,3,3,0,0,0,0,0,0,0,0,0,0
`16,`289,District - West Tripura,`33,`331,`3312,Repair of machinery,15,15,0,6,6,0,9,9,0,3,3,0,0,0,0,3,3,0
`16,`289,District - West Tripura,`33,`331,`3313,Repair of electronic and optical equipment,23,23,0,0,0,0,23,23,0,3,3,0,0,0,0,3,3,0
`16,`289,District - West Tripura,`33,`331,`3314,Repair of electrical equipment,58,58,0,20,20,0,38,38,0,20,20,0,8,8,0,12,12,0
`16,`289,District - West Tripura,`33,`331,`3315,"Repair of transport equipment, except motor vehicles",24,24,0,12,12,0,12,12,0,3,3,0,0,0,0,3,3,0
`16,`289,District - West Tripura,`33,`331,`3319,Repair of other equipment,9,9,0,0,0,0,9,9,0,0,0,0,0,0,0,0,0,0
`16,`289,District - West Tripura,`33,`332,`0000,Installation of industrial machinery and equipment,0,0,0,0,0,0,0,0,0,3,3,0,0,0,0,3,3,0
`16,`289,District - West Tripura,`33,`332,`3320,Installation of industrial machinery and equipment,0,0,0,0,0,0,0,0,0,3,3,0,0,0,0,3,3,0
`16,`289,District - West Tripura,`35,`000,`0000,"Electricity, gas, steam and air conditioning supply",586,548,38,200,190,10,386,358,28,24,24,0,6,6,0,18,18,0
`16,`289,District - West Tripura,`35,`351,`0000,"Electric power generation, transmission and distribution",574,536,38,200,190,10,374,346,28,18,18,0,0,0,0,18,18,0
`16,`289,District - West Tripura,`35,`351,`3510,"Electric power generation, transmission and distribution",574,536,38,200,190,10,374,346,28,18,18,0,0,0,0,18,18,0
`16,`289,District - West Tripura,`35,`352,`0000,Manufacture of gas; distribution of gaseous fuels through mains,12,12,0,0,0,0,12,12,0,0,0,0,0,0,0,0,0,0
`16,`289,District - West Tripura,`35,`352,`3520,Manufacture of gas; distribution of gaseous fuels through mains,12,12,0,0,0,0,12,12,0,0,0,0,0,0,0,0,0,0
`16,`289,District - West Tripura,`35,`353,`0000,Steam and air conditioning supply,0,0,0,0,0,0,0,0,0,6,6,0,6,6,0,0,0,0
`16,`289,District - West Tripura,`35,`353,`3530,Steam and air conditioning supply,0,0,0,0,0,0,0,0,0,6,6,0,6,6,0,0,0,0
`16,`289,District - West Tripura,`36,`000,`0000,"Water collection, treatment and supply",255,239,16,102,96,6,153,143,10,12,10,2,8,8,0,4,2,2
`16,`289,District - West Tripura,`36,`360,`0000,"Water collection, treatment and supply",255,239,16,102,96,6,153,143,10,12,10,2,8,8,0,4,2,2
`16,`289,District - West Tripura,`36,`360,`3600,"Water collection, treatment and supply",255,239,16,102,96,6,153,143,10,12,10,2,8,8,0,4,2,2
`16,`289,District - West Tripura,`37,`000,`0000,Sewerage,43,24,19,0,0,0,43,24,19,0,0,0,0,0,0,0,0,0
`16,`289,District - West Tripura,`37,`370,`0000,Sewerage,43,24,19,0,0,0,43,24,19,0,0,0,0,0,0,0,0,0
`16,`289,District - West Tripura,`37,`370,`3700,Sewerage,43,24,19,0,0,0,43,24,19,0,0,0,0,0,0,0,0,0
`16,`289,District - West Tripura,`38,`000,`0000,"Waste collection, treatment and disposal activities; materials recovery",65,51,14,20,6,14,45,45,0,17,11,6,6,6,0,11,5,6
`16,`289,District - West Tripura,`38,`381,`0000,Waste collection,65,51,14,20,6,14,45,45,0,17,11,6,6,6,0,11,5,6
`16,`289,District - West Tripura,`38,`381,`3811,Collection of non-hazardous waste,50,36,14,14,0,14,36,36,0,14,11,3,6,6,0,8,5,3
`16,`289,District - West Tripura,`38,`381,`3812,Collection of hazardous waste,15,15,0,6,6,0,9,9,0,3,0,3,0,0,0,3,0,3
`16,`289,District - West Tripura,`41,`000,`0000,Construction of buildings,7888,7143,745,2554,2388,166,5334,4755,579,1698,1140,558,604,410,194,1094,730,364
`16,`289,District - West Tripura,`41,`410,`0000,Construction of buildings,7888,7143,745,2554,2388,166,5334,4755,579,1698,1140,558,604,410,194,1094,730,364
`16,`289,District - West Tripura,`41,`410,`4100,Construction of buildings,7888,7143,745,2554,2388,166,5334,4755,579,1698,1140,558,604,410,194,1094,730,364
`16,`289,District - West Tripura,`42,`000,`0000,Civil engineering,3825,2857,968,1696,1218,478,2129,1639,490,5806,1158,4648,2974,582,2392,2832,576,2256
`16,`289,District - West Tripura,`42,`421,`0000,Construction of roads and railways,2493,1727,766,1130,752,378,1363,975,388,5237,901,4336,2752,508,2244,2485,393,2092
`16,`289,District - West Tripura,`42,`421,`4210,Construction roads and railways,2493,1727,766,1130,752,378,1363,975,388,5237,901,4336,2752,508,2244,2485,393,2092
`16,`289,District - West Tripura,`42,`422,`0000,Construction of utility projects,21,18,3,6,6,0,15,12,3,44,12,32,6,6,0,38,6,32
`16,`289,District - West Tripura,`42,`422,`4220,Construction of utility projects,21,18,3,6,6,0,15,12,3,44,12,32,6,6,0,38,6,32
`16,`289,District - West Tripura,`42,`429,`0000,Construction of other civil engineering projects,1311,1112,199,560,460,100,751,652,99,525,245,280,216,68,148,309,177,132
`16,`289,District - West Tripura,`42,`429,`4290,Construction of other civil engineering projects,1311,1112,199,560,460,100,751,652,99,525,245,280,216,68,148,309,177,132
`16,`289,District - West Tripura,`43,`000,`0000,Specialized construction activities,4598,3951,647,1656,1394,262,2942,2557,385,1692,934,758,728,342,386,964,592,372
`16,`289,District - West Tripura,`43,`431,`0000,Demolition and site preparation,271,213,58,106,78,28,165,135,30,562,106,456,340,58,282,222,48,174
`16,`289,District - West Tripura,`43,`431,`4312,Site preparation,271,213,58,106,78,28,165,135,30,562,106,456,340,58,282,222,48,174
`16,`289,District - West Tripura,`43,`432,`0000,"Electrical, plumbing and other construction installation activities",3654,3069,585,1404,1170,234,2250,1899,351,952,678,274,326,234,92,626,444,182
`16,`289,District - West Tripura,`43,`432,`4321,Electrical installation,99,94,5,28,26,2,71,68,3,27,27,0,0,0,0,27,27,0
`16,`289,District - West Tripura,`43,`432,`4322,"Plumbing, heat and air-conditioning installation",143,143,0,38,38,0,105,105,0,38,38,0,20,20,0,18,18,0
`16,`289,District - West Tripura,`43,`432,`4329,Other construction installation,3412,2832,580,1338,1106,232,2074,1726,348,887,613,274,306,214,92,581,399,182
`16,`289,District - West Tripura,`43,`433,`0000,Building completion and finishing,673,669,4,146,146,0,527,523,4,176,150,26,62,50,12,114,100,14
`16,`289,District - West Tripura,`43,`433,`4330,Building completion and finishing,673,669,4,146,146,0,527,523,4,176,150,26,62,50,12,114,100,14
`16,`289,District - West Tripura,`43,`439,`0000,Other specialized construction activities,0,0,0,0,0,0,0,0,0,2,0,2,0,0,0,2,0,2
`16,`289,District - West Tripura,`43,`439,`4390,Other specialized construction activities,0,0,0,0,0,0,0,0,0,2,0,2,0,0,0,2,0,2
`16,`289,District - West Tripura,`45,`000,`0000,Wholesale and retail trade and repair of motor vehicles and motorcycles,452,446,6,152,152,0,300,294,6,62,62,0,22,22,0,40,40,0
`16,`289,District - West Tripura,`45,`451,`0000,Sale of motor vehicles,12,12,0,6,6,0,6,6,0,0,0,0,0,0,0,0,0,0
`16,`289,District - West Tripura,`45,`451,`4510,Sale of motor vehicles,12,12,0,6,6,0,6,6,0,0,0,0,0,0,0,0,0,0
`16,`289,District - West Tripura,`45,`452,`0000,Maintenance and repair of motor vehicles,306,304,2,104,104,0,202,200,2,39,39,0,14,14,0,25,25,0
`16,`289,District - West Tripura,`45,`452,`4520,Maintenance and repair of motor vehicles,306,304,2,104,104,0,202,200,2,39,39,0,14,14,0,25,25,0
`16,`289,District - West Tripura,`45,`453,`0000,Sale of motor vehicle parts and accessories,48,44,4,0,0,0,48,44,4,9,9,0,0,0,0,9,9,0
`16,`289,District - West Tripura,`45,`453,`4530,Sale of motor vehicle parts and accessories,48,44,4,0,0,0,48,44,4,9,9,0,0,0,0,9,9,0
`16,`289,District - West Tripura,`45,`454,`0000,"Sale, maintenance and repair of motorcycles and related parts and",86,86,0,42,42,0,44,44,0,14,14,0,8,8,0,6,6,0
`16,`289,District - West Tripura,`45,`454,`4540,"Sale, maintenance and repair of motorcycles and related parts and",86,86,0,42,42,0,44,44,0,14,14,0,8,8,0,6,6,0
`16,`289,District - West Tripura,`46,`000,`0000,"Wholesale trade, except of motor vehicles and motorcycles",171,157,14,58,58,0,113,99,14,14,14,0,8,8,0,6,6,0
`16,`289,District - West Tripura,`46,`461,`0000,Wholesale on a fee or contract basis,8,0,8,0,0,0,8,0,8,0,0,0,0,0,0,0,0,0
`16,`289,District - West Tripura,`46,`461,`4610,Wholesale on a fee or contract basis,8,0,8,0,0,0,8,0,8,0,0,0,0,0,0,0,0,0
`16,`289,District - West Tripura,`46,`462,`0000,Wholesale of agricultural raw materials and live animals,44,44,0,26,26,0,18,18,0,0,0,0,0,0,0,0,0,0
`16,`289,District - West Tripura,`46,`462,`4620,Wholesale of agricultural raw materials and live animals,44,44,0,26,26,0,18,18,0,0,0,0,0,0,0,0,0,0
`16,`289,District - West Tripura,`46,`463,`0000,"Wholesale of food, beverages and tobacco",25,25,0,8,8,0,17,17,0,12,12,0,6,6,0,6,6,0
`16,`289,District - West Tripura,`46,`463,`4630,"Wholesale of food, beverages and tobacco",25,25,0,8,8,0,17,17,0,12,12,0,6,6,0,6,6,0
`16,`289,District - West Tripura,`46,`464,`0000,Wholesale of household goods,15,12,3,0,0,0,15,12,3,0,0,0,0,0,0,0,0,0
`16,`289,District - West Tripura,`46,`464,`4649,Wholesale of other household goods,15,12,3,0,0,0,15,12,3,0,0,0,0,0,0,0,0,0
`16,`289,District - West Tripura,`46,`465,`0000,"Wholesale of machinery, equipment and supplies",6,6,0,6,6,0,0,0,0,0,0,0,0,0,0,0,0,0
`16,`289,District - West Tripura,`46,`465,`4652,Wholesale of electronic and telecommunications equipment and parts,6,6,0,6,6,0,0,0,0,0,0,0,0,0,0,0,0,0
`16,`289,District - West Tripura,`46,`466,`0000,Other specialized wholesale,53,50,3,18,18,0,35,32,3,2,2,0,2,2,0,0,0,0
`16,`289,District - West Tripura,`46,`466,`4661,"Wholesale of solid, liquid and gaseous fuels and related products",3,3,0,0,0,0,3,3,0,0,0,0,0,0,0,0,0,0
`16,`289,District - West Tripura,`46,`466,`4663,"Wholesale of construction materials, hardware, plumbing and heating",30,30,0,12,12,0,18,18,0,2,2,0,2,2,0,0,0,0
`16,`289,District - West Tripura,`46,`466,`4669,Wholesale of waste and scrap and other products n.e.c.,20,17,3,6,6,0,14,11,3,0,0,0,0,0,0,0,0,0
`16,`289,District - West Tripura,`46,`469,`0000,Non-specialized wholesale trade,20,20,0,0,0,0,20,20,0,0,0,0,0,0,0,0,0,0
`16,`289,District - West Tripura,`46,`469,`4690,Non-specialized wholesale trade,20,20,0,0,0,0,20,20,0,0,0,0,0,0,0,0,0,0
`16,`289,District - West Tripura,`47,`000,`0000,"Retail trade, except of motor vehicles and motorcycles",9966,9683,283,3720,3608,112,6246,6075,171,1058,949,109,312,286,26,746,663,83
`16,`289,District - West Tripura,`47,`471,`0000,Retail sale in non-specialized stores,2431,2315,116,902,862,40,1529,1453,76,278,241,37,84,76,8,194,165,29
`16,`289,District - West Tripura,`47,`471,`4711,"Retail sale in non-specialized stores with food, beverages or tobacco",890,845,45,272,262,10,618,583,35,90,77,13,32,32,0,58,45,13
`16,`289,District - West Tripura,`47,`471,`4719,Other retail sale in non-specialized stores,1541,1470,71,630,600,30,911,870,41,188,164,24,52,44,8,136,120,16
`16,`289,District - West Tripura,`47,`472,`0000,"Retail sale of food, beverages and tobacco in specialized stores",5210,5109,101,2114,2066,48,3096,3043,53,498,463,35,154,144,10,344,319,25
`16,`289,District - West Tripura,`47,`472,`4721,Retail sale of food in specialized stores,5141,5040,101,2090,2042,48,3051,2998,53,493,458,35,154,144,10,339,314,25
`16,`289,District - West Tripura,`47,`472,`4722,Retail sale of beverages in specialized stores,15,15,0,6,6,0,9,9,0,2,2,0,0,0,0,2,2,0
`16,`289,District - West Tripura,`47,`472,`4723,Retail sale of tobacco products in specialized stores,54,54,0,18,18,0,36,36,0,3,3,0,0,0,0,3,3,0
`16,`289,District - West Tripura,`47,`473,`0000,Retail sale of automotive fuel in specialized stores,27,27,0,18,18,0,9,9,0,0,0,0,0,0,0,0,0,0
`16,`289,District - West Tripura,`47,`473,`4730,Retail sale of automotive fuel in specialized stores,27,27,0,18,18,0,9,9,0,0,0,0,0,0,0,0,0,0
`16,`289,District - West Tripura,`47,`474,`0000,Retail sale of information and communications equipment in specialized,71,71,0,30,30,0,41,41,0,11,11,0,0,0,0,11,11,0
`16,`289,District - West Tripura,`47,`474,`4741,"Retail sale of computers, peripheral units, software and",53,53,0,18,18,0,35,35,0,8,8,0,0,0,0,8,8,0
`16,`289,District - West Tripura,`47,`474,`4742,Retail sale of audio and video equipment in specialized stores,18,18,0,12,12,0,6,6,0,3,3,0,0,0,0,3,3,0
`16,`289,District - West Tripura,`47,`475,`0000,Retail sale of other household equipment in specialized stores,516,505,11,156,150,6,360,355,5,35,29,6,14,8,6,21,21,0
`16,`289,District - West Tripura,`47,`475,`4752,"Retail sale of hardware, paints and glass in specialized stores",296,288,8,108,102,6,188,186,2,23,17,6,14,8,6,9,9,0
`16,`289,District - West Tripura,`47,`475,`4759,"Retail sale of electrical household appliances, furniture, lighting",220,217,3,48,48,0,172,169,3,12,12,0,0,0,0,12,12,0
`16,`289,District - West Tripura,`47,`476,`0000,Retail sale of cultural and recreation goods in specialized stores,166,158,8,48,48,0,118,110,8,22,22,0,2,2,0,20,20,0
`16,`289,District - West Tripura,`47,`476,`4761,"Retail sale of books, newspapers and stationary in specialized stores",145,137,8,42,42,0,103,95,8,16,16,0,2,2,0,14,14,0
`16,`289,District - West Tripura,`47,`476,`4762,Retail sale of music and video recordings in specialized stores,12,12,0,6,6,0,6,6,0,6,6,0,0,0,0,6,6,0
`16,`289,District - West Tripura,`47,`476,`4764,Retail sale of games and toys in specialized stores,9,9,0,0,0,0,9,9,0,0,0,0,0,0,0,0,0,0
`16,`289,District - West Tripura,`47,`477,`0000,Retail sale of other goods in specialized stores,1284,1252,32,376,364,12,908,888,20,165,141,24,58,56,2,107,85,22
`16,`289,District - West Tripura,`47,`477,`4771,"Retail sale of clothing, footwear and leather articles in specialized",607,587,20,156,146,10,451,441,10,74,58,16,12,12,0,62,46,16
`16,`289,District - West Tripura,`47,`477,`4772,"Retail sale of pharmaceutical and medical goods, cosmetic and toilet",457,450,7,126,124,2,331,326,5,69,63,6,30,30,0,39,33,6
`16,`289,District - West Tripura,`47,`477,`4773,Other retail sale of new goods in specialized stores,214,209,5,94,94,0,120,115,5,22,20,2,16,14,2,6,6,0
`16,`289,District - West Tripura,`47,`477,`4774,Retail sale of second-hand goods,6,6,0,0,0,0,6,6,0,0,0,0,0,0,0,0,0,0
`16,`289,District - West Tripura,`47,`478,`0000,Retail sale via stalls and markets,128,126,2,54,52,2,74,74,0,7,7,0,0,0,0,7,7,0
`16,`289,District - West Tripura,`47,`478,`4781,"Retail sale via stalls and markets of food, beverages and tobacco",3,3,0,0,0,0,3,3,0,0,0,0,0,0,0,0,0,0
`16,`289,District - West Tripura,`47,`478,`4782,"Retail sale via stalls and markets of textiles, clothing and footwear",15,15,0,0,0,0,15,15,0,0,0,0,0,0,0,0,0,0
`16,`289,District - West Tripura,`47,`478,`4789,Retail sale via stalls and markets of other goods,110,108,2,54,52,2,56,56,0,7,7,0,0,0,0,7,7,0
`16,`289,District - West Tripura,`47,`479,`0000,"Retail trade not in stores, stalls or markets",133,120,13,22,18,4,111,102,9,42,35,7,0,0,0,42,35,7
`16,`289,District - West Tripura,`47,`479,`4791,Retail sale via mail order houses or via Internet,9,9,0,0,0,0,9,9,0,5,5,0,0,0,0,5,5,0
`16,`289,District - West Tripura,`47,`479,`4799,"Other retail sale not in stores, stalls or markets",124,111,13,22,18,4,102,93,9,37,30,7,0,0,0,37,30,7
`16,`289,District - West Tripura,`49,`000,`0000,Land transport and transport via pipelines,7713,7652,61,2374,2344,30,5339,5308,31,707,695,12,260,254,6,447,441,6
`16,`289,District - West Tripura,`49,`491,`0000,Transport via railways,13,13,0,0,0,0,13,13,0,0,0,0,0,0,0,0,0,0
`16,`289,District - West Tripura,`49,`491,`4911,Passenger rail transport,10,10,0,0,0,0,10,10,0,0,0,0,0,0,0,0,0,0
`16,`289,District - West Tripura,`49,`491,`4912,Freight rail transport,3,3,0,0,0,0,3,3,0,0,0,0,0,0,0,0,0,0
`16,`289,District - West Tripura,`49,`492,`0000,Other land transport,7700,7639,61,2374,2344,30,5326,5295,31,707,695,12,260,254,6,447,441,6
`16,`289,District - West Tripura,`49,`492,`4921,Urban or suburban passenger land transport,1235,1226,9,398,392,6,837,834,3,119,119,0,44,44,0,75,75,0
`16,`289,District - West Tripura,`49,`492,`4922,Other passenger land transport,5028,4984,44,1446,1426,20,3582,3558,24,449,440,9,168,162,6,281,278,3
`16,`289,District - West Tripura,`49,`492,`4923,Freight transport by road,1437,1429,8,530,526,4,907,903,4,139,136,3,48,48,0,91,88,3
`16,`289,District - West Tripura,`50,`000,`0000,Water transport,13,13,0,10,10,0,3,3,0,0,0,0,0,0,0,0,0,0
`16,`289,District - West Tripura,`50,`502,`0000,Inland water transport,13,13,0,10,10,0,3,3,0,0,0,0,0,0,0,0,0,0
`16,`289,District - West Tripura,`50,`502,`5021,Inland passenger water transport,13,13,0,10,10,0,3,3,0,0,0,0,0,0,0,0,0,0
`16,`289,District - West Tripura,`51,`000,`0000,Air transport,40,38,2,0,0,0,40,38,2,5,3,2,0,0,0,5,3,2
`16,`289,District - West Tripura,`51,`511,`0000,Passenger air transport,12,12,0,0,0,0,12,12,0,5,3,2,0,0,0,5,3,2
`16,`289,District - West Tripura,`51,`511,`5110,Passenger air transport,12,12,0,0,0,0,12,12,0,5,3,2,0,0,0,5,3,2
`16,`289,District - West Tripura,`51,`512,`0000,Freight air transport,28,26,2,0,0,0,28,26,2,0,0,0,0,0,0,0,0,0
`16,`289,District - West Tripura,`51,`512,`5120,Freight air transport,28,26,2,0,0,0,28,26,2,0,0,0,0,0,0,0,0,0
`16,`289,District - West Tripura,`52,`000,`0000,Warehousing and support activities for transportation,388,374,14,146,138,8,242,236,6,24,24,0,6,6,0,18,18,0
`16,`289,District - West Tripura,`52,`521,`0000,Warehousing and storage,80,72,8,20,18,2,60,54,6,6,6,0,0,0,0,6,6,0
`16,`289,District - West Tripura,`52,`521,`5210,Warehousing and storage,80,72,8,20,18,2,60,54,6,6,6,0,0,0,0,6,6,0
`16,`289,District - West Tripura,`52,`522,`0000,Support activities for transportation,308,302,6,126,120,6,182,182,0,18,18,0,6,6,0,12,12,0
`16,`289,District - West Tripura,`52,`522,`5221,Service activities incidental to land transportation,300,294,6,126,120,6,174,174,0,18,18,0,6,6,0,12,12,0
`16,`289,District - West Tripura,`52,`522,`5229,Other transportation support activities,8,8,0,0,0,0,8,8,0,0,0,0,0,0,0,0,0,0
`16,`289,District - West Tripura,`53,`000,`0000,Postal and courier activities,95,79,16,34,32,2,61,47,14,6,6,0,6,6,0,0,0,0
`16,`289,District - West Tripura,`53,`531,`0000,Postal activities,86,70,16,34,32,2,52,38,14,6,6,0,6,6,0,0,0,0
`16,`289,District - West Tripura,`53,`531,`5310,Postal activities,86,70,16,34,32,2,52,38,14,6,6,0,6,6,0,0,0,0
`16,`289,District - West Tripura,`53,`532,`0000,Courier activities,9,9,0,0,0,0,9,9,0,0,0,0,0,0,0,0,0,0
`16,`289,District - West Tripura,`53,`532,`5320,Courier activities,9,9,0,0,0,0,9,9,0,0,0,0,0,0,0,0,0,0
`16,`289,District - West Tripura,`55,`000,`0000,Accommodation,268,202,66,92,72,20,176,130,46,24,18,6,6,6,0,18,12,6
`16,`289,District - West Tripura,`55,`551,`0000,Short term accommodation activities,224,186,38,74,64,10,150,122,28,18,18,0,6,6,0,12,12,0
`16,`289,District - West Tripura,`55,`551,`5510,Short term accommodation activities,224,186,38,74,64,10,150,122,28,18,18,0,6,6,0,12,12,0
`16,`289,District - West Tripura,`55,`559,`0000,Other accommodation,44,16,28,18,8,10,26,8,18,6,0,6,0,0,0,6,0,6
`16,`289,District - West Tripura,`55,`559,`5590,Other accommodation,44,16,28,18,8,10,26,8,18,6,0,6,0,0,0,6,0,6
`16,`289,District - West Tripura,`56,`000,`0000,Food and beverage service activities,647,520,127,238,206,32,409,314,95,90,64,26,14,14,0,76,50,26
`16,`289,District - West Tripura,`56,`561,`0000,Restaurants and mobile food service activities,107,100,7,46,44,2,61,56,5,8,5,3,0,0,0,8,5,3
`16,`289,District - West Tripura,`56,`561,`5610,Restaurants and mobile food service activities,107,100,7,46,44,2,61,56,5,8,5,3,0,0,0,8,5,3
`16,`289,District - West Tripura,`56,`562,`0000,Event catering and other food service activities,115,48,67,26,0,26,89,48,41,18,11,7,0,0,0,18,11,7
`16,`289,District - West Tripura,`56,`562,`5621,Event catering,101,42,59,20,0,20,81,42,39,18,11,7,0,0,0,18,11,7
`16,`289,District - West Tripura,`56,`562,`5629,Other food service activities,14,6,8,6,0,6,8,6,2,0,0,0,0,0,0,0,0,0
`16,`289,District - West Tripura,`56,`563,`0000,Beverage serving activities,425,372,53,166,162,4,259,210,49,64,48,16,14,14,0,50,34,16
`16,`289,District - West Tripura,`56,`563,`5630,Beverage serving activities,425,372,53,166,162,4,259,210,49,64,48,16,14,14,0,50,34,16
`16,`289,District - West Tripura,`58,`000,`0000,Publishing activities,36,23,13,6,6,0,30,17,13,6,6,0,0,0,0,6,6,0
`16,`289,District - West Tripura,`58,`581,`0000,"Publishing of books, periodicals and other publishing activities",36,23,13,6,6,0,30,17,13,6,6,0,0,0,0,6,6,0
`16,`289,District - West Tripura,`58,`581,`5811,Book publishing,18,5,13,0,0,0,18,5,13,3,3,0,0,0,0,3,3,0
`16,`289,District - West Tripura,`58,`581,`5813,"Publishing of newspapers, journals and periodicals",18,18,0,6,6,0,12,12,0,3,3,0,0,0,0,3,3,0
`16,`289,District - West Tripura,`59,`000,`0000,"Motion picture, video and television programme production, sound recording",2,2,0,0,0,0,2,2,0,0,0,0,0,0,0,0,0,0
`16,`289,District - West Tripura,`59,`591,`0000,"Motion picture, video and television programme activities",2,2,0,0,0,0,2,2,0,0,0,0,0,0,0,0,0,0
`16,`289,District - West Tripura,`59,`591,`5911,"Motion picture, video and television programme production activities",2,2,0,0,0,0,2,2,0,0,0,0,0,0,0,0,0,0
`16,`289,District - West Tripura,`60,`000,`0000,Broadcasting and programming activities,31,29,2,6,6,0,25,23,2,0,0,0,0,0,0,0,0,0
`16,`289,District - West Tripura,`60,`601,`0000,Radio broadcasting,11,11,0,6,6,0,5,5,0,0,0,0,0,0,0,0,0,0
`16,`289,District - West Tripura,`60,`601,`6010,Radio broadcasting,11,11,0,6,6,0,5,5,0,0,0,0,0,0,0,0,0,0
`16,`289,District - West Tripura,`60,`602,`0000,Television programming and broadcasting activities,20,18,2,0,0,0,20,18,2,0,0,0,0,0,0,0,0,0
`16,`289,District - West Tripura,`60,`602,`6020,Television programming and broadcasting activities,20,18,2,0,0,0,20,18,2,0,0,0,0,0,0,0,0,0
`16,`289,District - West Tripura,`61,`000,`0000,Telecommunications,222,202,20,30,30,0,192,172,20,15,15,0,6,6,0,9,9,0
`16,`289,District - West Tripura,`61,`611,`0000,Wired telecommunications activities,94,89,5,24,24,0,70,65,5,0,0,0,0,0,0,0,0,0
`16,`289,District - West Tripura,`61,`611,`6110,Wired telecommunications activities,94,89,5,24,24,0,70,65,5,0,0,0,0,0,0,0,0,0
`16,`289,District - West Tripura,`61,`612,`0000,Wireless telecommunications activities,37,35,2,6,6,0,31,29,2,12,12,0,6,6,0,6,6,0
`16,`289,District - West Tripura,`61,`612,`6120,Wireless telecommunications activities,37,35,2,6,6,0,31,29,2,12,12,0,6,6,0,6,6,0
`16,`289,District - West Tripura,`61,`613,`0000,Satellite telecommunications activities,23,20,3,0,0,0,23,20,3,0,0,0,0,0,0,0,0,0
`16,`289,District - West Tripura,`61,`613,`6130,Satellite telecommunications activities,23,20,3,0,0,0,23,20,3,0,0,0,0,0,0,0,0,0
`16,`289,District - West Tripura,`61,`619,`0000,Other telecommunications activities,68,58,10,0,0,0,68,58,10,3,3,0,0,0,0,3,3,0
`16,`289,District - West Tripura,`61,`619,`6190,Other telecommunications activities,68,58,10,0,0,0,68,58,10,3,3,0,0,0,0,3,3,0
`16,`289,District - West Tripura,`62,`000,`0000,"Computer programming, consultancy and related activities",7,7,0,2,2,0,5,5,0,3,3,0,0,0,0,3,3,0
`16,`289,District - West Tripura,`62,`620,`0000,"Computer programming, consultancy and related activities",7,7,0,2,2,0,5,5,0,3,3,0,0,0,0,3,3,0
`16,`289,District - West Tripura,`62,`620,`6202,Computer consultancy and computer facilities management activities,4,4,0,2,2,0,2,2,0,0,0,0,0,0,0,0,0,0
`16,`289,District - West Tripura,`62,`620,`6209,Other information technology and computer service activities,3,3,0,0,0,0,3,3,0,3,3,0,0,0,0,3,3,0
`16,`289,District - West Tripura,`63,`000,`0000,Information service activities,6,6,0,0,0,0,6,6,0,0,0,0,0,0,0,0,0,0
`16,`289,District - West Tripura,`63,`639,`0000,Other information service activities,6,6,0,0,0,0,6,6,0,0,0,0,0,0,0,0,0,0
`16,`289,District - West Tripura,`63,`639,`6399,Other information service activities n.e.c.,6,6,0,0,0,0,6,6,0,0,0,0,0,0,0,0,0,0
`16,`289,District - West Tripura,`64,`000,`0000,"Financial service activities, except insurance and pension funding",366,312,54,74,72,2,292,240,52,19,11,8,0,0,0,19,11,8
`16,`289,District - West Tripura,`64,`641,`0000,Monetary intermediation,358,306,52,72,72,0,286,234,52,8,5,3,0,0,0,8,5,3
`16,`289,District - West Tripura,`64,`641,`6419,Other monetary intermediation,358,306,52,72,72,0,286,234,52,8,5,3,0,0,0,8,5,3
`16,`289,District - West Tripura,`64,`642,`0000,Activities of holding companies,8,6,2,2,0,2,6,6,0,11,6,5,0,0,0,11,6,5
`16,`289,District - West Tripura,`64,`642,`6420,Activities of holding companies,8,6,2,2,0,2,6,6,0,11,6,5,0,0,0,11,6,5
`16,`289,District - West Tripura,`65,`000,`0000,"Insurance, reinsurance and pension funding, except compulsory social",141,127,14,22,20,2,119,107,12,20,20,0,8,8,0,12,12,0
`16,`289,District - West Tripura,`65,`651,`0000,Insurance,141,127,14,22,20,2,119,107,12,20,20,0,8,8,0,12,12,0
`16,`289,District - West Tripura,`65,`651,`6511,Life insurance,112,98,14,22,20,2,90,78,12,20,20,0,8,8,0,12,12,0
`16,`289,District - West Tripura,`65,`651,`6512,Non-life insurance,29,29,0,0,0,0,29,29,0,0,0,0,0,0,0,0,0,0
`16,`289,District - West Tripura,`66,`000,`0000,Other financial activities,35,33,2,18,18,0,17,15,2,0,0,0,0,0,0,0,0,0
`16,`289,District - West Tripura,`66,`662,`0000,Activities auxiliary to insurance and pension funding,9,9,0,6,6,0,3,3,0,0,0,0,0,0,0,0,0,0
`16,`289,District - West Tripura,`66,`662,`6622,Activities of insurance agents and brokers,9,9,0,6,6,0,3,3,0,0,0,0,0,0,0,0,0,0
`16,`289,District - West Tripura,`66,`663,`0000,Fund management activities,26,24,2,12,12,0,14,12,2,0,0,0,0,0,0,0,0,0
`16,`289,District - West Tripura,`66,`663,`6630,Fund management activities,26,24,2,12,12,0,14,12,2,0,0,0,0,0,0,0,0,0
`16,`289,District - West Tripura,`69,`000,`0000,Legal and accounting activities,75,60,15,24,18,6,51,42,9,6,6,0,6,6,0,0,0,0
`16,`289,District - West Tripura,`69,`691,`0000,Legal activities,48,33,15,6,0,6,42,33,9,6,6,0,6,6,0,0,0,0
`16,`289,District - West Tripura,`69,`691,`6910,Legal activities,48,33,15,6,0,6,42,33,9,6,6,0,6,6,0,0,0,0
`16,`289,District - West Tripura,`69,`692,`0000,"Accounting, bookkeeping and auditing activities; tax consultancy",27,27,0,18,18,0,9,9,0,0,0,0,0,0,0,0,0,0
`16,`289,District - West Tripura,`69,`692,`6920,"Accounting, bookkeeping and auditing activities; tax consultancy",27,27,0,18,18,0,9,9,0,0,0,0,0,0,0,0,0,0
`16,`289,District - West Tripura,`72,`000,`0000,Scientific research and development,0,0,0,0,0,0,0,0,0,3,3,0,0,0,0,3,3,0
`16,`289,District - West Tripura,`72,`721,`0000,Research and experimental development on natural sciences and,0,0,0,0,0,0,0,0,0,3,3,0,0,0,0,3,3,0
`16,`289,District - West Tripura,`72,`721,`7210,Research and experimental development on natural sciences and,0,0,0,0,0,0,0,0,0,3,3,0,0,0,0,3,3,0
`16,`289,District - West Tripura,`74,`000,`0000,"Other professional, scientific and technical activities",74,74,0,14,14,0,60,60,0,15,15,0,6,6,0,9,9,0
`16,`289,District - West Tripura,`74,`741,`0000,Specialized design activities,30,30,0,2,2,0,28,28,0,12,12,0,6,6,0,6,6,0
`16,`289,District - West Tripura,`74,`741,`7410,Specialized design activities,30,30,0,2,2,0,28,28,0,12,12,0,6,6,0,6,6,0
`16,`289,District - West Tripura,`74,`742,`0000,Photographic activities,44,44,0,12,12,0,32,32,0,3,3,0,0,0,0,3,3,0
`16,`289,District - West Tripura,`74,`742,`7420,Photographic activities,44,44,0,12,12,0,32,32,0,3,3,0,0,0,0,3,3,0
`16,`289,District - West Tripura,`75,`000,`0000,Veterinary activities,177,146,31,102,90,12,75,56,19,2,0,2,0,0,0,2,0,2
`16,`289,District - West Tripura,`75,`750,`0000,Veterinary activities,177,146,31,102,90,12,75,56,19,2,0,2,0,0,0,2,0,2
`16,`289,District - West Tripura,`75,`750,`7500,Veterinary activities,177,146,31,102,90,12,75,56,19,2,0,2,0,0,0,2,0,2
`16,`289,District - West Tripura,`77,`000,`0000,Rental and leasing activities,220,217,3,32,32,0,188,185,3,45,45,0,12,12,0,33,33,0
`16,`289,District - West Tripura,`77,`771,`0000,Renting and leasing of motor vehicles,24,24,0,0,0,0,24,24,0,0,0,0,0,0,0,0,0,0
`16,`289,District - West Tripura,`77,`771,`7710,Renting and leasing of motor vehicles,24,24,0,0,0,0,24,24,0,0,0,0,0,0,0,0,0,0
`16,`289,District - West Tripura,`77,`772,`0000,Renting and leasing of personal and household goods,196,193,3,32,32,0,164,161,3,45,45,0,12,12,0,33,33,0
`16,`289,District - West Tripura,`77,`772,`7729,Renting and leasing of other personal and household goods n.e.c.,196,193,3,32,32,0,164,161,3,45,45,0,12,12,0,33,33,0
`16,`289,District - West Tripura,`80,`000,`0000,Security and investigation activities,48,46,2,14,12,2,34,34,0,4,4,0,0,0,0,4,4,0
`16,`289,District - West Tripura,`80,`801,`0000,Private security activities,34,32,2,8,6,2,26,26,0,4,4,0,0,0,0,4,4,0
`16,`289,District - West Tripura,`80,`801,`8010,Private security activities,34,32,2,8,6,2,26,26,0,4,4,0,0,0,0,4,4,0
`16,`289,District - West Tripura,`80,`802,`0000,Security systems service activities,14,14,0,6,6,0,8,8,0,0,0,0,0,0,0,0,0,0
`16,`289,District - West Tripura,`80,`802,`8020,Security systems service activities,14,14,0,6,6,0,8,8,0,0,0,0,0,0,0,0,0,0
`16,`289,District - West Tripura,`81,`000,`0000,Services to buildings and landscape activities,52,35,17,4,0,4,48,35,13,11,2,9,2,2,0,9,0,9
`16,`289,District - West Tripura,`81,`811,`0000,Combined facilities support activities,16,8,8,0,0,0,16,8,8,0,0,0,0,0,0,0,0,0
`16,`289,District - West Tripura,`81,`811,`8110,Combined facilities support activities,16,8,8,0,0,0,16,8,8,0,0,0,0,0,0,0,0,0
`16,`289,District - West Tripura,`81,`812,`0000,Cleaning activities,36,27,9,4,0,4,32,27,5,11,2,9,2,2,0,9,0,9
`16,`289,District - West Tripura,`81,`812,`8121,General cleaning of buildings,18,18,0,0,0,0,18,18,0,0,0,0,0,0,0,0,0,0
`16,`289,District - West Tripura,`81,`812,`8129,Other building and industrial cleaning activities,18,9,9,4,0,4,14,9,5,11,2,9,2,2,0,9,0,9
`16,`289,District - West Tripura,`82,`000,`0000,"Office administrative, office support and other business support activities",809,717,92,156,140,16,653,577,76,119,92,27,28,26,2,91,66,25
`16,`289,District - West Tripura,`82,`821,`0000,Office administrative and support activities,54,50,4,12,12,0,42,38,4,5,5,0,0,0,0,5,5,0
`16,`289,District - West Tripura,`82,`821,`8219,"Photocopying, document preparation and other specialized office",54,50,4,12,12,0,42,38,4,5,5,0,0,0,0,5,5,0
`16,`289,District - West Tripura,`82,`822,`0000,Activities of call centres,0,0,0,0,0,0,0,0,0,2,0,2,2,0,2,0,0,0
`16,`289,District - West Tripura,`82,`822,`8220,Activities of call centres,0,0,0,0,0,0,0,0,0,2,0,2,2,0,2,0,0,0
`16,`289,District - West Tripura,`82,`829,`0000,Business support service activities n.e.c.,755,667,88,144,128,16,611,539,72,112,87,25,26,26,0,86,61,25
`16,`289,District - West Tripura,`82,`829,`8291,Activities of collection agencies and credit bureaus,9,9,0,6,6,0,3,3,0,0,0,0,0,0,0,0,0,0
`16,`289,District - West Tripura,`82,`829,`8292,Packaging activities,11,9,2,6,6,0,5,3,2,0,0,0,0,0,0,0,0,0
`16,`289,District - West Tripura,`82,`829,`8299,Other business support service activities n.e.c.,735,649,86,132,116,16,603,533,70,112,87,25,26,26,0,86,61,25
`16,`289,District - West Tripura,`84,`000,`0000,Public administration and defence; compulsory social security,6378,5654,724,2394,2218,176,3984,3436,548,83,61,22,42,42,0,41,19,22
`16,`289,District - West Tripura,`84,`841,`0000,Administration of the State and the economic and social policy of the,3187,2583,604,842,708,134,2345,1875,470,57,37,20,18,18,0,39,19,20
`16,`289,District - West Tripura,`84,`841,`8411,General public administration activities,3181,2580,601,842,708,134,2339,1872,467,57,37,20,18,18,0,39,19,20
`16,`289,District - West Tripura,`84,`841,`8412,"Regulation of the activities of providing health care, education, cultural",3,3,0,0,0,0,3,3,0,0,0,0,0,0,0,0,0,0
`16,`289,District - West Tripura,`84,`841,`8413,Regulation of and contribution to more efficient operation of,3,0,3,0,0,0,3,0,3,0,0,0,0,0,0,0,0,0
`16,`289,District - West Tripura,`84,`842,`0000,Provision of services to the community as a whole,1616,1577,39,930,914,16,686,663,23,6,6,0,6,6,0,0,0,0
`16,`289,District - West Tripura,`84,`842,`8421,Foreign affairs,8,6,2,6,6,0,2,0,2,0,0,0,0,0,0,0,0,0
`16,`289,District - West Tripura,`84,`842,`8422,Defence activities,1306,1286,20,820,812,8,486,474,12,6,6,0,6,6,0,0,0,0
`16,`289,District - West Tripura,`84,`842,`8423,Public order and safety activities,302,285,17,104,96,8,198,189,9,0,0,0,0,0,0,0,0,0
`16,`289,District - West Tripura,`84,`843,`0000,Compulsory social security activities,1575,1494,81,622,596,26,953,898,55,20,18,2,18,18,0,2,0,2
`16,`289,District - West Tripura,`84,`843,`8430,Compulsory social security activities,1575,1494,81,622,596,26,953,898,55,20,18,2,18,18,0,2,0,2
`16,`289,District - West Tripura,`85,`000,`0000,Education,4571,3091,1480,2044,1426,618,2527,1665,862,588,332,256,316,182,134,272,150,122
`16,`289,District - West Tripura,`85,`851,`0000,Primary education,1649,1095,554,770,528,242,879,567,312,109,54,55,48,36,12,61,18,43
`16,`289,District - West Tripura,`85,`851,`8510,Primary education,1649,1095,554,770,528,242,879,567,312,109,54,55,48,36,12,61,18,43
`16,`289,District - West Tripura,`85,`852,`0000,Secondary education,1206,843,363,518,400,118,688,443,245,37,26,11,24,18,6,13,8,5
`16,`289,District - West Tripura,`85,`852,`8521,General secondary education,1191,831,360,506,388,118,685,443,242,37,26,11,24,18,6,13,8,5
`16,`289,District - West Tripura,`85,`852,`8522,Technical and vocational secondary education,15,12,3,12,12,0,3,0,3,0,0,0,0,0,0,0,0,0
`16,`289,District - West Tripura,`85,`853,`0000,Higher education,140,107,33,26,24,2,114,83,31,12,12,0,6,6,0,6,6,0
`16,`289,District - West Tripura,`85,`853,`8530,Higher education,140,107,33,26,24,2,114,83,31,12,12,0,6,6,0,6,6,0
`16,`289,District - West Tripura,`85,`854,`0000,Other education,1139,786,353,554,372,182,585,414,171,406,240,166,220,122,98,186,118,68
`16,`289,District - West Tripura,`85,`854,`8542,Cultural education,9,0,9,6,0,6,3,0,3,9,6,3,0,0,0,9,6,3
`16,`289,District - West Tripura,`85,`854,`8549,Other education n.e.c.,1130,786,344,548,372,176,582,414,168,397,234,163,220,122,98,177,112,65
`16,`289,District - West Tripura,`85,`855,`0000,Educational support services,437,260,177,176,102,74,261,158,103,24,0,24,18,0,18,6,0,6
`16,`289,District - West Tripura,`85,`855,`8550,Educational support services,437,260,177,176,102,74,261,158,103,24,0,24,18,0,18,6,0,6
`16,`289,District - West Tripura,`86,`000,`0000,Human health activities,1560,657,903,532,156,376,1028,501,527,76,13,63,16,4,12,60,9,51
`16,`289,District - West Tripura,`86,`861,`0000,Hospital activities,746,429,317,146,92,54,600,337,263,42,10,32,10,4,6,32,6,26
`16,`289,District - West Tripura,`86,`861,`8610,Hospital activities,746,429,317,146,92,54,600,337,263,42,10,32,10,4,6,32,6,26
`16,`289,District - West Tripura,`86,`862,`0000,Medical and dental practice activities,68,47,21,14,6,8,54,41,13,0,0,0,0,0,0,0,0,0
`16,`289,District - West Tripura,`86,`862,`8620,Medical and dental practice activities,68,47,21,14,6,8,54,41,13,0,0,0,0,0,0,0,0,0
`16,`289,District - West Tripura,`86,`869,`0000,Other human health activities,746,181,565,372,58,314,374,123,251,34,3,31,6,0,6,28,3,25
`16,`289,District - West Tripura,`86,`869,`8690,Other human health activities,746,181,565,372,58,314,374,123,251,34,3,31,6,0,6,28,3,25
`16,`289,District - West Tripura,`87,`000,`0000,Residential care activities,0,0,0,0,0,0,0,0,0,3,3,0,0,0,0,3,3,0
`16,`289,District - West Tripura,`87,`873,`0000,Residential care activities for the elderly and disabled,0,0,0,0,0,0,0,0,0,3,3,0,0,0,0,3,3,0
`16,`289,District - West Tripura,`87,`873,`8730,Residential care activities for the elderly and disabled,0,0,0,0,0,0,0,0,0,3,3,0,0,0,0,3,3,0
`16,`289,District - West Tripura,`88,`000,`0000,Social work activities without accommodation,330,51,279,220,30,190,110,21,89,33,13,20,18,6,12,15,7,8
`16,`289,District - West Tripura,`88,`881,`0000,Social work activities without accommodation for the elderly and disabled,28,6,22,14,6,8,14,0,14,4,0,4,4,0,4,0,0,0
`16,`289,District - West Tripura,`88,`881,`8810,Social work activities without accommodation for the elderly and,28,6,22,14,6,8,14,0,14,4,0,4,4,0,4,0,0,0
`16,`289,District - West Tripura,`88,`889,`0000,Other social work activities without accommodation n.e.c.,302,45,257,206,24,182,96,21,75,29,13,16,14,6,8,15,7,8
`16,`289,District - West Tripura,`88,`889,`8890,Other social work activities without accommodation n.e.c.,302,45,257,206,24,182,96,21,75,29,13,16,14,6,8,15,7,8
`16,`289,District - West Tripura,`90,`000,`0000,"Creative, arts and entertainment activities",298,290,8,74,74,0,224,216,8,70,70,0,28,28,0,42,42,0
`16,`289,District - West Tripura,`90,`900,`0000,"Creative, arts and entertainment activities",298,290,8,74,74,0,224,216,8,70,70,0,28,28,0,42,42,0
`16,`289,District - West Tripura,`90,`900,`9000,"Dramatic arts, music and other arts activities",298,290,8,74,74,0,224,216,8,70,70,0,28,28,0,42,42,0
`16,`289,District - West Tripura,`91,`000,`0000,"Libraries, archives, museums and other cultural activities",36,31,5,8,8,0,28,23,5,0,0,0,0,0,0,0,0,0
`16,`289,District - West Tripura,`91,`910,`0000,"Libraries, archives, museums and other cultural activities",36,31,5,8,8,0,28,23,5,0,0,0,0,0,0,0,0,0
`16,`289,District - West Tripura,`91,`910,`9101,Library and archives activities,13,8,5,8,8,0,5,0,5,0,0,0,0,0,0,0,0,0
`16,`289,District - West Tripura,`91,`910,`9102,Museums activities and operation of historical sites and buildings,23,23,0,0,0,0,23,23,0,0,0,0,0,0,0,0,0,0
`16,`289,District - West Tripura,`93,`000,`0000,Sports activities and amusement and recreation activities,137,132,5,62,62,0,75,70,5,48,48,0,14,14,0,34,34,0
`16,`289,District - West Tripura,`93,`931,`0000,Sports activities,12,12,0,6,6,0,6,6,0,0,0,0,0,0,0,0,0,0
`16,`289,District - West Tripura,`93,`931,`9311,Operation of sports facilities,3,3,0,0,0,0,3,3,0,0,0,0,0,0,0,0,0,0
`16,`289,District - West Tripura,`93,`931,`9312,Activities of sports clubs,6,6,0,6,6,0,0,0,0,0,0,0,0,0,0,0,0,0
`16,`289,District - West Tripura,`93,`931,`9319,Other sports activities,3,3,0,0,0,0,3,3,0,0,0,0,0,0,0,0,0,0
`16,`289,District - West Tripura,`93,`932,`0000,Other amusement and recreation activities,125,120,5,56,56,0,69,64,5,48,48,0,14,14,0,34,34,0
`16,`289,District - West Tripura,`93,`932,`9329,Other amusement and recreation activities n.e.c.,125,120,5,56,56,0,69,64,5,48,48,0,14,14,0,34,34,0
`16,`289,District - West Tripura,`94,`000,`0000,Activities of membership organizations,71,42,29,34,14,20,37,28,9,6,0,6,6,0,6,0,0,0
`16,`289,District - West Tripura,`94,`949,`0000,Activities of other membership organizations,71,42,29,34,14,20,37,28,9,6,0,6,6,0,6,0,0,0
`16,`289,District - West Tripura,`94,`949,`9491,Activities of religious organizations,31,22,9,10,8,2,21,14,7,0,0,0,0,0,0,0,0,0
`16,`289,District - West Tripura,`94,`949,`9492,Activities of political organizations,33,15,18,24,6,18,9,9,0,6,0,6,6,0,6,0,0,0
`16,`289,District - West Tripura,`94,`949,`9499,Activities of other membership organizations n.e.c.,7,5,2,0,0,0,7,5,2,0,0,0,0,0,0,0,0,0
`16,`289,District - West Tripura,`95,`000,`0000,Repair of computers and personal and household goods,509,509,0,166,166,0,343,343,0,46,44,2,14,14,0,32,30,2
`16,`289,District - West Tripura,`95,`951,`0000,Repair of computers and communication equipment,12,12,0,0,0,0,12,12,0,6,6,0,6,6,0,0,0,0
`16,`289,District - West Tripura,`95,`951,`9512,Repair of communication equipment,12,12,0,0,0,0,12,12,0,6,6,0,6,6,0,0,0,0
`16,`289,District - West Tripura,`95,`952,`0000,Repair of personal and household goods,497,497,0,166,166,0,331,331,0,40,38,2,8,8,0,32,30,2
`16,`289,District - West Tripura,`95,`952,`9521,Repair of consumer electronics,17,17,0,12,12,0,5,5,0,2,2,0,0,0,0,2,2,0
`16,`289,District - West Tripura,`95,`952,`9522,Repair of household appliances and home and garden equipment,29,29,0,6,6,0,23,23,0,3,3,0,0,0,0,3,3,0
`16,`289,District - West Tripura,`95,`952,`9523,Repair of footwear and leather goods,107,107,0,12,12,0,95,95,0,2,2,0,0,0,0,2,2,0
`16,`289,District - West Tripura,`95,`952,`9529,"Repair of personal and household goods, n.e.c.",344,344,0,136,136,0,208,208,0,33,31,2,8,8,0,25,23,2
`16,`289,District - West Tripura,`96,`000,`0000,Other personal service activities,956,865,91,192,176,16,764,689,75,87,59,28,30,24,6,57,35,22
`16,`289,District - West Tripura,`96,`960,`0000,Other personal service activities,956,865,91,192,176,16,764,689,75,87,59,28,30,24,6,57,35,22
`16,`289,District - West Tripura,`96,`960,`9601,Washing and (dry-) cleaning of textile and fur products,280,261,19,28,28,0,252,233,19,15,12,3,6,6,0,9,6,3
`16,`289,District - West Tripura,`96,`960,`9602,Hairdressing and other beauty treatment,157,133,24,44,38,6,113,95,18,30,15,15,12,6,6,18,9,9
`16,`289,District - West Tripura,`96,`960,`9609,Other personal service activities n.e.c.,519,471,48,120,110,10,399,361,38,42,32,10,12,12,0,30,20,10
`16,`289,District - West Tripura,`97,`000,`0000,Activities of households as employers of domestic personnel,1827,105,1722,166,30,136,1661,75,1586,333,21,312,58,4,54,275,17,258
`16,`289,District - West Tripura,`97,`970,`0000,Activities of households as employers of domestic personnel,1827,105,1722,166,30,136,1661,75,1586,333,21,312,58,4,54,275,17,258
`16,`289,District - West Tripura,`97,`970,`9700,Activities of households as employers of domestic personnel,1827,105,1722,166,30,136,1661,75,1586,333,21,312,58,4,54,275,17,258
`16,`289,District - West Tripura,`98,`000,`0000,Undifferentiated goods- and services-producing activities of private,6,0,6,0,0,0,6,0,6,0,0,0,0,0,0,0,0,0
`16,`289,District - West Tripura,`98,`981,`0000,Undifferentiated goods-producing activities of private households for own,3,0,3,0,0,0,3,0,3,0,0,0,0,0,0,0,0,0
`16,`289,District - West Tripura,`98,`981,`9810,Undifferentiated goods-producing activities of private households for own,3,0,3,0,0,0,3,0,3,0,0,0,0,0,0,0,0,0
`16,`289,District - West Tripura,`98,`982,`0000,Undifferentiated service-producing activities of private households for own,3,0,3,0,0,0,3,0,3,0,0,0,0,0,0,0,0,0
`16,`289,District - West Tripura,`98,`982,`9820,Undifferentiated service-producing activities of private households for own,3,0,3,0,0,0,3,0,3,0,0,0,0,0,0,0,0,0
`16,`289,District - West Tripura,`99,`000,`0000,Activities of extraterritorial organizations and bodies,1490,788,702,600,366,234,890,422,468,2568,782,1786,1394,416,978,1174,366,808
`16,`289,District - West Tripura,`99,`991,`0000,Blank,899,556,343,366,252,114,533,304,229,1550,588,962,730,302,428,820,286,534
`16,`289,District - West Tripura,`99,`991,`9910,Blank,899,556,343,366,252,114,533,304,229,1550,588,962,730,302,428,820,286,534
`16,`289,District - West Tripura,`99,`992,`0000,Incomplete description/ Wrongly Classifed,591,232,359,234,114,120,357,118,239,1018,194,824,664,114,550,354,80,274
`16,`289,District - West Tripura,`99,`992,`9920,Incomplete description/ Wrongly Classifed,591,232,359,234,114,120,357,118,239,1018,194,824,664,114,550,354,80,274
`16,`290,District - South Tripura,`00,`000,`0000,Total,22178,19088,3090,14426,12284,2142,7752,6804,948,9848,4180,5668,8164,3340,4824,1684,840,844
`16,`290,District - South Tripura,`01,`000,`0000,"Crop and animal production, hunting and related service activities",1084,870,214,814,652,162,270,218,52,486,170,316,400,120,280,86,50,36
`16,`290,District - South Tripura,`01,`011,`0000,Growing of non-perennial crops,112,106,6,60,58,2,52,48,4,62,42,20,32,18,14,30,24,6
`16,`290,District - South Tripura,`01,`011,`0112,Growing of rice,112,106,6,60,58,2,52,48,4,62,42,20,32,18,14,30,24,6
`16,`290,District - South Tripura,`01,`012,`0000,Growing of perennial crops,488,426,62,444,386,58,44,40,4,62,44,18,40,32,8,22,12,10
`16,`290,District - South Tripura,`01,`012,`0122,Growing of tropical and subtropical fruits,6,6,0,6,6,0,0,0,0,0,0,0,0,0,0,0,0,0
`16,`290,District - South Tripura,`01,`012,`0125,Growing of other tree and bush fruits and nuts,6,6,0,6,6,0,0,0,0,0,0,0,0,0,0,0,0,0
`16,`290,District - South Tripura,`01,`012,`0126,Growing of oleaginous fruits,6,6,0,6,6,0,0,0,0,0,0,0,0,0,0,0,0,0
`16,`290,District - South Tripura,`01,`012,`0127,Growing of beverage crops,122,70,52,120,68,52,2,2,0,10,6,4,2,0,2,8,6,2
`16,`290,District - South Tripura,`01,`012,`0129,Growing of other perennial crops,348,338,10,306,300,6,42,38,4,52,38,14,38,32,6,14,6,8
`16,`290,District - South Tripura,`01,`013,`0000,Plant propagation,12,12,0,12,12,0,0,0,0,2,0,2,2,0,2,0,0,0
`16,`290,District - South Tripura,`01,`013,`0130,Plant propagation,12,12,0,12,12,0,0,0,0,2,0,2,2,0,2,0,0,0
`16,`290,District - South Tripura,`01,`014,`0000,Animal production,190,76,114,148,56,92,42,20,22,326,50,276,300,44,256,26,6,20
`16,`290,District - South Tripura,`01,`014,`0141,Raising of cattle and buffaloes,118,42,76,94,30,64,24,12,12,196,12,184,178,12,166,18,0,18
`16,`290,District - South Tripura,`01,`014,`0144,Raising of sheep and goats,2,0,2,0,0,0,2,0,2,8,6,2,8,6,2,0,0,0
`16,`290,District - South Tripura,`01,`014,`0145,Raising of swine/pigs,0,0,0,0,0,0,0,0,0,8,2,6,8,2,6,0,0,0
`16,`290,District - South Tripura,`01,`014,`0146,Raising of poultry,52,34,18,42,26,16,10,8,2,86,18,68,86,18,68,0,0,0
`16,`290,District - South Tripura,`01,`014,`0149,Raising of other animals,18,0,18,12,0,12,6,0,6,28,12,16,20,6,14,8,6,2
`16,`290,District - South Tripura,`01,`015,`0000,Mixed farming,32,30,2,32,30,2,0,0,0,28,28,0,20,20,0,8,8,0
`16,`290,District - South Tripura,`01,`015,`0150,Mixed farming,32,30,2,32,30,2,0,0,0,28,28,0,20,20,0,8,8,0
`16,`290,District - South Tripura,`01,`016,`0000,Support activities to agriculture and post-harvest crop activities,250,220,30,118,110,8,132,110,22,6,6,0,6,6,0,0,0,0
`16,`290,District - South Tripura,`01,`016,`0161,Support activities for crop production,170,150,20,82,74,8,88,76,12,6,6,0,6,6,0,0,0,0
`16,`290,District - South Tripura,`01,`016,`0163,Post-harvest crop activities,80,70,10,36,36,0,44,34,10,0,0,0,0,0,0,0,0,0
`16,`290,District - South Tripura,`02,`000,`0000,Forestry and logging,292,278,14,218,212,6,74,66,8,56,52,4,44,40,4,12,12,0
`16,`290,District - South Tripura,`02,`021,`0000,Silviculture and other forestry activities,6,6,0,6,6,0,0,0,0,0,0,0,0,0,0,0,0,0
`16,`290,District - South Tripura,`02,`021,`0210,Silviculture and other forestry activities,6,6,0,6,6,0,0,0,0,0,0,0,0,0,0,0,0,0
`16,`290,District - South Tripura,`02,`022,`0000,Logging,192,188,4,168,164,4,24,24,0,56,52,4,44,40,4,12,12,0
`16,`290,District - South Tripura,`02,`022,`0220,Logging,192,188,4,168,164,4,24,24,0,56,52,4,44,40,4,12,12,0
`16,`290,District - South Tripura,`02,`024,`0000,Support services to forestry,94,84,10,44,42,2,50,42,8,0,0,0,0,0,0,0,0,0
`16,`290,District - South Tripura,`02,`024,`0240,Support services to forestry,94,84,10,44,42,2,50,42,8,0,0,0,0,0,0,0,0,0
`16,`290,District - South Tripura,`03,`000,`0000,Fishing and aquaculture,554,546,8,396,394,2,158,152,6,90,90,0,72,72,0,18,18,0
`16,`290,District - South Tripura,`03,`031,`0000,Fishing,506,504,2,360,358,2,146,146,0,90,90,0,72,72,0,18,18,0
`16,`290,District - South Tripura,`03,`031,`0311,Marine fishing,110,110,0,58,58,0,52,52,0,24,24,0,24,24,0,0,0,0
`16,`290,District - South Tripura,`03,`031,`0312,Freash water fishing,396,394,2,302,300,2,94,94,0,66,66,0,48,48,0,18,18,0
`16,`290,District - South Tripura,`03,`032,`0000,Aquaculture,48,42,6,36,36,0,12,6,6,0,0,0,0,0,0,0,0,0
`16,`290,District - South Tripura,`03,`032,`0321,Marine aquaculture,12,12,0,6,6,0,6,6,0,0,0,0,0,0,0,0,0,0
`16,`290,District - South Tripura,`03,`032,`0322,Freshwater aquaculture,36,30,6,30,30,0,6,0,6,0,0,0,0,0,0,0,0,0
`16,`290,District - South Tripura,`06,`000,`0000,Extraction of crude petroleum and natural gas,0,0,0,0,0,0,0,0,0,4,4,0,4,4,0,0,0,0
`16,`290,District - South Tripura,`06,`061,`0000,Extraction of crude petroleum,0,0,0,0,0,0,0,0,0,4,4,0,4,4,0,0,0,0
`16,`290,District - South Tripura,`06,`061,`0610,Extraction of crude petroleum,0,0,0,0,0,0,0,0,0,4,4,0,4,4,0,0,0,0
`16,`290,District - South Tripura,`08,`000,`0000,Other mining and quarrying,24,24,0,18,18,0,6,6,0,6,6,0,6,6,0,0,0,0
`16,`290,District - South Tripura,`08,`081,`0000,"Quarrying of stone, sand and clay",12,12,0,6,6,0,6,6,0,0,0,0,0,0,0,0,0,0
`16,`290,District - South Tripura,`08,`081,`0810,"Quarrying of stone, sand and clay",12,12,0,6,6,0,6,6,0,0,0,0,0,0,0,0,0,0
`16,`290,District - South Tripura,`08,`089,`0000,Mining and quarrying n.e.c.,12,12,0,12,12,0,0,0,0,6,6,0,6,6,0,0,0,0
`16,`290,District - South Tripura,`08,`089,`0892,Extraction and agglomeration of peat,6,6,0,6,6,0,0,0,0,0,0,0,0,0,0,0,0,0
`16,`290,District - South Tripura,`08,`089,`0899,Other mining and quarrying n.e.c.,6,6,0,6,6,0,0,0,0,6,6,0,6,6,0,0,0,0
`16,`290,District - South Tripura,`09,`000,`0000,Mining support service activities,18,18,0,12,12,0,6,6,0,0,0,0,0,0,0,0,0,0
`16,`290,District - South Tripura,`09,`091,`0000,Support activities for petroleum and natural gas mining,18,18,0,12,12,0,6,6,0,0,0,0,0,0,0,0,0,0
`16,`290,District - South Tripura,`09,`091,`0910,Support activities for petroleum and natural gas mining,18,18,0,12,12,0,6,6,0,0,0,0,0,0,0,0,0,0
`16,`290,District - South Tripura,`10,`000,`0000,Manufacture of food products,168,160,8,124,116,8,44,44,0,118,24,94,88,18,70,30,6,24
`16,`290,District - South Tripura,`10,`101,`0000,Processing and preserving of meat,0,0,0,0,0,0,0,0,0,20,6,14,20,6,14,0,0,0
`16,`290,District - South Tripura,`10,`101,`1010,Processing and preserving of meat,0,0,0,0,0,0,0,0,0,20,6,14,20,6,14,0,0,0
`16,`290,District - South Tripura,`10,`103,`0000,Processing and preserving of fruit and vegetables,6,6,0,6,6,0,0,0,0,0,0,0,0,0,0,0,0,0
`16,`290,District - South Tripura,`10,`103,`1030,Processing and preserving of fruit and vegetables,6,6,0,6,6,0,0,0,0,0,0,0,0,0,0,0,0,0
`16,`290,District - South Tripura,`10,`105,`0000,Manufacture of dairy products,12,12,0,12,12,0,0,0,0,54,0,54,36,0,36,18,0,18
`16,`290,District - South Tripura,`10,`105,`1050,Manufacture of dairy products,12,12,0,12,12,0,0,0,0,54,0,54,36,0,36,18,0,18
`16,`290,District - South Tripura,`10,`106,`0000,"Manufacture of grain mill products, starches and starch products",60,60,0,48,48,0,12,12,0,24,12,12,18,6,12,6,6,0
`16,`290,District - South Tripura,`10,`106,`1061,Manufacture of grain mill products,60,60,0,48,48,0,12,12,0,24,12,12,18,6,12,6,6,0
`16,`290,District - South Tripura,`10,`107,`0000,Manufacture of other food products,90,82,8,58,50,8,32,32,0,20,6,14,14,6,8,6,0,6
`16,`290,District - South Tripura,`10,`107,`1071,Manufacture of bakery products,40,38,2,26,24,2,14,14,0,0,0,0,0,0,0,0,0,0
`16,`290,District - South Tripura,`10,`107,`1073,"Manufacture of cocoa, chocolate and sugar confectionery",38,38,0,20,20,0,18,18,0,0,0,0,0,0,0,0,0,0
`16,`290,District - South Tripura,`10,`107,`1075,Manufacture of prepared meals and dishes,12,6,6,12,6,6,0,0,0,6,0,6,0,0,0,6,0,6
`16,`290,District - South Tripura,`10,`107,`1079,Manufacture of other food products n.e.c.,0,0,0,0,0,0,0,0,0,14,6,8,14,6,8,0,0,0
`16,`290,District - South Tripura,`11,`000,`0000,Manufacture of beverages,6,6,0,6,6,0,0,0,0,0,0,0,0,0,0,0,0,0
`16,`290,District - South Tripura,`11,`110,`0000,Manufacture of beverages,6,6,0,6,6,0,0,0,0,0,0,0,0,0,0,0,0,0
`16,`290,District - South Tripura,`11,`110,`1104,Manufacture of soft drinks; production of mineral waters and other,6,6,0,6,6,0,0,0,0,0,0,0,0,0,0,0,0,0
`16,`290,District - South Tripura,`12,`000,`0000,Manufacture of tobacco products,36,18,18,22,6,16,14,12,2,18,0,18,18,0,18,0,0,0
`16,`290,District - South Tripura,`12,`120,`0000,Manufacture of tobacco products,36,18,18,22,6,16,14,12,2,18,0,18,18,0,18,0,0,0
`16,`290,District - South Tripura,`12,`120,`1200,Manufacture of tobacco products,36,18,18,22,6,16,14,12,2,18,0,18,18,0,18,0,0,0
`16,`290,District - South Tripura,`13,`000,`0000,Manufacture of textiles,114,94,20,96,76,20,18,18,0,90,54,36,70,44,26,20,10,10
`16,`290,District - South Tripura,`13,`131,`0000,"Spinning, weaving and finishing of textiles",96,76,20,84,64,20,12,12,0,90,54,36,70,44,26,20,10,10
`16,`290,District - South Tripura,`13,`131,`1311,Preparation and spinning of textile fibres,90,70,20,78,58,20,12,12,0,90,54,36,70,44,26,20,10,10
`16,`290,District - South Tripura,`13,`131,`1312,Weaving of textiles,6,6,0,6,6,0,0,0,0,0,0,0,0,0,0,0,0,0
`16,`290,District - South Tripura,`13,`139,`0000,Manufacture of other textiles,18,18,0,12,12,0,6,6,0,0,0,0,0,0,0,0,0,0
`16,`290,District - South Tripura,`13,`139,`1392,"Manufacture of made-up textile articles, except apparel",18,18,0,12,12,0,6,6,0,0,0,0,0,0,0,0,0,0
`16,`290,District - South Tripura,`14,`000,`0000,Manufacture of wearing apparel,214,184,30,164,146,18,50,38,12,16,10,6,8,4,4,8,6,2
`16,`290,District - South Tripura,`14,`141,`0000,"Manufacture of wearing apparel, except fur apparel",214,184,30,164,146,18,50,38,12,16,10,6,8,4,4,8,6,2
`16,`290,District - South Tripura,`14,`141,`1410,"Manufacture of wearing apparel, except fur apparel",214,184,30,164,146,18,50,38,12,16,10,6,8,4,4,8,6,2
`16,`290,District - South Tripura,`15,`000,`0000,Manufacture of leather and related products,42,38,4,6,2,4,36,36,0,0,0,0,0,0,0,0,0,0
`16,`290,District - South Tripura,`15,`151,`0000,"Tanning and dressing of leather; manufacture of luggage, handbags, saddlery",18,18,0,0,0,0,18,18,0,0,0,0,0,0,0,0,0,0
`16,`290,District - South Tripura,`15,`151,`1511,Tanning and dressing of leather; dressing and dyeing of fur,6,6,0,0,0,0,6,6,0,0,0,0,0,0,0,0,0,0
`16,`290,District - South Tripura,`15,`151,`1512,"Manufacture of luggage, handbags and the like, saddlery and harness",12,12,0,0,0,0,12,12,0,0,0,0,0,0,0,0,0,0
`16,`290,District - South Tripura,`15,`152,`0000,Manufacture of footwear,24,20,4,6,2,4,18,18,0,0,0,0,0,0,0,0,0,0
`16,`290,District - South Tripura,`15,`152,`1520,Manufacture of footwear,24,20,4,6,2,4,18,18,0,0,0,0,0,0,0,0,0,0
`16,`290,District - South Tripura,`16,`000,`0000,"Manufacture of wood and products of wood and cork, except furniture;",528,462,66,426,364,62,102,98,4,136,64,72,118,46,72,18,18,0
`16,`290,District - South Tripura,`16,`161,`0000,Sawmilling and planing of wood,48,48,0,48,48,0,0,0,0,6,6,0,6,6,0,0,0,0
`16,`290,District - South Tripura,`16,`161,`1610,Saw milling and planing of wood,48,48,0,48,48,0,0,0,0,6,6,0,6,6,0,0,0,0
`16,`290,District - South Tripura,`16,`162,`0000,"Manufacture of products of wood, cork, straw and plaiting materials",480,414,66,378,316,62,102,98,4,130,58,72,112,40,72,18,18,0
`16,`290,District - South Tripura,`16,`162,`1621,"Manufacture of veneer sheets; manufacture of plywood, laminboard,",54,54,0,42,42,0,12,12,0,0,0,0,0,0,0,0,0,0
`16,`290,District - South Tripura,`16,`162,`1623,Manufacture of wooden containers,50,42,8,48,42,6,2,0,2,20,12,8,20,12,8,0,0,0
`16,`290,District - South Tripura,`16,`162,`1629,"Manufacture of other products of wood; manufacture of articles of cork,",376,318,58,288,232,56,88,86,2,110,46,64,92,28,64,18,18,0
`16,`290,District - South Tripura,`18,`000,`0000,Printing and reproduction of recorded media,12,12,0,0,0,0,12,12,0,0,0,0,0,0,0,0,0,0
`16,`290,District - South Tripura,`18,`181,`0000,Printing and service activities related to printing,12,12,0,0,0,0,12,12,0,0,0,0,0,0,0,0,0,0
`16,`290,District - South Tripura,`18,`181,`1811,Printing,6,6,0,0,0,0,6,6,0,0,0,0,0,0,0,0,0,0
`16,`290,District - South Tripura,`18,`181,`1812,Service activities related to printing,6,6,0,0,0,0,6,6,0,0,0,0,0,0,0,0,0,0
`16,`290,District - South Tripura,`19,`000,`0000,Manufacture of coke and refined petroleum products,12,12,0,0,0,0,12,12,0,0,0,0,0,0,0,0,0,0
`16,`290,District - South Tripura,`19,`192,`0000,Manufacture of refined petroleum products,12,12,0,0,0,0,12,12,0,0,0,0,0,0,0,0,0,0
`16,`290,District - South Tripura,`19,`192,`1920,Manufacture of refined petroleum products,12,12,0,0,0,0,12,12,0,0,0,0,0,0,0,0,0,0
`16,`290,District - South Tripura,`20,`000,`0000,Manufacture of chemicals and chemical products,42,12,30,36,6,30,6,6,0,80,0,80,72,0,72,8,0,8
`16,`290,District - South Tripura,`20,`202,`0000,Manufacture of other chemical products,42,12,30,36,6,30,6,6,0,80,0,80,72,0,72,8,0,8
`16,`290,District - South Tripura,`20,`202,`2023,"Manufacture of soap and detergents, cleaning and polishing preparations,",42,12,30,36,6,30,6,6,0,80,0,80,72,0,72,8,0,8
`16,`290,District - South Tripura,`22,`000,`0000,Manufacture of rubber and plastics products,6,6,0,6,6,0,0,0,0,0,0,0,0,0,0,0,0,0
`16,`290,District - South Tripura,`22,`221,`0000,Manufacture of rubber products,6,6,0,6,6,0,0,0,0,0,0,0,0,0,0,0,0,0
`16,`290,District - South Tripura,`22,`221,`2211,Manufacture of rubber tyres and tubes; retreading and rebuilding of,6,6,0,6,6,0,0,0,0,0,0,0,0,0,0,0,0,0
`16,`290,District - South Tripura,`23,`000,`0000,Manufacture of other non-metallic mineral products,490,328,162,458,312,146,32,16,16,108,40,68,106,40,66,2,0,2
`16,`290,District - South Tripura,`23,`239,`0000,Manufacture of non-metallic mineral products n.e.c.,490,328,162,458,312,146,32,16,16,108,40,68,106,40,66,2,0,2
`16,`290,District - South Tripura,`23,`239,`2392,Manufacture of clay building materials,480,318,162,448,302,146,32,16,16,92,34,58,90,34,56,2,0,2
`16,`290,District - South Tripura,`23,`239,`2393,Manufacture of other porcelain and ceramic products,8,8,0,8,8,0,0,0,0,14,6,8,14,6,8,0,0,0
`16,`290,District - South Tripura,`23,`239,`2394,"Manufacture of cement, lime and plaster",2,2,0,2,2,0,0,0,0,2,0,2,2,0,2,0,0,0
`16,`290,District - South Tripura,`24,`000,`0000,Manufacture of basic metals,6,6,0,6,6,0,0,0,0,6,6,0,0,0,0,6,6,0
`16,`290,District - South Tripura,`24,`241,`0000,Manufacture of basic iron and steel,6,6,0,6,6,0,0,0,0,6,6,0,0,0,0,6,6,0
`16,`290,District - South Tripura,`24,`241,`2410,Manufacture of basic iron and steel,6,6,0,6,6,0,0,0,0,6,6,0,0,0,0,6,6,0
`16,`290,District - South Tripura,`25,`000,`0000,"Manufacture of fabricated metal products, except machinery and equipment",36,36,0,12,12,0,24,24,0,6,6,0,6,6,0,0,0,0
`16,`290,District - South Tripura,`25,`251,`0000,"Manufacture of structural metal products, tanks, reservoirs and steam",12,12,0,0,0,0,12,12,0,6,6,0,6,6,0,0,0,0
`16,`290,District - South Tripura,`25,`251,`2511,Manufacture of structural metal products,12,12,0,0,0,0,12,12,0,6,6,0,6,6,0,0,0,0
`16,`290,District - South Tripura,`25,`259,`0000,Manufacture of other fabricated metal products; metalworking service,24,24,0,12,12,0,12,12,0,0,0,0,0,0,0,0,0,0
`16,`290,District - South Tripura,`25,`259,`2593,"Manufacture of cutlery, hand tools and general hardware",18,18,0,6,6,0,12,12,0,0,0,0,0,0,0,0,0,0
`16,`290,District - South Tripura,`25,`259,`2599,Manufacture of other fabricated metal products n.e.c.,6,6,0,6,6,0,0,0,0,0,0,0,0,0,0,0,0,0
`16,`290,District - South Tripura,`26,`000,`0000,"Manufacture of computer, electronic and optical products",0,0,0,0,0,0,0,0,0,6,6,0,0,0,0,6,6,0
`16,`290,District - South Tripura,`26,`264,`0000,Manufacture of consumer electronics,0,0,0,0,0,0,0,0,0,6,6,0,0,0,0,6,6,0
`16,`290,District - South Tripura,`26,`264,`2640,Manufacture of consumer electronics,0,0,0,0,0,0,0,0,0,6,6,0,0,0,0,6,6,0
`16,`290,District - South Tripura,`28,`000,`0000,Manufacture of machinery and equipment n.e.c.,6,6,0,6,6,0,0,0,0,0,0,0,0,0,0,0,0,0
`16,`290,District - South Tripura,`28,`282,`0000,Manufacture of special-purpose machinery,6,6,0,6,6,0,0,0,0,0,0,0,0,0,0,0,0,0
`16,`290,District - South Tripura,`28,`282,`2825,"Manufacture of machinery for food, beverage and tobacco processing",6,6,0,6,6,0,0,0,0,0,0,0,0,0,0,0,0,0
`16,`290,District - South Tripura,`29,`000,`0000,"Manufacture of motor vehicles, trailers and semi-trailers",6,6,0,6,6,0,0,0,0,0,0,0,0,0,0,0,0,0
`16,`290,District - South Tripura,`29,`293,`0000,Manufacture of parts and accessories for motor vehicles,6,6,0,6,6,0,0,0,0,0,0,0,0,0,0,0,0,0
`16,`290,District - South Tripura,`29,`293,`2930,Manufacture of parts and accessories for motor vehicles,6,6,0,6,6,0,0,0,0,0,0,0,0,0,0,0,0,0
`16,`290,District - South Tripura,`30,`000,`0000,Manufacture of other transport equipment,6,6,0,6,6,0,0,0,0,0,0,0,0,0,0,0,0,0
`16,`290,District - South Tripura,`30,`309,`0000,Manufacture of transport equipment n.e.c.,6,6,0,6,6,0,0,0,0,0,0,0,0,0,0,0,0,0
`16,`290,District - South Tripura,`30,`309,`3099,Manufacture of other transport equipment n.e.c.,6,6,0,6,6,0,0,0,0,0,0,0,0,0,0,0,0,0
`16,`290,District - South Tripura,`31,`000,`0000,Manufacture of furniture,644,624,20,412,398,14,232,226,6,98,96,2,70,68,2,28,28,0
`16,`290,District - South Tripura,`31,`310,`0000,Manufacture of furniture,644,624,20,412,398,14,232,226,6,98,96,2,70,68,2,28,28,0
`16,`290,District - South Tripura,`31,`310,`3100,Manufacture of furniture,644,624,20,412,398,14,232,226,6,98,96,2,70,68,2,28,28,0
`16,`290,District - South Tripura,`32,`000,`0000,Other manufacturing,112,108,4,70,66,4,42,42,0,12,0,12,6,0,6,6,0,6
`16,`290,District - South Tripura,`32,`321,`0000,"Manufacture of jewellery, bijouterie and related articles",68,68,0,42,42,0,26,26,0,0,0,0,0,0,0,0,0,0
`16,`290,District - South Tripura,`32,`321,`3211,Manufacture of jewellery and related articles,68,68,0,42,42,0,26,26,0,0,0,0,0,0,0,0,0,0
`16,`290,District - South Tripura,`32,`329,`0000,Other manufacturing n.e.c.,44,40,4,28,24,4,16,16,0,12,0,12,6,0,6,6,0,6
`16,`290,District - South Tripura,`32,`329,`3290,Other manufacturing n.e.c.,44,40,4,28,24,4,16,16,0,12,0,12,6,0,6,6,0,6
`16,`290,District - South Tripura,`33,`000,`0000,Repair and installation of machinery and equipment,32,32,0,20,20,0,12,12,0,0,0,0,0,0,0,0,0,0
`16,`290,District - South Tripura,`33,`331,`0000,"Repair of fabricated metal products, machinery and equipment",32,32,0,20,20,0,12,12,0,0,0,0,0,0,0,0,0,0
`16,`290,District - South Tripura,`33,`331,`3313,Repair of electronic and optical equipment,6,6,0,6,6,0,0,0,0,0,0,0,0,0,0,0,0,0
`16,`290,District - South Tripura,`33,`331,`3314,Repair of electrical equipment,14,14,0,2,2,0,12,12,0,0,0,0,0,0,0,0,0,0
`16,`290,District - South Tripura,`33,`331,`3315,"Repair of transport equipment, except motor vehicles",12,12,0,12,12,0,0,0,0,0,0,0,0,0,0,0,0,0
`16,`290,District - South Tripura,`35,`000,`0000,"Electricity, gas, steam and air conditioning supply",196,170,26,60,58,2,136,112,24,6,6,0,0,0,0,6,6,0
`16,`290,District - South Tripura,`35,`351,`0000,"Electric power generation, transmission and distribution",188,164,24,60,58,2,128,106,22,6,6,0,0,0,0,6,6,0
`16,`290,District - South Tripura,`35,`351,`3510,"Electric power generation, transmission and distribution",188,164,24,60,58,2,128,106,22,6,6,0,0,0,0,6,6,0
`16,`290,District - South Tripura,`35,`352,`0000,Manufacture of gas; distribution of gaseous fuels through mains,6,6,0,0,0,0,6,6,0,0,0,0,0,0,0,0,0,0
`16,`290,District - South Tripura,`35,`352,`3520,Manufacture of gas; distribution of gaseous fuels through mains,6,6,0,0,0,0,6,6,0,0,0,0,0,0,0,0,0,0
`16,`290,District - South Tripura,`35,`353,`0000,Steam and air conditioning supply,2,0,2,0,0,0,2,0,2,0,0,0,0,0,0,0,0,0
`16,`290,District - South Tripura,`35,`353,`3530,Steam and air conditioning supply,2,0,2,0,0,0,2,0,2,0,0,0,0,0,0,0,0,0
`16,`290,District - South Tripura,`36,`000,`0000,"Water collection, treatment and supply",160,156,4,120,118,2,40,38,2,10,10,0,10,10,0,0,0,0
`16,`290,District - South Tripura,`36,`360,`0000,"Water collection, treatment and supply",160,156,4,120,118,2,40,38,2,10,10,0,10,10,0,0,0,0
`16,`290,District - South Tripura,`36,`360,`3600,"Water collection, treatment and supply",160,156,4,120,118,2,40,38,2,10,10,0,10,10,0,0,0,0
`16,`290,District - South Tripura,`38,`000,`0000,"Waste collection, treatment and disposal activities; materials recovery",6,6,0,6,6,0,0,0,0,0,0,0,0,0,0,0,0,0
`16,`290,District - South Tripura,`38,`381,`0000,Waste collection,6,6,0,6,6,0,0,0,0,0,0,0,0,0,0,0,0,0
`16,`290,District - South Tripura,`38,`381,`3812,Collection of hazardous waste,6,6,0,6,6,0,0,0,0,0,0,0,0,0,0,0,0,0
`16,`290,District - South Tripura,`41,`000,`0000,Construction of buildings,2296,2182,114,1602,1536,66,694,646,48,580,442,138,436,360,76,144,82,62
`16,`290,District - South Tripura,`41,`410,`0000,Construction of buildings,2296,2182,114,1602,1536,66,694,646,48,580,442,138,436,360,76,144,82,62
`16,`290,District - South Tripura,`41,`410,`4100,Construction of buildings,2296,2182,114,1602,1536,66,694,646,48,580,442,138,436,360,76,144,82,62
`16,`290,District - South Tripura,`42,`000,`0000,Civil engineering,1284,990,294,908,712,196,376,278,98,5204,1532,3672,4686,1394,3292,518,138,380
`16,`290,District - South Tripura,`42,`421,`0000,Construction of roads and railways,964,728,236,666,514,152,298,214,84,4734,1316,3418,4296,1230,3066,438,86,352
`16,`290,District - South Tripura,`42,`421,`4210,Construction roads and railways,964,728,236,666,514,152,298,214,84,4734,1316,3418,4296,1230,3066,438,86,352
`16,`290,District - South Tripura,`42,`422,`0000,Construction of utility projects,6,6,0,6,6,0,0,0,0,80,72,8,80,72,8,0,0,0
`16,`290,District - South Tripura,`42,`422,`4220,Construction of utility projects,6,6,0,6,6,0,0,0,0,80,72,8,80,72,8,0,0,0
`16,`290,District - South Tripura,`42,`429,`0000,Construction of other civil engineering projects,314,256,58,236,192,44,78,64,14,390,144,246,310,92,218,80,52,28
`16,`290,District - South Tripura,`42,`429,`4290,Construction of other civil engineering projects,314,256,58,236,192,44,78,64,14,390,144,246,310,92,218,80,52,28
`16,`290,District - South Tripura,`43,`000,`0000,Specialized construction activities,1058,960,98,586,530,56,472,430,42,856,362,494,686,268,418,170,94,76
`16,`290,District - South Tripura,`43,`431,`0000,Demolition and site preparation,60,52,8,48,42,6,12,10,2,510,144,366,476,132,344,34,12,22
`16,`290,District - South Tripura,`43,`431,`4312,Site preparation,60,52,8,48,42,6,12,10,2,510,144,366,476,132,344,34,12,22
`16,`290,District - South Tripura,`43,`432,`0000,"Electrical, plumbing and other construction installation activities",682,592,90,368,318,50,314,274,40,268,148,120,174,106,68,94,42,52
`16,`290,District - South Tripura,`43,`432,`4321,Electrical installation,22,18,4,8,6,2,14,12,2,0,0,0,0,0,0,0,0,0
`16,`290,District - South Tripura,`43,`432,`4322,"Plumbing, heat and air-conditioning installation",32,32,0,32,32,0,0,0,0,6,6,0,6,6,0,0,0,0
`16,`290,District - South Tripura,`43,`432,`4329,Other construction installation,628,542,86,328,280,48,300,262,38,262,142,120,168,100,68,94,42,52
`16,`290,District - South Tripura,`43,`433,`0000,Building completion and finishing,316,316,0,170,170,0,146,146,0,78,70,8,36,30,6,42,40,2
`16,`290,District - South Tripura,`43,`433,`4330,Building completion and finishing,316,316,0,170,170,0,146,146,0,78,70,8,36,30,6,42,40,2
`16,`290,District - South Tripura,`45,`000,`0000,Wholesale and retail trade and repair of motor vehicles and motorcycles,156,156,0,54,54,0,102,102,0,18,18,0,12,12,0,6,6,0
`16,`290,District - South Tripura,`45,`452,`0000,Maintenance and repair of motor vehicles,114,114,0,42,42,0,72,72,0,18,18,0,12,12,0,6,6,0
`16,`290,District - South Tripura,`45,`452,`4520,Maintenance and repair of motor vehicles,114,114,0,42,42,0,72,72,0,18,18,0,12,12,0,6,6,0
`16,`290,District - South Tripura,`45,`453,`0000,Sale of motor vehicle parts and accessories,24,24,0,6,6,0,18,18,0,0,0,0,0,0,0,0,0,0
`16,`290,District - South Tripura,`45,`453,`4530,Sale of motor vehicle parts and accessories,24,24,0,6,6,0,18,18,0,0,0,0,0,0,0,0,0,0
`16,`290,District - South Tripura,`45,`454,`0000,"Sale, maintenance and repair of motorcycles and related parts and",18,18,0,6,6,0,12,12,0,0,0,0,0,0,0,0,0,0
`16,`290,District - South Tripura,`45,`454,`4540,"Sale, maintenance and repair of motorcycles and related parts and",18,18,0,6,6,0,12,12,0,0,0,0,0,0,0,0,0,0
`16,`290,District - South Tripura,`46,`000,`0000,"Wholesale trade, except of motor vehicles and motorcycles",124,116,8,68,66,2,56,50,6,12,12,0,6,6,0,6,6,0
`16,`290,District - South Tripura,`46,`461,`0000,Wholesale on a fee or contract basis,6,0,6,0,0,0,6,0,6,0,0,0,0,0,0,0,0,0
`16,`290,District - South Tripura,`46,`461,`4610,Wholesale on a fee or contract basis,6,0,6,0,0,0,6,0,6,0,0,0,0,0,0,0,0,0
`16,`290,District - South Tripura,`46,`462,`0000,Wholesale of agricultural raw materials and live animals,44,42,2,38,36,2,6,6,0,6,6,0,6,6,0,0,0,0
`16,`290,District - South Tripura,`46,`462,`4620,Wholesale of agricultural raw materials and live animals,44,42,2,38,36,2,6,6,0,6,6,0,6,6,0,0,0,0
`16,`290,District - South Tripura,`46,`463,`0000,"Wholesale of food, beverages and tobacco",36,36,0,18,18,0,18,18,0,0,0,0,0,0,0,0,0,0
`16,`290,District - South Tripura,`46,`463,`4630,"Wholesale of food, beverages and tobacco",36,36,0,18,18,0,18,18,0,0,0,0,0,0,0,0,0,0
`16,`290,District - South Tripura,`46,`464,`0000,Wholesale of household goods,12,12,0,6,6,0,6,6,0,0,0,0,0,0,0,0,0,0
`16,`290,District - South Tripura,`46,`464,`4649,Wholesale of other household goods,12,12,0,6,6,0,6,6,0,0,0,0,0,0,0,0,0,0
`16,`290,District - South Tripura,`46,`465,`0000,"Wholesale of machinery, equipment and supplies",2,2,0,0,0,0,2,2,0,0,0,0,0,0,0,0,0,0
`16,`290,District - South Tripura,`46,`465,`4659,Wholesale of other machinery and equipment,2,2,0,0,0,0,2,2,0,0,0,0,0,0,0,0,0,0
`16,`290,District - South Tripura,`46,`466,`0000,Other specialized wholesale,12,12,0,6,6,0,6,6,0,0,0,0,0,0,0,0,0,0
`16,`290,District - South Tripura,`46,`466,`4663,"Wholesale of construction materials, hardware, plumbing and heating",6,6,0,6,6,0,0,0,0,0,0,0,0,0,0,0,0,0
`16,`290,District - South Tripura,`46,`466,`4669,Wholesale of waste and scrap and other products n.e.c.,6,6,0,0,0,0,6,6,0,0,0,0,0,0,0,0,0,0
`16,`290,District - South Tripura,`46,`469,`0000,Non-specialized wholesale trade,12,12,0,0,0,0,12,12,0,6,6,0,0,0,0,6,6,0
`16,`290,District - South Tripura,`46,`469,`4690,Non-specialized wholesale trade,12,12,0,0,0,0,12,12,0,6,6,0,0,0,0,6,6,0
`16,`290,District - South Tripura,`47,`000,`0000,"Retail trade, except of motor vehicles and motorcycles",3610,3548,62,2182,2142,40,1428,1406,22,404,372,32,320,296,24,84,76,8
`16,`290,District - South Tripura,`47,`471,`0000,Retail sale in non-specialized stores,760,742,18,450,436,14,310,306,4,76,60,16,56,46,10,20,14,6
`16,`290,District - South Tripura,`47,`471,`4711,"Retail sale in non-specialized stores with food, beverages or tobacco",376,370,6,246,240,6,130,130,0,44,38,6,32,32,0,12,6,6
`16,`290,District - South Tripura,`47,`471,`4719,Other retail sale in non-specialized stores,384,372,12,204,196,8,180,176,4,32,22,10,24,14,10,8,8,0
`16,`290,District - South Tripura,`47,`472,`0000,"Retail sale of food, beverages and tobacco in specialized stores",1968,1946,22,1160,1144,16,808,802,6,222,208,14,178,164,14,44,44,0
`16,`290,District - South Tripura,`47,`472,`4721,Retail sale of food in specialized stores,1938,1918,20,1138,1122,16,800,796,4,220,206,14,176,162,14,44,44,0
`16,`290,District - South Tripura,`47,`472,`4723,Retail sale of tobacco products in specialized stores,30,28,2,22,22,0,8,6,2,2,2,0,2,2,0,0,0,0
`16,`290,District - South Tripura,`47,`474,`0000,Retail sale of information and communications equipment in specialized,20,20,0,6,6,0,14,14,0,6,6,0,0,0,0,6,6,0
`16,`290,District - South Tripura,`47,`474,`4741,"Retail sale of computers, peripheral units, software and",20,20,0,6,6,0,14,14,0,6,6,0,0,0,0,6,6,0
`16,`290,District - South Tripura,`47,`475,`0000,Retail sale of other household equipment in specialized stores,214,212,2,126,126,0,88,86,2,24,24,0,18,18,0,6,6,0
`16,`290,District - South Tripura,`47,`475,`4752,"Retail sale of hardware, paints and glass in specialized stores",172,170,2,96,96,0,76,74,2,18,18,0,18,18,0,0,0,0
`16,`290,District - South Tripura,`47,`475,`4759,"Retail sale of electrical household appliances, furniture, lighting",42,42,0,30,30,0,12,12,0,6,6,0,0,0,0,6,6,0
`16,`290,District - South Tripura,`47,`476,`0000,Retail sale of cultural and recreation goods in specialized stores,58,56,2,44,42,2,14,14,0,0,0,0,0,0,0,0,0,0
`16,`290,District - South Tripura,`47,`476,`4761,"Retail sale of books, newspapers and stationary in specialized stores",58,56,2,44,42,2,14,14,0,0,0,0,0,0,0,0,0,0
`16,`290,District - South Tripura,`47,`477,`0000,Retail sale of other goods in specialized stores,538,520,18,354,346,8,184,174,10,58,56,2,50,50,0,8,6,2
`16,`290,District - South Tripura,`47,`477,`4771,"Retail sale of clothing, footwear and leather articles in specialized",194,192,2,118,118,0,76,74,2,18,18,0,12,12,0,6,6,0
`16,`290,District - South Tripura,`47,`477,`4772,"Retail sale of pharmaceutical and medical goods, cosmetic and toilet",218,208,10,154,152,2,64,56,8,20,20,0,20,20,0,0,0,0
`16,`290,District - South Tripura,`47,`477,`4773,Other retail sale of new goods in specialized stores,126,120,6,82,76,6,44,44,0,20,18,2,18,18,0,2,0,2
`16,`290,District - South Tripura,`47,`478,`0000,Retail sale via stalls and markets,8,8,0,6,6,0,2,2,0,18,18,0,18,18,0,0,0,0
`16,`290,District - South Tripura,`47,`478,`4782,"Retail sale via stalls and markets of textiles, clothing and footwear",6,6,0,6,6,0,0,0,0,6,6,0,6,6,0,0,0,0
`16,`290,District - South Tripura,`47,`478,`4789,Retail sale via stalls and markets of other goods,2,2,0,0,0,0,2,2,0,12,12,0,12,12,0,0,0,0
`16,`290,District - South Tripura,`47,`479,`0000,"Retail trade not in stores, stalls or markets",44,44,0,36,36,0,8,8,0,0,0,0,0,0,0,0,0,0
`16,`290,District - South Tripura,`47,`479,`4791,Retail sale via mail order houses or via Internet,14,14,0,12,12,0,2,2,0,0,0,0,0,0,0,0,0,0
`16,`290,District - South Tripura,`47,`479,`4799,"Other retail sale not in stores, stalls or markets",30,30,0,24,24,0,6,6,0,0,0,0,0,0,0,0,0,0
`16,`290,District - South Tripura,`49,`000,`0000,Land transport and transport via pipelines,1810,1804,6,1106,1106,0,704,698,6,90,90,0,74,74,0,16,16,0
`16,`290,District - South Tripura,`49,`491,`0000,Transport via railways,6,6,0,6,6,0,0,0,0,0,0,0,0,0,0,0,0,0
`16,`290,District - South Tripura,`49,`491,`4912,Freight rail transport,6,6,0,6,6,0,0,0,0,0,0,0,0,0,0,0,0,0
`16,`290,District - South Tripura,`49,`492,`0000,Other land transport,1804,1798,6,1100,1100,0,704,698,6,90,90,0,74,74,0,16,16,0
`16,`290,District - South Tripura,`49,`492,`4921,Urban or suburban passenger land transport,378,378,0,224,224,0,154,154,0,18,18,0,18,18,0,0,0,0
`16,`290,District - South Tripura,`49,`492,`4922,Other passenger land transport,1128,1122,6,690,690,0,438,432,6,52,52,0,44,44,0,8,8,0
`16,`290,District - South Tripura,`49,`492,`4923,Freight transport by road,298,298,0,186,186,0,112,112,0,20,20,0,12,12,0,8,8,0
`16,`290,District - South Tripura,`50,`000,`0000,Water transport,6,6,0,6,6,0,0,0,0,0,0,0,0,0,0,0,0,0
`16,`290,District - South Tripura,`50,`502,`0000,Inland water transport,6,6,0,6,6,0,0,0,0,0,0,0,0,0,0,0,0,0
`16,`290,District - South Tripura,`50,`502,`5021,Inland passenger water transport,6,6,0,6,6,0,0,0,0,0,0,0,0,0,0,0,0,0
`16,`290,District - South Tripura,`52,`000,`0000,Warehousing and support activities for transportation,56,56,0,36,36,0,20,20,0,18,18,0,12,12,0,6,6,0
`16,`290,District - South Tripura,`52,`521,`0000,Warehousing and storage,6,6,0,0,0,0,6,6,0,0,0,0,0,0,0,0,0,0
`16,`290,District - South Tripura,`52,`521,`5210,Warehousing and storage,6,6,0,0,0,0,6,6,0,0,0,0,0,0,0,0,0,0
`16,`290,District - South Tripura,`52,`522,`0000,Support activities for transportation,50,50,0,36,36,0,14,14,0,18,18,0,12,12,0,6,6,0
`16,`290,District - South Tripura,`52,`522,`5221,Service activities incidental to land transportation,50,50,0,36,36,0,14,14,0,18,18,0,12,12,0,6,6,0
`16,`290,District - South Tripura,`53,`000,`0000,Postal and courier activities,52,44,8,32,24,8,20,20,0,0,0,0,0,0,0,0,0,0
`16,`290,District - South Tripura,`53,`531,`0000,Postal activities,50,42,8,32,24,8,18,18,0,0,0,0,0,0,0,0,0,0
`16,`290,District - South Tripura,`53,`531,`5310,Postal activities,50,42,8,32,24,8,18,18,0,0,0,0,0,0,0,0,0,0
`16,`290,District - South Tripura,`53,`532,`0000,Courier activities,2,2,0,0,0,0,2,2,0,0,0,0,0,0,0,0,0,0
`16,`290,District - South Tripura,`53,`532,`5320,Courier activities,2,2,0,0,0,0,2,2,0,0,0,0,0,0,0,0,0,0
`16,`290,District - South Tripura,`55,`000,`0000,Accommodation,110,82,28,52,44,8,58,38,20,14,8,6,8,8,0,6,0,6
`16,`290,District - South Tripura,`55,`551,`0000,Short term accommodation activities,76,70,6,40,38,2,36,32,4,14,8,6,8,8,0,6,0,6
`16,`290,District - South Tripura,`55,`551,`5510,Short term accommodation activities,76,70,6,40,38,2,36,32,4,14,8,6,8,8,0,6,0,6
`16,`290,District - South Tripura,`55,`559,`0000,Other accommodation,34,12,22,12,6,6,22,6,16,0,0,0,0,0,0,0,0,0
`16,`290,District - South Tripura,`55,`559,`5590,Other accommodation,34,12,22,12,6,6,22,6,16,0,0,0,0,0,0,0,0,0
`16,`290,District - South Tripura,`56,`000,`0000,Food and beverage service activities,236,222,14,152,142,10,84,80,4,34,12,22,14,6,8,20,6,14
`16,`290,District - South Tripura,`56,`561,`0000,Restaurants and mobile food service activities,38,36,2,18,18,0,20,18,2,6,0,6,0,0,0,6,0,6
`16,`290,District - South Tripura,`56,`561,`5610,Restaurants and mobile food service activities,38,36,2,18,18,0,20,18,2,6,0,6,0,0,0,6,0,6
`16,`290,District - South Tripura,`56,`562,`0000,Event catering and other food service activities,4,0,4,4,0,4,0,0,0,8,0,8,2,0,2,6,0,6
`16,`290,District - South Tripura,`56,`562,`5621,Event catering,4,0,4,4,0,4,0,0,0,8,0,8,2,0,2,6,0,6
`16,`290,District - South Tripura,`56,`563,`0000,Beverage serving activities,194,186,8,130,124,6,64,62,2,20,12,8,12,6,6,8,6,2
`16,`290,District - South Tripura,`56,`563,`5630,Beverage serving activities,194,186,8,130,124,6,64,62,2,20,12,8,12,6,6,8,6,2
`16,`290,District - South Tripura,`58,`000,`0000,Publishing activities,14,12,2,6,6,0,8,6,2,0,0,0,0,0,0,0,0,0
`16,`290,District - South Tripura,`58,`581,`0000,"Publishing of books, periodicals and other publishing activities",14,12,2,6,6,0,8,6,2,0,0,0,0,0,0,0,0,0
`16,`290,District - South Tripura,`58,`581,`5811,Book publishing,14,12,2,6,6,0,8,6,2,0,0,0,0,0,0,0,0,0
`16,`290,District - South Tripura,`59,`000,`0000,"Motion picture, video and television programme production, sound recording",12,12,0,6,6,0,6,6,0,0,0,0,0,0,0,0,0,0
`16,`290,District - South Tripura,`59,`591,`0000,"Motion picture, video and television programme activities",12,12,0,6,6,0,6,6,0,0,0,0,0,0,0,0,0,0
`16,`290,District - South Tripura,`59,`591,`5911,"Motion picture, video and television programme production activities",6,6,0,0,0,0,6,6,0,0,0,0,0,0,0,0,0,0
`16,`290,District - South Tripura,`59,`591,`5914,Motion picture projection activities,6,6,0,6,6,0,0,0,0,0,0,0,0,0,0,0,0,0
`16,`290,District - South Tripura,`61,`000,`0000,Telecommunications,62,58,4,22,20,2,40,38,2,18,18,0,12,12,0,6,6,0
`16,`290,District - South Tripura,`61,`611,`0000,Wired telecommunications activities,28,24,4,8,6,2,20,18,2,12,12,0,6,6,0,6,6,0
`16,`290,District - South Tripura,`61,`611,`6110,Wired telecommunications activities,28,24,4,8,6,2,20,18,2,12,12,0,6,6,0,6,6,0
`16,`290,District - South Tripura,`61,`612,`0000,Wireless telecommunications activities,6,6,0,6,6,0,0,0,0,0,0,0,0,0,0,0,0,0
`16,`290,District - South Tripura,`61,`612,`6120,Wireless telecommunications activities,6,6,0,6,6,0,0,0,0,0,0,0,0,0,0,0,0,0
`16,`290,District - South Tripura,`61,`613,`0000,Satellite telecommunications activities,6,6,0,0,0,0,6,6,0,6,6,0,6,6,0,0,0,0
`16,`290,District - South Tripura,`61,`613,`6130,Satellite telecommunications activities,6,6,0,0,0,0,6,6,0,6,6,0,6,6,0,0,0,0
`16,`290,District - South Tripura,`61,`619,`0000,Other telecommunications activities,22,22,0,8,8,0,14,14,0,0,0,0,0,0,0,0,0,0
`16,`290,District - South Tripura,`61,`619,`6190,Other telecommunications activities,22,22,0,8,8,0,14,14,0,0,0,0,0,0,0,0,0,0
`16,`290,District - South Tripura,`62,`000,`0000,"Computer programming, consultancy and related activities",6,0,6,0,0,0,6,0,6,0,0,0,0,0,0,0,0,0
`16,`290,District - South Tripura,`62,`620,`0000,"Computer programming, consultancy and related activities",6,0,6,0,0,0,6,0,6,0,0,0,0,0,0,0,0,0
`16,`290,District - South Tripura,`62,`620,`6202,Computer consultancy and computer facilities management activities,6,0,6,0,0,0,6,0,6,0,0,0,0,0,0,0,0,0
`16,`290,District - South Tripura,`63,`000,`0000,Information service activities,6,6,0,0,0,0,6,6,0,0,0,0,0,0,0,0,0,0
`16,`290,District - South Tripura,`63,`639,`0000,Other information service activities,6,6,0,0,0,0,6,6,0,0,0,0,0,0,0,0,0,0
`16,`290,District - South Tripura,`63,`639,`6399,Other information service activities n.e.c.,6,6,0,0,0,0,6,6,0,0,0,0,0,0,0,0,0,0
`16,`290,District - South Tripura,`64,`000,`0000,"Financial service activities, except insurance and pension funding",88,76,12,34,32,2,54,44,10,24,18,6,18,12,6,6,6,0
`16,`290,District - South Tripura,`64,`641,`0000,Monetary intermediation,76,64,12,22,20,2,54,44,10,24,18,6,18,12,6,6,6,0
`16,`290,District - South Tripura,`64,`641,`6419,Other monetary intermediation,76,64,12,22,20,2,54,44,10,24,18,6,18,12,6,6,6,0
`16,`290,District - South Tripura,`64,`642,`0000,Activities of holding companies,12,12,0,12,12,0,0,0,0,0,0,0,0,0,0,0,0,0
`16,`290,District - South Tripura,`64,`642,`6420,Activities of holding companies,12,12,0,12,12,0,0,0,0,0,0,0,0,0,0,0,0,0
`16,`290,District - South Tripura,`65,`000,`0000,"Insurance, reinsurance and pension funding, except compulsory social",68,68,0,30,30,0,38,38,0,6,6,0,6,6,0,0,0,0
`16,`290,District - South Tripura,`65,`651,`0000,Insurance,68,68,0,30,30,0,38,38,0,6,6,0,6,6,0,0,0,0
`16,`290,District - South Tripura,`65,`651,`6511,Life insurance,60,60,0,24,24,0,36,36,0,6,6,0,6,6,0,0,0,0
`16,`290,District - South Tripura,`65,`651,`6512,Non-life insurance,8,8,0,6,6,0,2,2,0,0,0,0,0,0,0,0,0,0
`16,`290,District - South Tripura,`66,`000,`0000,Other financial activities,12,6,6,0,0,0,12,6,6,6,6,0,6,6,0,0,0,0
`16,`290,District - South Tripura,`66,`662,`0000,Activities auxiliary to insurance and pension funding,6,6,0,0,0,0,6,6,0,0,0,0,0,0,0,0,0,0
`16,`290,District - South Tripura,`66,`662,`6622,Activities of insurance agents and brokers,6,6,0,0,0,0,6,6,0,0,0,0,0,0,0,0,0,0
`16,`290,District - South Tripura,`66,`663,`0000,Fund management activities,6,0,6,0,0,0,6,0,6,6,6,0,6,6,0,0,0,0
`16,`290,District - South Tripura,`66,`663,`6630,Fund management activities,6,0,6,0,0,0,6,0,6,6,6,0,6,6,0,0,0,0
`16,`290,District - South Tripura,`69,`000,`0000,Legal and accounting activities,10,8,2,8,8,0,2,0,2,0,0,0,0,0,0,0,0,0
`16,`290,District - South Tripura,`69,`691,`0000,Legal activities,10,8,2,8,8,0,2,0,2,0,0,0,0,0,0,0,0,0
`16,`290,District - South Tripura,`69,`691,`6910,Legal activities,10,8,2,8,8,0,2,0,2,0,0,0,0,0,0,0,0,0
`16,`290,District - South Tripura,`74,`000,`0000,"Other professional, scientific and technical activities",10,8,2,2,2,0,8,6,2,2,2,0,2,2,0,0,0,0
`16,`290,District - South Tripura,`74,`742,`0000,Photographic activities,10,8,2,2,2,0,8,6,2,2,2,0,2,2,0,0,0,0
`16,`290,District - South Tripura,`74,`742,`7420,Photographic activities,10,8,2,2,2,0,8,6,2,2,2,0,2,2,0,0,0,0
`16,`290,District - South Tripura,`75,`000,`0000,Veterinary activities,32,30,2,20,18,2,12,12,0,0,0,0,0,0,0,0,0,0
`16,`290,District - South Tripura,`75,`750,`0000,Veterinary activities,32,30,2,20,18,2,12,12,0,0,0,0,0,0,0,0,0,0
`16,`290,District - South Tripura,`75,`750,`7500,Veterinary activities,32,30,2,20,18,2,12,12,0,0,0,0,0,0,0,0,0,0
`16,`290,District - South Tripura,`77,`000,`0000,Rental and leasing activities,44,44,0,20,20,0,24,24,0,8,8,0,0,0,0,8,8,0
`16,`290,District - South Tripura,`77,`771,`0000,Renting and leasing of motor vehicles,18,18,0,12,12,0,6,6,0,0,0,0,0,0,0,0,0,0
`16,`290,District - South Tripura,`77,`771,`7710,Renting and leasing of motor vehicles,18,18,0,12,12,0,6,6,0,0,0,0,0,0,0,0,0,0
`16,`290,District - South Tripura,`77,`772,`0000,Renting and leasing of personal and household goods,26,26,0,8,8,0,18,18,0,8,8,0,0,0,0,8,8,0
`16,`290,District - South Tripura,`77,`772,`7729,Renting and leasing of other personal and household goods n.e.c.,26,26,0,8,8,0,18,18,0,8,8,0,0,0,0,8,8,0
`16,`290,District - South Tripura,`80,`000,`0000,Security and investigation activities,6,6,0,6,6,0,0,0,0,0,0,0,0,0,0,0,0,0
`16,`290,District - South Tripura,`80,`802,`0000,Security systems service activities,6,6,0,6,6,0,0,0,0,0,0,0,0,0,0,0,0,0
`16,`290,District - South Tripura,`80,`802,`8020,Security systems service activities,6,6,0,6,6,0,0,0,0,0,0,0,0,0,0,0,0,0
`16,`290,District - South Tripura,`81,`000,`0000,Services to buildings and landscape activities,6,6,0,6,6,0,0,0,0,6,6,0,6,6,0,0,0,0
`16,`290,District - South Tripura,`81,`811,`0000,Combined facilities support activities,6,6,0,6,6,0,0,0,0,0,0,0,0,0,0,0,0,0
`16,`290,District - South Tripura,`81,`811,`8110,Combined facilities support activities,6,6,0,6,6,0,0,0,0,0,0,0,0,0,0,0,0,0
`16,`290,District - South Tripura,`81,`812,`0000,Cleaning activities,0,0,0,0,0,0,0,0,0,6,6,0,6,6,0,0,0,0
`16,`290,District - South Tripura,`81,`812,`8121,General cleaning of buildings,0,0,0,0,0,0,0,0,0,6,6,0,6,6,0,0,0,0
`16,`290,District - South Tripura,`82,`000,`0000,"Office administrative, office support and other business support activities",122,112,10,66,60,6,56,52,4,20,20,0,14,14,0,6,6,0
`16,`290,District - South Tripura,`82,`821,`0000,Office administrative and support activities,6,6,0,6,6,0,0,0,0,0,0,0,0,0,0,0,0,0
`16,`290,District - South Tripura,`82,`821,`8219,"Photocopying, document preparation and other specialized office",6,6,0,6,6,0,0,0,0,0,0,0,0,0,0,0,0,0
`16,`290,District - South Tripura,`82,`829,`0000,Business support service activities n.e.c.,116,106,10,60,54,6,56,52,4,20,20,0,14,14,0,6,6,0
`16,`290,District - South Tripura,`82,`829,`8299,Other business support service activities n.e.c.,116,106,10,60,54,6,56,52,4,20,20,0,14,14,0,6,6,0
`16,`290,District - South Tripura,`84,`000,`0000,Public administration and defence; compulsory social security,1876,1738,138,1108,1036,72,768,702,66,42,22,20,26,14,12,16,8,8
`16,`290,District - South Tripura,`84,`841,`0000,Administration of the State and the economic and social policy of the,1056,944,112,550,490,60,506,454,52,40,20,20,24,12,12,16,8,8
`16,`290,District - South Tripura,`84,`841,`8411,General public administration activities,1050,938,112,544,484,60,506,454,52,40,20,20,24,12,12,16,8,8
`16,`290,District - South Tripura,`84,`841,`8412,"Regulation of the activities of providing health care, education, cultural",6,6,0,6,6,0,0,0,0,0,0,0,0,0,0,0,0,0
`16,`290,District - South Tripura,`84,`842,`0000,Provision of services to the community as a whole,368,368,0,302,302,0,66,66,0,2,2,0,2,2,0,0,0,0
`16,`290,District - South Tripura,`84,`842,`8422,Defence activities,300,300,0,260,260,0,40,40,0,0,0,0,0,0,0,0,0,0
`16,`290,District - South Tripura,`84,`842,`8423,Public order and safety activities,68,68,0,42,42,0,26,26,0,2,2,0,2,2,0,0,0,0
`16,`290,District - South Tripura,`84,`843,`0000,Compulsory social security activities,452,426,26,256,244,12,196,182,14,0,0,0,0,0,0,0,0,0
`16,`290,District - South Tripura,`84,`843,`8430,Compulsory social security activities,452,426,26,256,244,12,196,182,14,0,0,0,0,0,0,0,0,0
`16,`290,District - South Tripura,`85,`000,`0000,Education,2078,1518,560,1360,966,394,718,552,166,452,328,124,314,220,94,138,108,30
`16,`290,District - South Tripura,`85,`851,`0000,Primary education,788,592,196,510,376,134,278,216,62,106,68,38,80,42,38,26,26,0
`16,`290,District - South Tripura,`85,`851,`8510,Primary education,788,592,196,510,376,134,278,216,62,106,68,38,80,42,38,26,26,0
`16,`290,District - South Tripura,`85,`852,`0000,Secondary education,662,520,142,440,350,90,222,170,52,6,6,0,0,0,0,6,6,0
`16,`290,District - South Tripura,`85,`852,`8521,General secondary education,656,514,142,434,344,90,222,170,52,0,0,0,0,0,0,0,0,0
`16,`290,District - South Tripura,`85,`852,`8522,Technical and vocational secondary education,6,6,0,6,6,0,0,0,0,6,6,0,0,0,0,6,6,0
`16,`290,District - South Tripura,`85,`853,`0000,Higher education,30,30,0,12,12,0,18,18,0,0,0,0,0,0,0,0,0,0
`16,`290,District - South Tripura,`85,`853,`8530,Higher education,30,30,0,12,12,0,18,18,0,0,0,0,0,0,0,0,0,0
`16,`290,District - South Tripura,`85,`854,`0000,Other education,426,298,128,300,202,98,126,96,30,322,248,74,228,178,50,94,70,24
`16,`290,District - South Tripura,`85,`854,`8549,Other education n.e.c.,426,298,128,300,202,98,126,96,30,322,248,74,228,178,50,94,70,24
`16,`290,District - South Tripura,`85,`855,`0000,Educational support services,172,78,94,98,26,72,74,52,22,18,6,12,6,0,6,12,6,6
`16,`290,District - South Tripura,`85,`855,`8550,Educational support services,172,78,94,98,26,72,74,52,22,18,6,12,6,0,6,12,6,6
`16,`290,District - South Tripura,`86,`000,`0000,Human health activities,754,200,554,518,88,430,236,112,124,40,6,34,34,6,28,6,0,6
`16,`290,District - South Tripura,`86,`861,`0000,Hospital activities,236,104,132,134,52,82,102,52,50,12,0,12,12,0,12,0,0,0
`16,`290,District - South Tripura,`86,`861,`8610,Hospital activities,236,104,132,134,52,82,102,52,50,12,0,12,12,0,12,0,0,0
`16,`290,District - South Tripura,`86,`862,`0000,Medical and dental practice activities,6,6,0,0,0,0,6,6,0,0,0,0,0,0,0,0,0,0
`16,`290,District - South Tripura,`86,`862,`8620,Medical and dental practice activities,6,6,0,0,0,0,6,6,0,0,0,0,0,0,0,0,0,0
`16,`290,District - South Tripura,`86,`869,`0000,Other human health activities,512,90,422,384,36,348,128,54,74,28,6,22,22,6,16,6,0,6
`16,`290,District - South Tripura,`86,`869,`8690,Other human health activities,512,90,422,384,36,348,128,54,74,28,6,22,22,6,16,6,0,6
`16,`290,District - South Tripura,`88,`000,`0000,Social work activities without accommodation,128,18,110,100,18,82,28,0,28,6,0,6,6,0,6,0,0,0
`16,`290,District - South Tripura,`88,`881,`0000,Social work activities without accommodation for the elderly and disabled,8,0,8,2,0,2,6,0,6,0,0,0,0,0,0,0,0,0
`16,`290,District - South Tripura,`88,`881,`8810,Social work activities without accommodation for the elderly and,8,0,8,2,0,2,6,0,6,0,0,0,0,0,0,0,0,0
`16,`290,District - South Tripura,`88,`889,`0000,Other social work activities without accommodation n.e.c.,120,18,102,98,18,80,22,0,22,6,0,6,6,0,6,0,0,0
`16,`290,District - South Tripura,`88,`889,`8890,Other social work activities without accommodation n.e.c.,120,18,102,98,18,80,22,0,22,6,0,6,6,0,6,0,0,0
`16,`290,District - South Tripura,`90,`000,`0000,"Creative, arts and entertainment activities",122,122,0,74,74,0,48,48,0,36,36,0,18,18,0,18,18,0
`16,`290,District - South Tripura,`90,`900,`0000,"Creative, arts and entertainment activities",122,122,0,74,74,0,48,48,0,36,36,0,18,18,0,18,18,0
`16,`290,District - South Tripura,`90,`900,`9000,"Dramatic arts, music and other arts activities",122,122,0,74,74,0,48,48,0,36,36,0,18,18,0,18,18,0
`16,`290,District - South Tripura,`91,`000,`0000,"Libraries, archives, museums and other cultural activities",14,12,2,12,12,0,2,0,2,0,0,0,0,0,0,0,0,0
`16,`290,District - South Tripura,`91,`910,`0000,"Libraries, archives, museums and other cultural activities",14,12,2,12,12,0,2,0,2,0,0,0,0,0,0,0,0,0
`16,`290,District - South Tripura,`91,`910,`9101,Library and archives activities,8,6,2,6,6,0,2,0,2,0,0,0,0,0,0,0,0,0
`16,`290,District - South Tripura,`91,`910,`9103,Botanical and zoological gardens and nature reserves activities,6,6,0,6,6,0,0,0,0,0,0,0,0,0,0,0,0,0
`16,`290,District - South Tripura,`93,`000,`0000,Sports activities and amusement and recreation activities,14,14,0,14,14,0,0,0,0,8,6,2,0,0,0,8,6,2
`16,`290,District - South Tripura,`93,`932,`0000,Other amusement and recreation activities,14,14,0,14,14,0,0,0,0,8,6,2,0,0,0,8,6,2
`16,`290,District - South Tripura,`93,`932,`9329,Other amusement and recreation activities n.e.c.,14,14,0,14,14,0,0,0,0,8,6,2,0,0,0,8,6,2
`16,`290,District - South Tripura,`94,`000,`0000,Activities of membership organizations,16,14,2,14,14,0,2,0,2,6,6,0,6,6,0,0,0,0
`16,`290,District - South Tripura,`94,`949,`0000,Activities of other membership organizations,16,14,2,14,14,0,2,0,2,6,6,0,6,6,0,0,0,0
`16,`290,District - South Tripura,`94,`949,`9491,Activities of religious organizations,6,6,0,6,6,0,0,0,0,6,6,0,6,6,0,0,0,0
`16,`290,District - South Tripura,`94,`949,`9492,Activities of political organizations,8,6,2,6,6,0,2,0,2,0,0,0,0,0,0,0,0,0
`16,`290,District - South Tripura,`94,`949,`9499,Activities of other membership organizations n.e.c.,2,2,0,2,2,0,0,0,0,0,0,0,0,0,0,0,0,0
`16,`290,District - South Tripura,`95,`000,`0000,Repair of computers and personal and household goods,96,96,0,74,74,0,22,22,0,14,14,0,8,8,0,6,6,0
`16,`290,District - South Tripura,`95,`951,`0000,Repair of computers and communication equipment,2,2,0,0,0,0,2,2,0,0,0,0,0,0,0,0,0,0
`16,`290,District - South Tripura,`95,`951,`9511,Repair of computers and peripheral equipment,2,2,0,0,0,0,2,2,0,0,0,0,0,0,0,0,0,0
`16,`290,District - South Tripura,`95,`952,`0000,Repair of personal and household goods,94,94,0,74,74,0,20,20,0,14,14,0,8,8,0,6,6,0
`16,`290,District - South Tripura,`95,`952,`9523,Repair of footwear and leather goods,6,6,0,6,6,0,0,0,0,2,2,0,2,2,0,0,0,0
`16,`290,District - South Tripura,`95,`952,`9529,"Repair of personal and household goods, n.e.c.",88,88,0,68,68,0,20,20,0,12,12,0,6,6,0,6,6,0
`16,`290,District - South Tripura,`96,`000,`0000,Other personal service activities,278,266,12,226,226,0,52,40,12,32,26,6,20,14,6,12,12,0
`16,`290,District - South Tripura,`96,`960,`0000,Other personal service activities,278,266,12,226,226,0,52,40,12,32,26,6,20,14,6,12,12,0
`16,`290,District - South Tripura,`96,`960,`9601,Washing and (dry-) cleaning of textile and fur products,62,60,2,54,54,0,8,6,2,12,6,6,12,6,6,0,0,0
`16,`290,District - South Tripura,`96,`960,`9602,Hairdressing and other beauty treatment,70,68,2,56,56,0,14,12,2,0,0,0,0,0,0,0,0,0
`16,`290,District - South Tripura,`96,`960,`9609,Other personal service activities n.e.c.,146,138,8,116,116,0,30,22,8,20,20,0,8,8,0,12,12,0
`16,`290,District - South Tripura,`97,`000,`0000,Activities of households as employers of domestic personnel,114,18,96,38,12,26,76,6,70,58,0,58,48,0,48,10,0,10
`16,`290,District - South Tripura,`97,`970,`0000,Activities of households as employers of domestic personnel,114,18,96,38,12,26,76,6,70,58,0,58,48,0,48,10,0,10
`16,`290,District - South Tripura,`97,`970,`9700,Activities of households as employers of domestic personnel,114,18,96,38,12,26,76,6,70,58,0,58,48,0,48,10,0,10
`16,`290,District - South Tripura,`99,`000,`0000,Activities of extraterritorial organizations and bodies,540,230,310,352,108,244,188,122,66,482,142,340,268,82,186,214,60,154
`16,`290,District - South Tripura,`99,`991,`0000,Blank,218,142,76,94,56,38,124,86,38,268,106,162,122,58,64,146,48,98
`16,`290,District - South Tripura,`99,`991,`9910,Blank,218,142,76,94,56,38,124,86,38,268,106,162,122,58,64,146,48,98
`16,`290,District - South Tripura,`99,`992,`0000,Incomplete description/ Wrongly Classifed,322,88,234,258,52,206,64,36,28,214,36,178,146,24,122,68,12,56
`16,`290,District - South Tripura,`99,`992,`9920,Incomplete description/ Wrongly Classifed,322,88,234,258,52,206,64,36,28,214,36,178,146,24,122,68,12,56
`16,`291,District - Dhalai,`00,`000,`0000,Total,10764,9002,1762,8114,6748,1366,2650,2254,396,3706,1506,2200,3388,1380,2008,318,126,192
`16,`291,District - Dhalai,`01,`000,`0000,"Crop and animal production, hunting and related service activities",746,446,300,680,392,288,66,54,12,174,58,116,166,56,110,8,2,6
`16,`291,District - Dhalai,`01,`011,`0000,Growing of non-perennial crops,50,44,6,26,20,6,24,24,0,10,8,2,8,6,2,2,2,0
`16,`291,District - Dhalai,`01,`011,`0112,Growing of rice,50,44,6,26,20,6,24,24,0,10,8,2,8,6,2,2,2,0
`16,`291,District - Dhalai,`01,`012,`0000,Growing of perennial crops,574,324,250,560,312,248,14,12,2,94,36,58,94,36,58,0,0,0
`16,`291,District - Dhalai,`01,`012,`0125,Growing of other tree and bush fruits and nuts,12,6,6,12,6,6,0,0,0,0,0,0,0,0,0,0,0,0
`16,`291,District - Dhalai,`01,`012,`0127,Growing of beverage crops,504,268,236,496,262,234,8,6,2,76,30,46,76,30,46,0,0,0
`16,`291,District - Dhalai,`01,`012,`0129,Growing of other perennial crops,58,50,8,52,44,8,6,6,0,18,6,12,18,6,12,0,0,0
`16,`291,District - Dhalai,`01,`014,`0000,Animal production,54,14,40,42,8,34,12,6,6,70,14,56,64,14,50,6,0,6
`16,`291,District - Dhalai,`01,`014,`0141,Raising of cattle and buffaloes,46,14,32,34,8,26,12,6,6,64,14,50,58,14,44,6,0,6
`16,`291,District - Dhalai,`01,`014,`0144,Raising of sheep and goats,6,0,6,6,0,6,0,0,0,0,0,0,0,0,0,0,0,0
`16,`291,District - Dhalai,`01,`014,`0146,Raising of poultry,0,0,0,0,0,0,0,0,0,6,0,6,6,0,6,0,0,0
`16,`291,District - Dhalai,`01,`014,`0149,Raising of other animals,2,0,2,2,0,2,0,0,0,0,0,0,0,0,0,0,0,0
`16,`291,District - Dhalai,`01,`016,`0000,Support activities to agriculture and post-harvest crop activities,68,64,4,52,52,0,16,12,4,0,0,0,0,0,0,0,0,0
`16,`291,District - Dhalai,`01,`016,`0161,Support activities for crop production,34,30,4,24,24,0,10,6,4,0,0,0,0,0,0,0,0,0
`16,`291,District - Dhalai,`01,`016,`0163,Post-harvest crop activities,34,34,0,28,28,0,6,6,0,0,0,0,0,0,0,0,0,0
`16,`291,District - Dhalai,`02,`000,`0000,Forestry and logging,154,144,10,134,126,8,20,18,2,40,16,24,40,16,24,0,0,0
`16,`291,District - Dhalai,`02,`022,`0000,Logging,136,126,10,122,114,8,14,12,2,40,16,24,40,16,24,0,0,0
`16,`291,District - Dhalai,`02,`022,`0220,Logging,136,126,10,122,114,8,14,12,2,40,16,24,40,16,24,0,0,0
`16,`291,District - Dhalai,`02,`024,`0000,Support services to forestry,18,18,0,12,12,0,6,6,0,0,0,0,0,0,0,0,0,0
`16,`291,District - Dhalai,`02,`024,`0240,Support services to forestry,18,18,0,12,12,0,6,6,0,0,0,0,0,0,0,0,0,0
`16,`291,District - Dhalai,`03,`000,`0000,Fishing and aquaculture,294,294,0,268,268,0,26,26,0,38,32,6,38,32,6,0,0,0
`16,`291,District - Dhalai,`03,`031,`0000,Fishing,294,294,0,268,268,0,26,26,0,38,32,6,38,32,6,0,0,0
`16,`291,District - Dhalai,`03,`031,`0311,Marine fishing,108,108,0,96,96,0,12,12,0,12,12,0,12,12,0,0,0,0
`16,`291,District - Dhalai,`03,`031,`0312,Freash water fishing,186,186,0,172,172,0,14,14,0,26,20,6,26,20,6,0,0,0
`16,`291,District - Dhalai,`08,`000,`0000,Other mining and quarrying,14,12,2,0,0,0,14,12,2,0,0,0,0,0,0,0,0,0
`16,`291,District - Dhalai,`08,`081,`0000,"Quarrying of stone, sand and clay",6,6,0,0,0,0,6,6,0,0,0,0,0,0,0,0,0,0
`16,`291,District - Dhalai,`08,`081,`0810,"Quarrying of stone, sand and clay",6,6,0,0,0,0,6,6,0,0,0,0,0,0,0,0,0,0
`16,`291,District - Dhalai,`08,`089,`0000,Mining and quarrying n.e.c.,8,6,2,0,0,0,8,6,2,0,0,0,0,0,0,0,0,0
`16,`291,District - Dhalai,`08,`089,`0899,Other mining and quarrying n.e.c.,8,6,2,0,0,0,8,6,2,0,0,0,0,0,0,0,0,0
`16,`291,District - Dhalai,`10,`000,`0000,Manufacture of food products,84,72,12,64,60,4,20,12,8,76,12,64,76,12,64,0,0,0
`16,`291,District - Dhalai,`10,`101,`0000,Processing and preserving of meat,0,0,0,0,0,0,0,0,0,12,0,12,12,0,12,0,0,0
`16,`291,District - Dhalai,`10,`101,`1010,Processing and preserving of meat,0,0,0,0,0,0,0,0,0,12,0,12,12,0,12,0,0,0
`16,`291,District - Dhalai,`10,`102,`0000,"Processing and preserving of fish, crustaceans and molluscs",6,6,0,6,6,0,0,0,0,0,0,0,0,0,0,0,0,0
`16,`291,District - Dhalai,`10,`102,`1020,"Processing and preserving of fish, crustaceans and molluscs and",6,6,0,6,6,0,0,0,0,0,0,0,0,0,0,0,0,0
`16,`291,District - Dhalai,`10,`103,`0000,Processing and preserving of fruit and vegetables,0,0,0,0,0,0,0,0,0,20,6,14,20,6,14,0,0,0
`16,`291,District - Dhalai,`10,`103,`1030,Processing and preserving of fruit and vegetables,0,0,0,0,0,0,0,0,0,20,6,14,20,6,14,0,0,0
`16,`291,District - Dhalai,`10,`105,`0000,Manufacture of dairy products,2,0,2,2,0,2,0,0,0,18,0,18,18,0,18,0,0,0
`16,`291,District - Dhalai,`10,`105,`1050,Manufacture of dairy products,2,0,2,2,0,2,0,0,0,18,0,18,18,0,18,0,0,0
`16,`291,District - Dhalai,`10,`106,`0000,"Manufacture of grain mill products, starches and starch products",18,18,0,18,18,0,0,0,0,20,6,14,20,6,14,0,0,0
`16,`291,District - Dhalai,`10,`106,`1061,Manufacture of grain mill products,18,18,0,18,18,0,0,0,0,20,6,14,20,6,14,0,0,0
`16,`291,District - Dhalai,`10,`107,`0000,Manufacture of other food products,58,48,10,38,36,2,20,12,8,6,0,6,6,0,6,0,0,0
`16,`291,District - Dhalai,`10,`107,`1071,Manufacture of bakery products,12,12,0,12,12,0,0,0,0,0,0,0,0,0,0,0,0,0
`16,`291,District - Dhalai,`10,`107,`1073,"Manufacture of cocoa, chocolate and sugar confectionery",20,18,2,18,18,0,2,0,2,0,0,0,0,0,0,0,0,0
`16,`291,District - Dhalai,`10,`107,`1075,Manufacture of prepared meals and dishes,6,6,0,6,6,0,0,0,0,0,0,0,0,0,0,0,0,0
`16,`291,District - Dhalai,`10,`107,`1079,Manufacture of other food products n.e.c.,20,12,8,2,0,2,18,12,6,6,0,6,6,0,6,0,0,0
`16,`291,District - Dhalai,`11,`000,`0000,Manufacture of beverages,6,6,0,6,6,0,0,0,0,0,0,0,0,0,0,0,0,0
`16,`291,District - Dhalai,`11,`110,`0000,Manufacture of beverages,6,6,0,6,6,0,0,0,0,0,0,0,0,0,0,0,0,0
`16,`291,District - Dhalai,`11,`110,`1104,Manufacture of soft drinks; production of mineral waters and other,6,6,0,6,6,0,0,0,0,0,0,0,0,0,0,0,0,0
`16,`291,District - Dhalai,`13,`000,`0000,Manufacture of textiles,82,72,10,72,66,6,10,6,4,44,12,32,32,6,26,12,6,6
`16,`291,District - Dhalai,`13,`131,`0000,"Spinning, weaving and finishing of textiles",60,60,0,54,54,0,6,6,0,30,0,30,24,0,24,6,0,6
`16,`291,District - Dhalai,`13,`131,`1311,Preparation and spinning of textile fibres,60,60,0,54,54,0,6,6,0,30,0,30,24,0,24,6,0,6
`16,`291,District - Dhalai,`13,`139,`0000,Manufacture of other textiles,22,12,10,18,12,6,4,0,4,14,12,2,8,6,2,6,6,0
`16,`291,District - Dhalai,`13,`139,`1391,Manufacture of knitted and crocheted fabrics,0,0,0,0,0,0,0,0,0,2,0,2,2,0,2,0,0,0
`16,`291,District - Dhalai,`13,`139,`1392,"Manufacture of made-up textile articles, except apparel",12,6,6,12,6,6,0,0,0,6,6,0,6,6,0,0,0,0
`16,`291,District - Dhalai,`13,`139,`1393,Manufacture of carpets and rugs,0,0,0,0,0,0,0,0,0,6,6,0,0,0,0,6,6,0
`16,`291,District - Dhalai,`13,`139,`1394,"Manufacture of cordage, rope, twine and netting",10,6,4,6,6,0,4,0,4,0,0,0,0,0,0,0,0,0
`16,`291,District - Dhalai,`14,`000,`0000,Manufacture of wearing apparel,88,54,34,64,36,28,24,18,6,4,0,4,2,0,2,2,0,2
`16,`291,District - Dhalai,`14,`141,`0000,"Manufacture of wearing apparel, except fur apparel",88,54,34,64,36,28,24,18,6,4,0,4,2,0,2,2,0,2
`16,`291,District - Dhalai,`14,`141,`1410,"Manufacture of wearing apparel, except fur apparel",88,54,34,64,36,28,24,18,6,4,0,4,2,0,2,2,0,2
`16,`291,District - Dhalai,`15,`000,`0000,Manufacture of leather and related products,6,6,0,6,6,0,0,0,0,0,0,0,0,0,0,0,0,0
`16,`291,District - Dhalai,`15,`152,`0000,Manufacture of footwear,6,6,0,6,6,0,0,0,0,0,0,0,0,0,0,0,0,0
`16,`291,District - Dhalai,`15,`152,`1520,Manufacture of footwear,6,6,0,6,6,0,0,0,0,0,0,0,0,0,0,0,0,0
`16,`291,District - Dhalai,`16,`000,`0000,"Manufacture of wood and products of wood and cork, except furniture;",256,254,2,184,182,2,72,72,0,38,24,14,28,22,6,10,2,8
`16,`291,District - Dhalai,`16,`161,`0000,Sawmilling and planing of wood,50,50,0,38,38,0,12,12,0,0,0,0,0,0,0,0,0,0
`16,`291,District - Dhalai,`16,`161,`1610,Saw milling and planing of wood,50,50,0,38,38,0,12,12,0,0,0,0,0,0,0,0,0,0
`16,`291,District - Dhalai,`16,`162,`0000,"Manufacture of products of wood, cork, straw and plaiting materials",206,204,2,146,144,2,60,60,0,38,24,14,28,22,6,10,2,8
`16,`291,District - Dhalai,`16,`162,`1621,"Manufacture of veneer sheets; manufacture of plywood, laminboard,",18,18,0,12,12,0,6,6,0,6,6,0,6,6,0,0,0,0
`16,`291,District - Dhalai,`16,`162,`1623,Manufacture of wooden containers,60,58,2,34,32,2,26,26,0,16,14,2,14,14,0,2,0,2
`16,`291,District - Dhalai,`16,`162,`1629,"Manufacture of other products of wood; manufacture of articles of cork,",128,128,0,100,100,0,28,28,0,16,4,12,8,2,6,8,2,6
`16,`291,District - Dhalai,`18,`000,`0000,Printing and reproduction of recorded media,12,12,0,6,6,0,6,6,0,0,0,0,0,0,0,0,0,0
`16,`291,District - Dhalai,`18,`181,`0000,Printing and service activities related to printing,12,12,0,6,6,0,6,6,0,0,0,0,0,0,0,0,0,0
`16,`291,District - Dhalai,`18,`181,`1811,Printing,6,6,0,6,6,0,0,0,0,0,0,0,0,0,0,0,0,0
`16,`291,District - Dhalai,`18,`181,`1812,Service activities related to printing,6,6,0,0,0,0,6,6,0,0,0,0,0,0,0,0,0,0
`16,`291,District - Dhalai,`20,`000,`0000,Manufacture of chemicals and chemical products,22,0,22,22,0,22,0,0,0,22,6,16,22,6,16,0,0,0
`16,`291,District - Dhalai,`20,`202,`0000,Manufacture of other chemical products,22,0,22,22,0,22,0,0,0,22,6,16,22,6,16,0,0,0
`16,`291,District - Dhalai,`20,`202,`2023,"Manufacture of soap and detergents, cleaning and polishing preparations,",22,0,22,22,0,22,0,0,0,22,6,16,22,6,16,0,0,0
`16,`291,District - Dhalai,`23,`000,`0000,Manufacture of other non-metallic mineral products,342,274,68,326,268,58,16,6,10,38,22,16,36,22,14,2,0,2
`16,`291,District - Dhalai,`23,`239,`0000,Manufacture of non-metallic mineral products n.e.c.,342,274,68,326,268,58,16,6,10,38,22,16,36,22,14,2,0,2
`16,`291,District - Dhalai,`23,`239,`2392,Manufacture of clay building materials,330,262,68,314,256,58,16,6,10,32,16,16,30,16,14,2,0,2
`16,`291,District - Dhalai,`23,`239,`2393,Manufacture of other porcelain and ceramic products,12,12,0,12,12,0,0,0,0,0,0,0,0,0,0,0,0,0
`16,`291,District - Dhalai,`23,`239,`2395,"Manufacture of articles of concrete, cement and plaster",0,0,0,0,0,0,0,0,0,6,6,0,6,6,0,0,0,0
`16,`291,District - Dhalai,`24,`000,`0000,Manufacture of basic metals,6,6,0,6,6,0,0,0,0,0,0,0,0,0,0,0,0,0
`16,`291,District - Dhalai,`24,`241,`0000,Manufacture of basic iron and steel,6,6,0,6,6,0,0,0,0,0,0,0,0,0,0,0,0,0
`16,`291,District - Dhalai,`24,`241,`2410,Manufacture of basic iron and steel,6,6,0,6,6,0,0,0,0,0,0,0,0,0,0,0,0,0
`16,`291,District - Dhalai,`25,`000,`0000,"Manufacture of fabricated metal products, except machinery and equipment",8,8,0,0,0,0,8,8,0,0,0,0,0,0,0,0,0,0
`16,`291,District - Dhalai,`25,`251,`0000,"Manufacture of structural metal products, tanks, reservoirs and steam",8,8,0,0,0,0,8,8,0,0,0,0,0,0,0,0,0,0
`16,`291,District - Dhalai,`25,`251,`2511,Manufacture of structural metal products,8,8,0,0,0,0,8,8,0,0,0,0,0,0,0,0,0,0
`16,`291,District - Dhalai,`30,`000,`0000,Manufacture of other transport equipment,6,6,0,6,6,0,0,0,0,6,6,0,6,6,0,0,0,0
`16,`291,District - Dhalai,`30,`309,`0000,Manufacture of transport equipment n.e.c.,6,6,0,6,6,0,0,0,0,6,6,0,6,6,0,0,0,0
`16,`291,District - Dhalai,`30,`309,`3099,Manufacture of other transport equipment n.e.c.,6,6,0,6,6,0,0,0,0,6,6,0,6,6,0,0,0,0
`16,`291,District - Dhalai,`31,`000,`0000,Manufacture of furniture,324,318,6,276,270,6,48,48,0,34,28,6,32,26,6,2,2,0
`16,`291,District - Dhalai,`31,`310,`0000,Manufacture of furniture,324,318,6,276,270,6,48,48,0,34,28,6,32,26,6,2,2,0
`16,`291,District - Dhalai,`31,`310,`3100,Manufacture of furniture,324,318,6,276,270,6,48,48,0,34,28,6,32,26,6,2,2,0
`16,`291,District - Dhalai,`32,`000,`0000,Other manufacturing,40,36,4,34,30,4,6,6,0,0,0,0,0,0,0,0,0,0
`16,`291,District - Dhalai,`32,`321,`0000,"Manufacture of jewellery, bijouterie and related articles",30,30,0,30,30,0,0,0,0,0,0,0,0,0,0,0,0,0
`16,`291,District - Dhalai,`32,`321,`3211,Manufacture of jewellery and related articles,30,30,0,30,30,0,0,0,0,0,0,0,0,0,0,0,0,0
`16,`291,District - Dhalai,`32,`322,`0000,Manufacture of musical instruments,6,6,0,0,0,0,6,6,0,0,0,0,0,0,0,0,0,0
`16,`291,District - Dhalai,`32,`322,`3220,Manufacture of musical instruments,6,6,0,0,0,0,6,6,0,0,0,0,0,0,0,0,0,0
`16,`291,District - Dhalai,`32,`329,`0000,Other manufacturing n.e.c.,4,0,4,4,0,4,0,0,0,0,0,0,0,0,0,0,0,0
`16,`291,District - Dhalai,`32,`329,`3290,Other manufacturing n.e.c.,4,0,4,4,0,4,0,0,0,0,0,0,0,0,0,0,0,0
`16,`291,District - Dhalai,`33,`000,`0000,Repair and installation of machinery and equipment,2,2,0,0,0,0,2,2,0,6,6,0,0,0,0,6,6,0
`16,`291,District - Dhalai,`33,`331,`0000,"Repair of fabricated metal products, machinery and equipment",2,2,0,0,0,0,2,2,0,6,6,0,0,0,0,6,6,0
`16,`291,District - Dhalai,`33,`331,`3313,Repair of electronic and optical equipment,2,2,0,0,0,0,2,2,0,0,0,0,0,0,0,0,0,0
`16,`291,District - Dhalai,`33,`331,`3314,Repair of electrical equipment,0,0,0,0,0,0,0,0,0,6,6,0,0,0,0,6,6,0
`16,`291,District - Dhalai,`35,`000,`0000,"Electricity, gas, steam and air conditioning supply",88,82,6,48,44,4,40,38,2,0,0,0,0,0,0,0,0,0
`16,`291,District - Dhalai,`35,`351,`0000,"Electric power generation, transmission and distribution",88,82,6,48,44,4,40,38,2,0,0,0,0,0,0,0,0,0
`16,`291,District - Dhalai,`35,`351,`3510,"Electric power generation, transmission and distribution",88,82,6,48,44,4,40,38,2,0,0,0,0,0,0,0,0,0
`16,`291,District - Dhalai,`36,`000,`0000,"Water collection, treatment and supply",20,14,6,14,8,6,6,6,0,12,12,0,12,12,0,0,0,0
`16,`291,District - Dhalai,`36,`360,`0000,"Water collection, treatment and supply",20,14,6,14,8,6,6,6,0,12,12,0,12,12,0,0,0,0
`16,`291,District - Dhalai,`36,`360,`3600,"Water collection, treatment and supply",20,14,6,14,8,6,6,6,0,12,12,0,12,12,0,0,0,0
`16,`291,District - Dhalai,`41,`000,`0000,Construction of buildings,1074,972,102,822,744,78,252,228,24,382,160,222,342,148,194,40,12,28
`16,`291,District - Dhalai,`41,`410,`0000,Construction of buildings,1074,972,102,822,744,78,252,228,24,382,160,222,342,148,194,40,12,28
`16,`291,District - Dhalai,`41,`410,`4100,Construction of buildings,1074,972,102,822,744,78,252,228,24,382,160,222,342,148,194,40,12,28
`16,`291,District - Dhalai,`42,`000,`0000,Civil engineering,890,668,222,780,576,204,110,92,18,2042,710,1332,1962,694,1268,80,16,64
`16,`291,District - Dhalai,`42,`421,`0000,Construction of roads and railways,656,472,184,604,432,172,52,40,12,1800,624,1176,1748,614,1134,52,10,42
`16,`291,District - Dhalai,`42,`421,`4210,Construction roads and railways,656,472,184,604,432,172,52,40,12,1800,624,1176,1748,614,1134,52,10,42
`16,`291,District - Dhalai,`42,`429,`0000,Construction of other civil engineering projects,234,196,38,176,144,32,58,52,6,242,86,156,214,80,134,28,6,22
`16,`291,District - Dhalai,`42,`429,`4290,Construction of other civil engineering projects,234,196,38,176,144,32,58,52,6,242,86,156,214,80,134,28,6,22
`16,`291,District - Dhalai,`43,`000,`0000,Specialized construction activities,538,468,70,310,278,32,228,190,38,212,124,88,166,104,62,46,20,26
`16,`291,District - Dhalai,`43,`431,`0000,Demolition and site preparation,40,30,10,20,12,8,20,18,2,24,14,10,24,14,10,0,0,0
`16,`291,District - Dhalai,`43,`431,`4312,Site preparation,40,30,10,20,12,8,20,18,2,24,14,10,24,14,10,0,0,0
`16,`291,District - Dhalai,`43,`432,`0000,"Electrical, plumbing and other construction installation activities",420,368,52,246,222,24,174,146,28,180,102,78,134,82,52,46,20,26
`16,`291,District - Dhalai,`43,`432,`4321,Electrical installation,24,24,0,0,0,0,24,24,0,0,0,0,0,0,0,0,0,0
`16,`291,District - Dhalai,`43,`432,`4322,"Plumbing, heat and air-conditioning installation",14,14,0,12,12,0,2,2,0,0,0,0,0,0,0,0,0,0
`16,`291,District - Dhalai,`43,`432,`4329,Other construction installation,382,330,52,234,210,24,148,120,28,180,102,78,134,82,52,46,20,26
`16,`291,District - Dhalai,`43,`433,`0000,Building completion and finishing,72,64,8,44,44,0,28,20,8,8,8,0,8,8,0,0,0,0
`16,`291,District - Dhalai,`43,`433,`4330,Building completion and finishing,72,64,8,44,44,0,28,20,8,8,8,0,8,8,0,0,0,0
`16,`291,District - Dhalai,`43,`439,`0000,Other specialized construction activities,6,6,0,0,0,0,6,6,0,0,0,0,0,0,0,0,0,0
`16,`291,District - Dhalai,`43,`439,`4390,Other specialized construction activities,6,6,0,0,0,0,6,6,0,0,0,0,0,0,0,0,0,0
`16,`291,District - Dhalai,`45,`000,`0000,Wholesale and retail trade and repair of motor vehicles and motorcycles,26,26,0,14,14,0,12,12,0,6,6,0,6,6,0,0,0,0
`16,`291,District - Dhalai,`45,`452,`0000,Maintenance and repair of motor vehicles,8,8,0,8,8,0,0,0,0,6,6,0,6,6,0,0,0,0
`16,`291,District - Dhalai,`45,`452,`4520,Maintenance and repair of motor vehicles,8,8,0,8,8,0,0,0,0,6,6,0,6,6,0,0,0,0
`16,`291,District - Dhalai,`45,`453,`0000,Sale of motor vehicle parts and accessories,6,6,0,0,0,0,6,6,0,0,0,0,0,0,0,0,0,0
`16,`291,District - Dhalai,`45,`453,`4530,Sale of motor vehicle parts and accessories,6,6,0,0,0,0,6,6,0,0,0,0,0,0,0,0,0,0
`16,`291,District - Dhalai,`45,`454,`0000,"Sale, maintenance and repair of motorcycles and related parts and",12,12,0,6,6,0,6,6,0,0,0,0,0,0,0,0,0,0
`16,`291,District - Dhalai,`45,`454,`4540,"Sale, maintenance and repair of motorcycles and related parts and",12,12,0,6,6,0,6,6,0,0,0,0,0,0,0,0,0,0
`16,`291,District - Dhalai,`46,`000,`0000,"Wholesale trade, except of motor vehicles and motorcycles",52,50,2,32,32,0,20,18,2,0,0,0,0,0,0,0,0,0
`16,`291,District - Dhalai,`46,`462,`0000,Wholesale of agricultural raw materials and live animals,32,30,2,18,18,0,14,12,2,0,0,0,0,0,0,0,0,0
`16,`291,District - Dhalai,`46,`462,`4620,Wholesale of agricultural raw materials and live animals,32,30,2,18,18,0,14,12,2,0,0,0,0,0,0,0,0,0
`16,`291,District - Dhalai,`46,`463,`0000,"Wholesale of food, beverages and tobacco",18,18,0,12,12,0,6,6,0,0,0,0,0,0,0,0,0,0
`16,`291,District - Dhalai,`46,`463,`4630,"Wholesale of food, beverages and tobacco",18,18,0,12,12,0,6,6,0,0,0,0,0,0,0,0,0,0
`16,`291,District - Dhalai,`46,`469,`0000,Non-specialized wholesale trade,2,2,0,2,2,0,0,0,0,0,0,0,0,0,0,0,0,0
`16,`291,District - Dhalai,`46,`469,`4690,Non-specialized wholesale trade,2,2,0,2,2,0,0,0,0,0,0,0,0,0,0,0,0,0
`16,`291,District - Dhalai,`47,`000,`0000,"Retail trade, except of motor vehicles and motorcycles",1406,1350,56,992,952,40,414,398,16,98,88,10,72,64,8,26,24,2
`16,`291,District - Dhalai,`47,`471,`0000,Retail sale in non-specialized stores,398,382,16,268,256,12,130,126,4,32,28,4,26,22,4,6,6,0
`16,`291,District - Dhalai,`47,`471,`4711,"Retail sale in non-specialized stores with food, beverages or tobacco",166,156,10,94,84,10,72,72,0,22,20,2,16,14,2,6,6,0
`16,`291,District - Dhalai,`47,`471,`4719,Other retail sale in non-specialized stores,232,226,6,174,172,2,58,54,4,10,8,2,10,8,2,0,0,0
`16,`291,District - Dhalai,`47,`472,`0000,"Retail sale of food, beverages and tobacco in specialized stores",670,656,14,462,458,4,208,198,10,52,48,4,38,36,2,14,12,2
`16,`291,District - Dhalai,`47,`472,`4721,Retail sale of food in specialized stores,626,612,14,430,426,4,196,186,10,52,48,4,38,36,2,14,12,2
`16,`291,District - Dhalai,`47,`472,`4723,Retail sale of tobacco products in specialized stores,44,44,0,32,32,0,12,12,0,0,0,0,0,0,0,0,0,0
`16,`291,District - Dhalai,`47,`475,`0000,Retail sale of other household equipment in specialized stores,54,54,0,40,40,0,14,14,0,2,0,2,2,0,2,0,0,0
`16,`291,District - Dhalai,`47,`475,`4752,"Retail sale of hardware, paints and glass in specialized stores",18,18,0,18,18,0,0,0,0,0,0,0,0,0,0,0,0,0
`16,`291,District - Dhalai,`47,`475,`4759,"Retail sale of electrical household appliances, furniture, lighting",36,36,0,22,22,0,14,14,0,2,0,2,2,0,2,0,0,0
`16,`291,District - Dhalai,`47,`476,`0000,Retail sale of cultural and recreation goods in specialized stores,14,12,2,14,12,2,0,0,0,0,0,0,0,0,0,0,0,0
`16,`291,District - Dhalai,`47,`476,`4761,"Retail sale of books, newspapers and stationary in specialized stores",14,12,2,14,12,2,0,0,0,0,0,0,0,0,0,0,0,0
`16,`291,District - Dhalai,`47,`477,`0000,Retail sale of other goods in specialized stores,214,190,24,176,154,22,38,36,2,6,6,0,6,6,0,0,0,0
`16,`291,District - Dhalai,`47,`477,`4771,"Retail sale of clothing, footwear and leather articles in specialized",114,98,16,88,74,14,26,24,2,0,0,0,0,0,0,0,0,0
`16,`291,District - Dhalai,`47,`477,`4772,"Retail sale of pharmaceutical and medical goods, cosmetic and toilet",54,54,0,48,48,0,6,6,0,0,0,0,0,0,0,0,0,0
`16,`291,District - Dhalai,`47,`477,`4773,Other retail sale of new goods in specialized stores,46,38,8,40,32,8,6,6,0,6,6,0,6,6,0,0,0,0
`16,`291,District - Dhalai,`47,`478,`0000,Retail sale via stalls and markets,44,44,0,20,20,0,24,24,0,6,6,0,0,0,0,6,6,0
`16,`291,District - Dhalai,`47,`478,`4782,"Retail sale via stalls and markets of textiles, clothing and footwear",12,12,0,12,12,0,0,0,0,0,0,0,0,0,0,0,0,0
`16,`291,District - Dhalai,`47,`478,`4789,Retail sale via stalls and markets of other goods,32,32,0,8,8,0,24,24,0,6,6,0,0,0,0,6,6,0
`16,`291,District - Dhalai,`47,`479,`0000,"Retail trade not in stores, stalls or markets",12,12,0,12,12,0,0,0,0,0,0,0,0,0,0,0,0,0
`16,`291,District - Dhalai,`47,`479,`4799,"Other retail sale not in stores, stalls or markets",12,12,0,12,12,0,0,0,0,0,0,0,0,0,0,0,0,0
`16,`291,District - Dhalai,`49,`000,`0000,Land transport and transport via pipelines,810,810,0,564,564,0,246,246,0,64,64,0,40,40,0,24,24,0
`16,`291,District - Dhalai,`49,`491,`0000,Transport via railways,6,6,0,6,6,0,0,0,0,0,0,0,0,0,0,0,0,0
`16,`291,District - Dhalai,`49,`491,`4912,Freight rail transport,6,6,0,6,6,0,0,0,0,0,0,0,0,0,0,0,0,0
`16,`291,District - Dhalai,`49,`492,`0000,Other land transport,804,804,0,558,558,0,246,246,0,64,64,0,40,40,0,24,24,0
`16,`291,District - Dhalai,`49,`492,`4921,Urban or suburban passenger land transport,180,180,0,148,148,0,32,32,0,14,14,0,14,14,0,0,0,0
`16,`291,District - Dhalai,`49,`492,`4922,Other passenger land transport,536,536,0,360,360,0,176,176,0,50,50,0,26,26,0,24,24,0
`16,`291,District - Dhalai,`49,`492,`4923,Freight transport by road,88,88,0,50,50,0,38,38,0,0,0,0,0,0,0,0,0,0
`16,`291,District - Dhalai,`52,`000,`0000,Warehousing and support activities for transportation,34,28,6,10,10,0,24,18,6,2,2,0,2,2,0,0,0,0
`16,`291,District - Dhalai,`52,`522,`0000,Support activities for transportation,34,28,6,10,10,0,24,18,6,2,2,0,2,2,0,0,0,0
`16,`291,District - Dhalai,`52,`522,`5221,Service activities incidental to land transportation,22,22,0,10,10,0,12,12,0,2,2,0,2,2,0,0,0,0
`16,`291,District - Dhalai,`52,`522,`5229,Other transportation support activities,12,6,6,0,0,0,12,6,6,0,0,0,0,0,0,0,0,0
`16,`291,District - Dhalai,`53,`000,`0000,Postal and courier activities,14,14,0,12,12,0,2,2,0,0,0,0,0,0,0,0,0,0
`16,`291,District - Dhalai,`53,`531,`0000,Postal activities,14,14,0,12,12,0,2,2,0,0,0,0,0,0,0,0,0,0
`16,`291,District - Dhalai,`53,`531,`5310,Postal activities,14,14,0,12,12,0,2,2,0,0,0,0,0,0,0,0,0,0
`16,`291,District - Dhalai,`55,`000,`0000,Accommodation,72,60,12,50,42,8,22,18,4,0,0,0,0,0,0,0,0,0
`16,`291,District - Dhalai,`55,`551,`0000,Short term accommodation activities,66,60,6,48,42,6,18,18,0,0,0,0,0,0,0,0,0,0
`16,`291,District - Dhalai,`55,`551,`5510,Short term accommodation activities,66,60,6,48,42,6,18,18,0,0,0,0,0,0,0,0,0,0
`16,`291,District - Dhalai,`55,`559,`0000,Other accommodation,6,0,6,2,0,2,4,0,4,0,0,0,0,0,0,0,0,0
`16,`291,District - Dhalai,`55,`559,`5590,Other accommodation,6,0,6,2,0,2,4,0,4,0,0,0,0,0,0,0,0,0
`16,`291,District - Dhalai,`56,`000,`0000,Food and beverage service activities,168,148,20,128,118,10,40,30,10,0,0,0,0,0,0,0,0,0
`16,`291,District - Dhalai,`56,`561,`0000,Restaurants and mobile food service activities,30,30,0,24,24,0,6,6,0,0,0,0,0,0,0,0,0,0
`16,`291,District - Dhalai,`56,`561,`5610,Restaurants and mobile food service activities,30,30,0,24,24,0,6,6,0,0,0,0,0,0,0,0,0,0
`16,`291,District - Dhalai,`56,`562,`0000,Event catering and other food service activities,14,12,2,14,12,2,0,0,0,0,0,0,0,0,0,0,0,0
`16,`291,District - Dhalai,`56,`562,`5621,Event catering,12,12,0,12,12,0,0,0,0,0,0,0,0,0,0,0,0,0
`16,`291,District - Dhalai,`56,`562,`5629,Other food service activities,2,0,2,2,0,2,0,0,0,0,0,0,0,0,0,0,0,0
`16,`291,District - Dhalai,`56,`563,`0000,Beverage serving activities,124,106,18,90,82,8,34,24,10,0,0,0,0,0,0,0,0,0
`16,`291,District - Dhalai,`56,`563,`5630,Beverage serving activities,124,106,18,90,82,8,34,24,10,0,0,0,0,0,0,0,0,0
`16,`291,District - Dhalai,`61,`000,`0000,Telecommunications,18,18,0,6,6,0,12,12,0,0,0,0,0,0,0,0,0,0
`16,`291,District - Dhalai,`61,`611,`0000,Wired telecommunications activities,18,18,0,6,6,0,12,12,0,0,0,0,0,0,0,0,0,0
`16,`291,District - Dhalai,`61,`611,`6110,Wired telecommunications activities,18,18,0,6,6,0,12,12,0,0,0,0,0,0,0,0,0,0
`16,`291,District - Dhalai,`64,`000,`0000,"Financial service activities, except insurance and pension funding",38,32,6,14,8,6,24,24,0,0,0,0,0,0,0,0,0,0
`16,`291,District - Dhalai,`64,`641,`0000,Monetary intermediation,38,32,6,14,8,6,24,24,0,0,0,0,0,0,0,0,0,0
`16,`291,District - Dhalai,`64,`641,`6419,Other monetary intermediation,38,32,6,14,8,6,24,24,0,0,0,0,0,0,0,0,0,0
`16,`291,District - Dhalai,`65,`000,`0000,"Insurance, reinsurance and pension funding, except compulsory social",20,20,0,8,8,0,12,12,0,0,0,0,0,0,0,0,0,0
`16,`291,District - Dhalai,`65,`651,`0000,Insurance,20,20,0,8,8,0,12,12,0,0,0,0,0,0,0,0,0,0
`16,`291,District - Dhalai,`65,`651,`6511,Life insurance,20,20,0,8,8,0,12,12,0,0,0,0,0,0,0,0,0,0
`16,`291,District - Dhalai,`66,`000,`0000,Other financial activities,2,0,2,2,0,2,0,0,0,0,0,0,0,0,0,0,0,0
`16,`291,District - Dhalai,`66,`663,`0000,Fund management activities,2,0,2,2,0,2,0,0,0,0,0,0,0,0,0,0,0,0
`16,`291,District - Dhalai,`66,`663,`6630,Fund management activities,2,0,2,2,0,2,0,0,0,0,0,0,0,0,0,0,0,0
`16,`291,District - Dhalai,`75,`000,`0000,Veterinary activities,24,18,6,18,12,6,6,6,0,0,0,0,0,0,0,0,0,0
`16,`291,District - Dhalai,`75,`750,`0000,Veterinary activities,24,18,6,18,12,6,6,6,0,0,0,0,0,0,0,0,0,0
`16,`291,District - Dhalai,`75,`750,`7500,Veterinary activities,24,18,6,18,12,6,6,6,0,0,0,0,0,0,0,0,0,0
`16,`291,District - Dhalai,`77,`000,`0000,Rental and leasing activities,8,8,0,8,8,0,0,0,0,12,12,0,12,12,0,0,0,0
`16,`291,District - Dhalai,`77,`771,`0000,Renting and leasing of motor vehicles,8,8,0,8,8,0,0,0,0,0,0,0,0,0,0,0,0,0
`16,`291,District - Dhalai,`77,`771,`7710,Renting and leasing of motor vehicles,8,8,0,8,8,0,0,0,0,0,0,0,0,0,0,0,0,0
`16,`291,District - Dhalai,`77,`772,`0000,Renting and leasing of personal and household goods,0,0,0,0,0,0,0,0,0,12,12,0,12,12,0,0,0,0
`16,`291,District - Dhalai,`77,`772,`7729,Renting and leasing of other personal and household goods n.e.c.,0,0,0,0,0,0,0,0,0,12,12,0,12,12,0,0,0,0
`16,`291,District - Dhalai,`79,`000,`0000,"Travel agency, tour operator and other reservation service activities",6,6,0,0,0,0,6,6,0,0,0,0,0,0,0,0,0,0
`16,`291,District - Dhalai,`79,`791,`0000,Travel agency and tour operator activities,6,6,0,0,0,0,6,6,0,0,0,0,0,0,0,0,0,0
`16,`291,District - Dhalai,`79,`791,`7911,Travel agency activities,6,6,0,0,0,0,6,6,0,0,0,0,0,0,0,0,0,0
`16,`291,District - Dhalai,`82,`000,`0000,"Office administrative, office support and other business support activities",58,52,6,38,32,6,20,20,0,0,0,0,0,0,0,0,0,0
`16,`291,District - Dhalai,`82,`822,`0000,Activities of call centres,6,6,0,0,0,0,6,6,0,0,0,0,0,0,0,0,0,0
`16,`291,District - Dhalai,`82,`822,`8220,Activities of call centres,6,6,0,0,0,0,6,6,0,0,0,0,0,0,0,0,0,0
`16,`291,District - Dhalai,`82,`829,`0000,Business support service activities n.e.c.,52,46,6,38,32,6,14,14,0,0,0,0,0,0,0,0,0,0
`16,`291,District - Dhalai,`82,`829,`8299,Other business support service activities n.e.c.,52,46,6,38,32,6,14,14,0,0,0,0,0,0,0,0,0,0
`16,`291,District - Dhalai,`84,`000,`0000,Public administration and defence; compulsory social security,1354,1218,136,994,904,90,360,314,46,24,6,18,22,6,16,2,0,2
`16,`291,District - Dhalai,`84,`841,`0000,Administration of the State and the economic and social policy of the,502,394,108,324,248,76,178,146,32,18,0,18,16,0,16,2,0,2
`16,`291,District - Dhalai,`84,`841,`8411,General public administration activities,502,394,108,324,248,76,178,146,32,18,0,18,16,0,16,2,0,2
`16,`291,District - Dhalai,`84,`842,`0000,Provision of services to the community as a whole,550,546,4,510,506,4,40,40,0,6,6,0,6,6,0,0,0,0
`16,`291,District - Dhalai,`84,`842,`8422,Defence activities,402,400,2,362,360,2,40,40,0,6,6,0,6,6,0,0,0,0
`16,`291,District - Dhalai,`84,`842,`8423,Public order and safety activities,148,146,2,148,146,2,0,0,0,0,0,0,0,0,0,0,0,0
`16,`291,District - Dhalai,`84,`843,`0000,Compulsory social security activities,302,278,24,160,150,10,142,128,14,0,0,0,0,0,0,0,0,0
`16,`291,District - Dhalai,`84,`843,`8430,Compulsory social security activities,302,278,24,160,150,10,142,128,14,0,0,0,0,0,0,0,0,0
`16,`291,District - Dhalai,`85,`000,`0000,Education,766,534,232,558,388,170,208,146,62,94,32,62,92,32,60,2,0,2
`16,`291,District - Dhalai,`85,`851,`0000,Primary education,330,252,78,220,172,48,110,80,30,24,6,18,24,6,18,0,0,0
`16,`291,District - Dhalai,`85,`851,`8510,Primary education,330,252,78,220,172,48,110,80,30,24,6,18,24,6,18,0,0,0
`16,`291,District - Dhalai,`85,`852,`0000,Secondary education,212,150,62,162,108,54,50,42,8,0,0,0,0,0,0,0,0,0
`16,`291,District - Dhalai,`85,`852,`8521,General secondary education,212,150,62,162,108,54,50,42,8,0,0,0,0,0,0,0,0,0
`16,`291,District - Dhalai,`85,`853,`0000,Higher education,6,6,0,0,0,0,6,6,0,6,0,6,6,0,6,0,0,0
`16,`291,District - Dhalai,`85,`853,`8530,Higher education,6,6,0,0,0,0,6,6,0,6,0,6,6,0,6,0,0,0
`16,`291,District - Dhalai,`85,`854,`0000,Other education,130,82,48,108,76,32,22,6,16,58,26,32,56,26,30,2,0,2
`16,`291,District - Dhalai,`85,`854,`8549,Other education n.e.c.,130,82,48,108,76,32,22,6,16,58,26,32,56,26,30,2,0,2
`16,`291,District - Dhalai,`85,`855,`0000,Educational support services,88,44,44,68,32,36,20,12,8,6,0,6,6,0,6,0,0,0
`16,`291,District - Dhalai,`85,`855,`8550,Educational support services,88,44,44,68,32,36,20,12,8,6,0,6,6,0,6,0,0,0
`16,`291,District - Dhalai,`86,`000,`0000,Human health activities,250,54,196,198,42,156,52,12,40,18,0,18,18,0,18,0,0,0
`16,`291,District - Dhalai,`86,`861,`0000,Hospital activities,102,30,72,66,18,48,36,12,24,12,0,12,12,0,12,0,0,0
`16,`291,District - Dhalai,`86,`861,`8610,Hospital activities,102,30,72,66,18,48,36,12,24,12,0,12,12,0,12,0,0,0
`16,`291,District - Dhalai,`86,`862,`0000,Medical and dental practice activities,6,6,0,6,6,0,0,0,0,0,0,0,0,0,0,0,0,0
`16,`291,District - Dhalai,`86,`862,`8620,Medical and dental practice activities,6,6,0,6,6,0,0,0,0,0,0,0,0,0,0,0,0,0
`16,`291,District - Dhalai,`86,`869,`0000,Other human health activities,142,18,124,126,18,108,16,0,16,6,0,6,6,0,6,0,0,0
`16,`291,District - Dhalai,`86,`869,`8690,Other human health activities,142,18,124,126,18,108,16,0,16,6,0,6,6,0,6,0,0,0
`16,`291,District - Dhalai,`88,`000,`0000,Social work activities without accommodation,38,6,32,36,6,30,2,0,2,0,0,0,0,0,0,0,0,0
`16,`291,District - Dhalai,`88,`889,`0000,Other social work activities without accommodation n.e.c.,38,6,32,36,6,30,2,0,2,0,0,0,0,0,0,0,0,0
`16,`291,District - Dhalai,`88,`889,`8890,Other social work activities without accommodation n.e.c.,38,6,32,36,6,30,2,0,2,0,0,0,0,0,0,0,0,0
`16,`291,District - Dhalai,`90,`000,`0000,"Creative, arts and entertainment activities",12,6,6,0,0,0,12,6,6,0,0,0,0,0,0,0,0,0
`16,`291,District - Dhalai,`90,`900,`0000,"Creative, arts and entertainment activities",12,6,6,0,0,0,12,6,6,0,0,0,0,0,0,0,0,0
`16,`291,District - Dhalai,`90,`900,`9000,"Dramatic arts, music and other arts activities",12,6,6,0,0,0,12,6,6,0,0,0,0,0,0,0,0,0
`16,`291,District - Dhalai,`93,`000,`0000,Sports activities and amusement and recreation activities,8,8,0,0,0,0,8,8,0,0,0,0,0,0,0,0,0,0
`16,`291,District - Dhalai,`93,`932,`0000,Other amusement and recreation activities,8,8,0,0,0,0,8,8,0,0,0,0,0,0,0,0,0,0
`16,`291,District - Dhalai,`93,`932,`9329,Other amusement and recreation activities n.e.c.,8,8,0,0,0,0,8,8,0,0,0,0,0,0,0,0,0,0
`16,`291,District - Dhalai,`94,`000,`0000,Activities of membership organizations,8,6,2,8,6,2,0,0,0,0,0,0,0,0,0,0,0,0
`16,`291,District - Dhalai,`94,`949,`0000,Activities of other membership organizations,8,6,2,8,6,2,0,0,0,0,0,0,0,0,0,0,0,0
`16,`291,District - Dhalai,`94,`949,`9492,Activities of political organizations,8,6,2,8,6,2,0,0,0,0,0,0,0,0,0,0,0,0
`16,`291,District - Dhalai,`95,`000,`0000,Repair of computers and personal and household goods,56,56,0,28,28,0,28,28,0,0,0,0,0,0,0,0,0,0
`16,`291,District - Dhalai,`95,`951,`0000,Repair of computers and communication equipment,12,12,0,6,6,0,6,6,0,0,0,0,0,0,0,0,0,0
`16,`291,District - Dhalai,`95,`951,`9511,Repair of computers and peripheral equipment,6,6,0,6,6,0,0,0,0,0,0,0,0,0,0,0,0,0
`16,`291,District - Dhalai,`95,`951,`9512,Repair of communication equipment,6,6,0,0,0,0,6,6,0,0,0,0,0,0,0,0,0,0
`16,`291,District - Dhalai,`95,`952,`0000,Repair of personal and household goods,44,44,0,22,22,0,22,22,0,0,0,0,0,0,0,0,0,0
`16,`291,District - Dhalai,`95,`952,`9523,Repair of footwear and leather goods,12,12,0,6,6,0,6,6,0,0,0,0,0,0,0,0,0,0
`16,`291,District - Dhalai,`95,`952,`9529,"Repair of personal and household goods, n.e.c.",32,32,0,16,16,0,16,16,0,0,0,0,0,0,0,0,0,0
`16,`291,District - Dhalai,`96,`000,`0000,Other personal service activities,104,88,16,80,68,12,24,20,4,12,8,4,12,8,4,0,0,0
`16,`291,District - Dhalai,`96,`960,`0000,Other personal service activities,104,88,16,80,68,12,24,20,4,12,8,4,12,8,4,0,0,0
`16,`291,District - Dhalai,`96,`960,`9601,Washing and (dry-) cleaning of textile and fur products,28,24,4,20,18,2,8,6,2,0,0,0,0,0,0,0,0,0
`16,`291,District - Dhalai,`96,`960,`9602,Hairdressing and other beauty treatment,24,24,0,18,18,0,6,6,0,2,2,0,2,2,0,0,0,0
`16,`291,District - Dhalai,`96,`960,`9609,Other personal service activities n.e.c.,52,40,12,42,32,10,10,8,2,10,6,4,10,6,4,0,0,0
`16,`291,District - Dhalai,`97,`000,`0000,Activities of households as employers of domestic personnel,160,54,106,70,24,46,90,30,60,18,14,4,18,14,4,0,0,0
`16,`291,District - Dhalai,`97,`970,`0000,Activities of households as employers of domestic personnel,160,54,106,70,24,46,90,30,60,18,14,4,18,14,4,0,0,0
`16,`291,District - Dhalai,`97,`970,`9700,Activities of households as employers of domestic personnel,160,54,106,70,24,46,90,30,60,18,14,4,18,14,4,0,0,0
`16,`291,District - Dhalai,`99,`000,`0000,Activities of extraterritorial organizations and bodies,150,106,44,118,86,32,32,20,12,190,46,144,134,34,100,56,12,44
`16,`291,District - Dhalai,`99,`991,`0000,Blank,116,82,34,88,66,22,28,16,12,118,38,80,74,26,48,44,12,32
`16,`291,District - Dhalai,`99,`991,`9910,Blank,116,82,34,88,66,22,28,16,12,118,38,80,74,26,48,44,12,32
`16,`291,District - Dhalai,`99,`992,`0000,Incomplete description/ Wrongly Classifed,34,24,10,30,20,10,4,4,0,72,8,64,60,8,52,12,0,12
`16,`291,District - Dhalai,`99,`992,`9920,Incomplete description/ Wrongly Classifed,34,24,10,30,20,10,4,4,0,72,8,64,60,8,52,12,0,12
`16,`292,District - North Tripura,`00,`000,`0000,Total,20822,17460,3362,14558,12252,2306,6264,5208,1056,6706,3812,2894,5100,2758,2342,1606,1054,552
`16,`292,District - North Tripura,`01,`000,`0000,"Crop and animal production, hunting and related service activities",2124,1354,770,1994,1242,752,130,112,18,486,176,310,436,158,278,50,18,32
`16,`292,District - North Tripura,`01,`011,`0000,Growing of non-perennial crops,84,84,0,48,48,0,36,36,0,78,42,36,72,42,30,6,0,6
`16,`292,District - North Tripura,`01,`011,`0112,Growing of rice,72,72,0,48,48,0,24,24,0,72,36,36,66,36,30,6,0,6
`16,`292,District - North Tripura,`01,`011,`0113,"Growing of vegetables and melons, roots and tubers",12,12,0,0,0,0,12,12,0,6,6,0,6,6,0,0,0,0
`16,`292,District - North Tripura,`01,`012,`0000,Growing of perennial crops,1814,1098,716,1790,1080,710,24,18,6,256,110,146,244,98,146,12,12,0
`16,`292,District - North Tripura,`01,`012,`0125,Growing of other tree and bush fruits and nuts,8,6,2,6,6,0,2,0,2,0,0,0,0,0,0,0,0,0
`16,`292,District - North Tripura,`01,`012,`0127,Growing of beverage crops,1660,950,710,1656,950,706,4,0,4,214,78,136,214,78,136,0,0,0
`16,`292,District - North Tripura,`01,`012,`0129,Growing of other perennial crops,146,142,4,128,124,4,18,18,0,42,32,10,30,20,10,12,12,0
`16,`292,District - North Tripura,`01,`013,`0000,Plant propagation,2,2,0,0,0,0,2,2,0,0,0,0,0,0,0,0,0,0
`16,`292,District - North Tripura,`01,`013,`0130,Plant propagation,2,2,0,0,0,0,2,2,0,0,0,0,0,0,0,0,0,0
`16,`292,District - North Tripura,`01,`014,`0000,Animal production,110,70,40,80,46,34,30,24,6,138,12,126,112,12,100,26,0,26
`16,`292,District - North Tripura,`01,`014,`0141,Raising of cattle and buffaloes,58,36,22,38,18,20,20,18,2,84,6,78,66,6,60,18,0,18
`16,`292,District - North Tripura,`01,`014,`0144,Raising of sheep and goats,4,2,2,2,2,0,2,0,2,18,0,18,12,0,12,6,0,6
`16,`292,District - North Tripura,`01,`014,`0146,Raising of poultry,48,32,16,40,26,14,8,6,2,20,6,14,18,6,12,2,0,2
`16,`292,District - North Tripura,`01,`014,`0149,Raising of other animals,0,0,0,0,0,0,0,0,0,16,0,16,16,0,16,0,0,0
`16,`292,District - North Tripura,`01,`015,`0000,Mixed farming,12,12,0,6,6,0,6,6,0,0,0,0,0,0,0,0,0,0
`16,`292,District - North Tripura,`01,`015,`0150,Mixed farming,12,12,0,6,6,0,6,6,0,0,0,0,0,0,0,0,0,0
`16,`292,District - North Tripura,`01,`016,`0000,Support activities to agriculture and post-harvest crop activities,102,88,14,70,62,8,32,26,6,14,12,2,8,6,2,6,6,0
`16,`292,District - North Tripura,`01,`016,`0161,Support activities for crop production,86,76,10,56,50,6,30,26,4,12,12,0,6,6,0,6,6,0
`16,`292,District - North Tripura,`01,`016,`0163,Post-harvest crop activities,16,12,4,14,12,2,2,0,2,2,0,2,2,0,2,0,0,0
`16,`292,District - North Tripura,`02,`000,`0000,Forestry and logging,222,210,12,166,160,6,56,50,6,22,22,0,22,22,0,0,0,0
`16,`292,District - North Tripura,`02,`022,`0000,Logging,116,110,6,104,98,6,12,12,0,22,22,0,22,22,0,0,0,0
`16,`292,District - North Tripura,`02,`022,`0220,Logging,116,110,6,104,98,6,12,12,0,22,22,0,22,22,0,0,0,0
`16,`292,District - North Tripura,`02,`023,`0000,Gathering of non-wood forest products,2,2,0,2,2,0,0,0,0,0,0,0,0,0,0,0,0,0
`16,`292,District - North Tripura,`02,`023,`0230,Gathering of non-wood forest products,2,2,0,2,2,0,0,0,0,0,0,0,0,0,0,0,0,0
`16,`292,District - North Tripura,`02,`024,`0000,Support services to forestry,104,98,6,60,60,0,44,38,6,0,0,0,0,0,0,0,0,0
`16,`292,District - North Tripura,`02,`024,`0240,Support services to forestry,104,98,6,60,60,0,44,38,6,0,0,0,0,0,0,0,0,0
`16,`292,District - North Tripura,`03,`000,`0000,Fishing and aquaculture,192,188,4,182,180,2,10,8,2,52,52,0,52,52,0,0,0,0
`16,`292,District - North Tripura,`03,`031,`0000,Fishing,190,188,2,182,180,2,8,8,0,46,46,0,46,46,0,0,0,0
`16,`292,District - North Tripura,`03,`031,`0311,Marine fishing,68,68,0,66,66,0,2,2,0,0,0,0,0,0,0,0,0,0
`16,`292,District - North Tripura,`03,`031,`0312,Freash water fishing,122,120,2,116,114,2,6,6,0,46,46,0,46,46,0,0,0,0
`16,`292,District - North Tripura,`03,`032,`0000,Aquaculture,2,0,2,0,0,0,2,0,2,6,6,0,6,6,0,0,0,0
`16,`292,District - North Tripura,`03,`032,`0322,Freshwater aquaculture,2,0,2,0,0,0,2,0,2,6,6,0,6,6,0,0,0,0
`16,`292,District - North Tripura,`05,`000,`0000,Mining of coal and lignite,2,2,0,2,2,0,0,0,0,0,0,0,0,0,0,0,0,0
`16,`292,District - North Tripura,`05,`051,`0000,Mining of hard coal,2,2,0,2,2,0,0,0,0,0,0,0,0,0,0,0,0,0
`16,`292,District - North Tripura,`05,`051,`0510,Mining of hard coal,2,2,0,2,2,0,0,0,0,0,0,0,0,0,0,0,0,0
`16,`292,District - North Tripura,`06,`000,`0000,Extraction of crude petroleum and natural gas,2,2,0,2,2,0,0,0,0,0,0,0,0,0,0,0,0,0
`16,`292,District - North Tripura,`06,`061,`0000,Extraction of crude petroleum,2,2,0,2,2,0,0,0,0,0,0,0,0,0,0,0,0,0
`16,`292,District - North Tripura,`06,`061,`0610,Extraction of crude petroleum,2,2,0,2,2,0,0,0,0,0,0,0,0,0,0,0,0,0
`16,`292,District - North Tripura,`08,`000,`0000,Other mining and quarrying,104,74,30,98,74,24,6,0,6,18,6,12,10,0,10,8,6,2
`16,`292,District - North Tripura,`08,`081,`0000,"Quarrying of stone, sand and clay",78,54,24,72,54,18,6,0,6,16,6,10,8,0,8,8,6,2
`16,`292,District - North Tripura,`08,`081,`0810,"Quarrying of stone, sand and clay",78,54,24,72,54,18,6,0,6,16,6,10,8,0,8,8,6,2
`16,`292,District - North Tripura,`08,`089,`0000,Mining and quarrying n.e.c.,26,20,6,26,20,6,0,0,0,2,0,2,2,0,2,0,0,0
`16,`292,District - North Tripura,`08,`089,`0899,Other mining and quarrying n.e.c.,26,20,6,26,20,6,0,0,0,2,0,2,2,0,2,0,0,0
`16,`292,District - North Tripura,`09,`000,`0000,Mining support service activities,0,0,0,0,0,0,0,0,0,6,6,0,0,0,0,6,6,0
`16,`292,District - North Tripura,`09,`091,`0000,Support activities for petroleum and natural gas mining,0,0,0,0,0,0,0,0,0,6,6,0,0,0,0,6,6,0
`16,`292,District - North Tripura,`09,`091,`0910,Support activities for petroleum and natural gas mining,0,0,0,0,0,0,0,0,0,6,6,0,0,0,0,6,6,0
`16,`292,District - North Tripura,`10,`000,`0000,Manufacture of food products,210,150,60,120,100,20,90,50,40,92,12,80,60,12,48,32,0,32
`16,`292,District - North Tripura,`10,`101,`0000,Processing and preserving of meat,24,18,6,0,0,0,24,18,6,24,0,24,24,0,24,0,0,0
`16,`292,District - North Tripura,`10,`101,`1010,Processing and preserving of meat,24,18,6,0,0,0,24,18,6,24,0,24,24,0,24,0,0,0
`16,`292,District - North Tripura,`10,`102,`0000,"Processing and preserving of fish, crustaceans and molluscs",4,2,2,4,2,2,0,0,0,0,0,0,0,0,0,0,0,0
`16,`292,District - North Tripura,`10,`102,`1020,"Processing and preserving of fish, crustaceans and molluscs and",4,2,2,4,2,2,0,0,0,0,0,0,0,0,0,0,0,0
`16,`292,District - North Tripura,`10,`105,`0000,Manufacture of dairy products,38,6,32,6,6,0,32,0,32,38,0,38,6,0,6,32,0,32
`16,`292,District - North Tripura,`10,`105,`1050,Manufacture of dairy products,38,6,32,6,6,0,32,0,32,38,0,38,6,0,6,32,0,32
`16,`292,District - North Tripura,`10,`106,`0000,"Manufacture of grain mill products, starches and starch products",28,24,4,26,24,2,2,0,2,12,6,6,12,6,6,0,0,0
`16,`292,District - North Tripura,`10,`106,`1061,Manufacture of grain mill products,28,24,4,26,24,2,2,0,2,12,6,6,12,6,6,0,0,0
`16,`292,District - North Tripura,`10,`107,`0000,Manufacture of other food products,116,100,16,84,68,16,32,32,0,18,6,12,18,6,12,0,0,0
`16,`292,District - North Tripura,`10,`107,`1071,Manufacture of bakery products,52,44,8,38,30,8,14,14,0,6,6,0,6,6,0,0,0,0
`16,`292,District - North Tripura,`10,`107,`1073,"Manufacture of cocoa, chocolate and sugar confectionery",26,20,6,20,14,6,6,6,0,0,0,0,0,0,0,0,0,0
`16,`292,District - North Tripura,`10,`107,`1075,Manufacture of prepared meals and dishes,24,24,0,18,18,0,6,6,0,0,0,0,0,0,0,0,0,0
`16,`292,District - North Tripura,`10,`107,`1079,Manufacture of other food products n.e.c.,14,12,2,8,6,2,6,6,0,12,0,12,12,0,12,0,0,0
`16,`292,District - North Tripura,`11,`000,`0000,Manufacture of beverages,2,2,0,2,2,0,0,0,0,0,0,0,0,0,0,0,0,0
`16,`292,District - North Tripura,`11,`110,`0000,Manufacture of beverages,2,2,0,2,2,0,0,0,0,0,0,0,0,0,0,0,0,0
`16,`292,District - North Tripura,`11,`110,`1104,Manufacture of soft drinks; production of mineral waters and other,2,2,0,2,2,0,0,0,0,0,0,0,0,0,0,0,0,0
`16,`292,District - North Tripura,`12,`000,`0000,Manufacture of tobacco products,6,6,0,0,0,0,6,6,0,0,0,0,0,0,0,0,0,0
`16,`292,District - North Tripura,`12,`120,`0000,Manufacture of tobacco products,6,6,0,0,0,0,6,6,0,0,0,0,0,0,0,0,0,0
`16,`292,District - North Tripura,`12,`120,`1200,Manufacture of tobacco products,6,6,0,0,0,0,6,6,0,0,0,0,0,0,0,0,0,0
`16,`292,District - North Tripura,`13,`000,`0000,Manufacture of textiles,132,112,20,82,68,14,50,44,6,102,60,42,82,48,34,20,12,8
`16,`292,District - North Tripura,`13,`131,`0000,"Spinning, weaving and finishing of textiles",132,112,20,82,68,14,50,44,6,100,60,40,80,48,32,20,12,8
`16,`292,District - North Tripura,`13,`131,`1311,Preparation and spinning of textile fibres,132,112,20,82,68,14,50,44,6,88,60,28,68,48,20,20,12,8
`16,`292,District - North Tripura,`13,`131,`1312,Weaving of textiles,0,0,0,0,0,0,0,0,0,12,0,12,12,0,12,0,0,0
`16,`292,District - North Tripura,`13,`139,`0000,Manufacture of other textiles,0,0,0,0,0,0,0,0,0,2,0,2,2,0,2,0,0,0
`16,`292,District - North Tripura,`13,`139,`1394,"Manufacture of cordage, rope, twine and netting",0,0,0,0,0,0,0,0,0,2,0,2,2,0,2,0,0,0
`16,`292,District - North Tripura,`14,`000,`0000,Manufacture of wearing apparel,158,112,46,104,76,28,54,36,18,2,0,2,0,0,0,2,0,2
`16,`292,District - North Tripura,`14,`141,`0000,"Manufacture of wearing apparel, except fur apparel",158,112,46,104,76,28,54,36,18,2,0,2,0,0,0,2,0,2
`16,`292,District - North Tripura,`14,`141,`1410,"Manufacture of wearing apparel, except fur apparel",158,112,46,104,76,28,54,36,18,2,0,2,0,0,0,2,0,2
`16,`292,District - North Tripura,`15,`000,`0000,Manufacture of leather and related products,6,6,0,6,6,0,0,0,0,6,6,0,6,6,0,0,0,0
`16,`292,District - North Tripura,`15,`151,`0000,"Tanning and dressing of leather; manufacture of luggage, handbags, saddlery",6,6,0,6,6,0,0,0,0,6,6,0,6,6,0,0,0,0
`16,`292,District - North Tripura,`15,`151,`1511,Tanning and dressing of leather; dressing and dyeing of fur,6,6,0,6,6,0,0,0,0,6,6,0,6,6,0,0,0,0
`16,`292,District - North Tripura,`16,`000,`0000,"Manufacture of wood and products of wood and cork, except furniture;",674,618,56,544,496,48,130,122,8,294,172,122,240,124,116,54,48,6
`16,`292,District - North Tripura,`16,`161,`0000,Sawmilling and planing of wood,48,48,0,30,30,0,18,18,0,6,6,0,6,6,0,0,0,0
`16,`292,District - North Tripura,`16,`161,`1610,Saw milling and planing of wood,48,48,0,30,30,0,18,18,0,6,6,0,6,6,0,0,0,0
`16,`292,District - North Tripura,`16,`162,`0000,"Manufacture of products of wood, cork, straw and plaiting materials",626,570,56,514,466,48,112,104,8,288,166,122,234,118,116,54,48,6
`16,`292,District - North Tripura,`16,`162,`1621,"Manufacture of veneer sheets; manufacture of plywood, laminboard,",26,26,0,26,26,0,0,0,0,0,0,0,0,0,0,0,0,0
`16,`292,District - North Tripura,`16,`162,`1623,Manufacture of wooden containers,168,146,22,134,114,20,34,32,2,52,34,18,50,32,18,2,2,0
`16,`292,District - North Tripura,`16,`162,`1629,"Manufacture of other products of wood; manufacture of articles of cork,",432,398,34,354,326,28,78,72,6,236,132,104,184,86,98,52,46,6
`16,`292,District - North Tripura,`17,`000,`0000,Manufacture of paper and paper products,6,6,0,6,6,0,0,0,0,2,0,2,2,0,2,0,0,0
`16,`292,District - North Tripura,`17,`170,`0000,Manufacture of paper and paper products,6,6,0,6,6,0,0,0,0,2,0,2,2,0,2,0,0,0
`16,`292,District - North Tripura,`17,`170,`1709,Manufacture of other articles of paper and paperboard,6,6,0,6,6,0,0,0,0,2,0,2,2,0,2,0,0,0
`16,`292,District - North Tripura,`20,`000,`0000,Manufacture of chemicals and chemical products,38,14,24,24,6,18,14,8,6,94,12,82,86,12,74,8,0,8
`16,`292,District - North Tripura,`20,`202,`0000,Manufacture of other chemical products,38,14,24,24,6,18,14,8,6,94,12,82,86,12,74,8,0,8
`16,`292,District - North Tripura,`20,`202,`2023,"Manufacture of soap and detergents, cleaning and polishing preparations,",38,14,24,24,6,18,14,8,6,94,12,82,86,12,74,8,0,8
`16,`292,District - North Tripura,`23,`000,`0000,Manufacture of other non-metallic mineral products,236,180,56,200,150,50,36,30,6,64,34,30,44,22,22,20,12,8
`16,`292,District - North Tripura,`23,`239,`0000,Manufacture of non-metallic mineral products n.e.c.,236,180,56,200,150,50,36,30,6,64,34,30,44,22,22,20,12,8
`16,`292,District - North Tripura,`23,`239,`2391,Manufacture of refractory products,34,32,2,10,8,2,24,24,0,6,6,0,6,6,0,0,0,0
`16,`292,District - North Tripura,`23,`239,`2392,Manufacture of clay building materials,200,146,54,188,140,48,12,6,6,52,28,24,32,16,16,20,12,8
`16,`292,District - North Tripura,`23,`239,`2393,Manufacture of other porcelain and ceramic products,2,2,0,2,2,0,0,0,0,6,0,6,6,0,6,0,0,0
`16,`292,District - North Tripura,`24,`000,`0000,Manufacture of basic metals,18,18,0,0,0,0,18,18,0,0,0,0,0,0,0,0,0,0
`16,`292,District - North Tripura,`24,`241,`0000,Manufacture of basic iron and steel,18,18,0,0,0,0,18,18,0,0,0,0,0,0,0,0,0,0
`16,`292,District - North Tripura,`24,`241,`2410,Manufacture of basic iron and steel,18,18,0,0,0,0,18,18,0,0,0,0,0,0,0,0,0,0
`16,`292,District - North Tripura,`25,`000,`0000,"Manufacture of fabricated metal products, except machinery and equipment",12,12,0,6,6,0,6,6,0,0,0,0,0,0,0,0,0,0
`16,`292,District - North Tripura,`25,`259,`0000,Manufacture of other fabricated metal products; metalworking service,12,12,0,6,6,0,6,6,0,0,0,0,0,0,0,0,0,0
`16,`292,District - North Tripura,`25,`259,`2593,"Manufacture of cutlery, hand tools and general hardware",12,12,0,6,6,0,6,6,0,0,0,0,0,0,0,0,0,0
`16,`292,District - North Tripura,`30,`000,`0000,Manufacture of other transport equipment,6,0,6,6,0,6,0,0,0,6,6,0,6,6,0,0,0,0
`16,`292,District - North Tripura,`30,`309,`0000,Manufacture of transport equipment n.e.c.,6,0,6,6,0,6,0,0,0,6,6,0,6,6,0,0,0,0
`16,`292,District - North Tripura,`30,`309,`3099,Manufacture of other transport equipment n.e.c.,6,0,6,6,0,6,0,0,0,6,6,0,6,6,0,0,0,0
`16,`292,District - North Tripura,`31,`000,`0000,Manufacture of furniture,612,586,26,484,458,26,128,128,0,90,72,18,72,54,18,18,18,0
`16,`292,District - North Tripura,`31,`310,`0000,Manufacture of furniture,612,586,26,484,458,26,128,128,0,90,72,18,72,54,18,18,18,0
`16,`292,District - North Tripura,`31,`310,`3100,Manufacture of furniture,612,586,26,484,458,26,128,128,0,90,72,18,72,54,18,18,18,0
`16,`292,District - North Tripura,`32,`000,`0000,Other manufacturing,106,94,12,78,68,10,28,26,2,32,12,20,32,12,20,0,0,0
`16,`292,District - North Tripura,`32,`321,`0000,"Manufacture of jewellery, bijouterie and related articles",70,70,0,44,44,0,26,26,0,0,0,0,0,0,0,0,0,0
`16,`292,District - North Tripura,`32,`321,`3211,Manufacture of jewellery and related articles,64,64,0,38,38,0,26,26,0,0,0,0,0,0,0,0,0,0
`16,`292,District - North Tripura,`32,`321,`3212,Manufacture of imitation jewellery and related articles,6,6,0,6,6,0,0,0,0,0,0,0,0,0,0,0,0,0
`16,`292,District - North Tripura,`32,`322,`0000,Manufacture of musical instruments,6,6,0,6,6,0,0,0,0,0,0,0,0,0,0,0,0,0
`16,`292,District - North Tripura,`32,`322,`3220,Manufacture of musical instruments,6,6,0,6,6,0,0,0,0,0,0,0,0,0,0,0,0,0
`16,`292,District - North Tripura,`32,`329,`0000,Other manufacturing n.e.c.,30,18,12,28,18,10,2,0,2,32,12,20,32,12,20,0,0,0
`16,`292,District - North Tripura,`32,`329,`3290,Other manufacturing n.e.c.,30,18,12,28,18,10,2,0,2,32,12,20,32,12,20,0,0,0
`16,`292,District - North Tripura,`33,`000,`0000,Repair and installation of machinery and equipment,32,32,0,20,20,0,12,12,0,6,6,0,6,6,0,0,0,0
`16,`292,District - North Tripura,`33,`331,`0000,"Repair of fabricated metal products, machinery and equipment",32,32,0,20,20,0,12,12,0,6,6,0,6,6,0,0,0,0
`16,`292,District - North Tripura,`33,`331,`3313,Repair of electronic and optical equipment,6,6,0,0,0,0,6,6,0,0,0,0,0,0,0,0,0,0
`16,`292,District - North Tripura,`33,`331,`3314,Repair of electrical equipment,8,8,0,8,8,0,0,0,0,6,6,0,6,6,0,0,0,0
`16,`292,District - North Tripura,`33,`331,`3315,"Repair of transport equipment, except motor vehicles",6,6,0,6,6,0,0,0,0,0,0,0,0,0,0,0,0,0
`16,`292,District - North Tripura,`33,`331,`3319,Repair of other equipment,12,12,0,6,6,0,6,6,0,0,0,0,0,0,0,0,0,0
`16,`292,District - North Tripura,`35,`000,`0000,"Electricity, gas, steam and air conditioning supply",146,136,10,88,88,0,58,48,10,0,0,0,0,0,0,0,0,0
`16,`292,District - North Tripura,`35,`351,`0000,"Electric power generation, transmission and distribution",140,130,10,88,88,0,52,42,10,0,0,0,0,0,0,0,0,0
`16,`292,District - North Tripura,`35,`351,`3510,"Electric power generation, transmission and distribution",140,130,10,88,88,0,52,42,10,0,0,0,0,0,0,0,0,0
`16,`292,District - North Tripura,`35,`353,`0000,Steam and air conditioning supply,6,6,0,0,0,0,6,6,0,0,0,0,0,0,0,0,0,0
`16,`292,District - North Tripura,`35,`353,`3530,Steam and air conditioning supply,6,6,0,0,0,0,6,6,0,0,0,0,0,0,0,0,0,0
`16,`292,District - North Tripura,`36,`000,`0000,"Water collection, treatment and supply",82,80,2,50,50,0,32,30,2,0,0,0,0,0,0,0,0,0
`16,`292,District - North Tripura,`36,`360,`0000,"Water collection, treatment and supply",82,80,2,50,50,0,32,30,2,0,0,0,0,0,0,0,0,0
`16,`292,District - North Tripura,`36,`360,`3600,"Water collection, treatment and supply",82,80,2,50,50,0,32,30,2,0,0,0,0,0,0,0,0,0
`16,`292,District - North Tripura,`41,`000,`0000,Construction of buildings,1914,1854,60,1438,1390,48,476,464,12,786,628,158,520,404,116,266,224,42
`16,`292,District - North Tripura,`41,`410,`0000,Construction of buildings,1914,1854,60,1438,1390,48,476,464,12,786,628,158,520,404,116,266,224,42
`16,`292,District - North Tripura,`41,`410,`4100,Construction of buildings,1914,1854,60,1438,1390,48,476,464,12,786,628,158,520,404,116,266,224,42
`16,`292,District - North Tripura,`42,`000,`0000,Civil engineering,1608,1386,222,1334,1158,176,274,228,46,1912,1058,854,1474,768,706,438,290,148
`16,`292,District - North Tripura,`42,`421,`0000,Construction of roads and railways,1122,932,190,954,804,150,168,128,40,1626,862,764,1252,618,634,374,244,130
`16,`292,District - North Tripura,`42,`421,`4210,Construction roads and railways,1122,932,190,954,804,150,168,128,40,1626,862,764,1252,618,634,374,244,130
`16,`292,District - North Tripura,`42,`422,`0000,Construction of utility projects,20,20,0,20,20,0,0,0,0,8,0,8,8,0,8,0,0,0
`16,`292,District - North Tripura,`42,`422,`4220,Construction of utility projects,20,20,0,20,20,0,0,0,0,8,0,8,8,0,8,0,0,0
`16,`292,District - North Tripura,`42,`429,`0000,Construction of other civil engineering projects,466,434,32,360,334,26,106,100,6,278,196,82,214,150,64,64,46,18
`16,`292,District - North Tripura,`42,`429,`4290,Construction of other civil engineering projects,466,434,32,360,334,26,106,100,6,278,196,82,214,150,64,64,46,18
`16,`292,District - North Tripura,`43,`000,`0000,Specialized construction activities,1740,1542,198,1344,1184,160,396,358,38,698,552,146,504,390,114,194,162,32
`16,`292,District - North Tripura,`43,`431,`0000,Demolition and site preparation,182,158,24,120,108,12,62,50,12,134,76,58,104,58,46,30,18,12
`16,`292,District - North Tripura,`43,`431,`4312,Site preparation,182,158,24,120,108,12,62,50,12,134,76,58,104,58,46,30,18,12
`16,`292,District - North Tripura,`43,`432,`0000,"Electrical, plumbing and other construction installation activities",1428,1256,172,1104,958,146,324,298,26,544,456,88,388,320,68,156,136,20
`16,`292,District - North Tripura,`43,`432,`4321,Electrical installation,24,24,0,18,18,0,6,6,0,18,18,0,12,12,0,6,6,0
`16,`292,District - North Tripura,`43,`432,`4322,"Plumbing, heat and air-conditioning installation",8,8,0,0,0,0,8,8,0,0,0,0,0,0,0,0,0,0
`16,`292,District - North Tripura,`43,`432,`4329,Other construction installation,1396,1224,172,1086,940,146,310,284,26,526,438,88,376,308,68,150,130,20
`16,`292,District - North Tripura,`43,`433,`0000,Building completion and finishing,130,128,2,120,118,2,10,10,0,20,20,0,12,12,0,8,8,0
`16,`292,District - North Tripura,`43,`433,`4330,Building completion and finishing,130,128,2,120,118,2,10,10,0,20,20,0,12,12,0,8,8,0
`16,`292,District - North Tripura,`45,`000,`0000,Wholesale and retail trade and repair of motor vehicles and motorcycles,114,108,6,50,50,0,64,58,6,8,8,0,6,6,0,2,2,0
`16,`292,District - North Tripura,`45,`452,`0000,Maintenance and repair of motor vehicles,102,96,6,44,44,0,58,52,6,8,8,0,6,6,0,2,2,0
`16,`292,District - North Tripura,`45,`452,`4520,Maintenance and repair of motor vehicles,102,96,6,44,44,0,58,52,6,8,8,0,6,6,0,2,2,0
`16,`292,District - North Tripura,`45,`453,`0000,Sale of motor vehicle parts and accessories,12,12,0,6,6,0,6,6,0,0,0,0,0,0,0,0,0,0
`16,`292,District - North Tripura,`45,`453,`4530,Sale of motor vehicle parts and accessories,12,12,0,6,6,0,6,6,0,0,0,0,0,0,0,0,0,0
`16,`292,District - North Tripura,`46,`000,`0000,"Wholesale trade, except of motor vehicles and motorcycles",34,32,2,26,26,0,8,6,2,0,0,0,0,0,0,0,0,0
`16,`292,District - North Tripura,`46,`461,`0000,Wholesale on a fee or contract basis,2,2,0,2,2,0,0,0,0,0,0,0,0,0,0,0,0,0
`16,`292,District - North Tripura,`46,`461,`4610,Wholesale on a fee or contract basis,2,2,0,2,2,0,0,0,0,0,0,0,0,0,0,0,0,0
`16,`292,District - North Tripura,`46,`462,`0000,Wholesale of agricultural raw materials and live animals,6,6,0,6,6,0,0,0,0,0,0,0,0,0,0,0,0,0
`16,`292,District - North Tripura,`46,`462,`4620,Wholesale of agricultural raw materials and live animals,6,6,0,6,6,0,0,0,0,0,0,0,0,0,0,0,0,0
`16,`292,District - North Tripura,`46,`463,`0000,"Wholesale of food, beverages and tobacco",6,6,0,6,6,0,0,0,0,0,0,0,0,0,0,0,0,0
`16,`292,District - North Tripura,`46,`463,`4630,"Wholesale of food, beverages and tobacco",6,6,0,6,6,0,0,0,0,0,0,0,0,0,0,0,0,0
`16,`292,District - North Tripura,`46,`466,`0000,Other specialized wholesale,20,18,2,12,12,0,8,6,2,0,0,0,0,0,0,0,0,0
`16,`292,District - North Tripura,`46,`466,`4661,"Wholesale of solid, liquid and gaseous fuels and related products",8,6,2,6,6,0,2,0,2,0,0,0,0,0,0,0,0,0
`16,`292,District - North Tripura,`46,`466,`4663,"Wholesale of construction materials, hardware, plumbing and heating",12,12,0,6,6,0,6,6,0,0,0,0,0,0,0,0,0,0
`16,`292,District - North Tripura,`47,`000,`0000,"Retail trade, except of motor vehicles and motorcycles",2534,2462,72,1650,1606,44,884,856,28,346,334,12,236,230,6,110,104,6
`16,`292,District - North Tripura,`47,`471,`0000,Retail sale in non-specialized stores,836,814,22,532,520,12,304,294,10,82,80,2,56,56,0,26,24,2
`16,`292,District - North Tripura,`47,`471,`4711,"Retail sale in non-specialized stores with food, beverages or tobacco",376,362,14,236,228,8,140,134,6,56,54,2,42,42,0,14,12,2
`16,`292,District - North Tripura,`47,`471,`4719,Other retail sale in non-specialized stores,460,452,8,296,292,4,164,160,4,26,26,0,14,14,0,12,12,0
`16,`292,District - North Tripura,`47,`472,`0000,"Retail sale of food, beverages and tobacco in specialized stores",990,968,22,670,652,18,320,316,4,146,140,6,106,100,6,40,40,0
`16,`292,District - North Tripura,`47,`472,`4721,Retail sale of food in specialized stores,940,918,22,644,626,18,296,292,4,146,140,6,106,100,6,40,40,0
`16,`292,District - North Tripura,`47,`472,`4722,Retail sale of beverages in specialized stores,18,18,0,0,0,0,18,18,0,0,0,0,0,0,0,0,0,0
`16,`292,District - North Tripura,`47,`472,`4723,Retail sale of tobacco products in specialized stores,32,32,0,26,26,0,6,6,0,0,0,0,0,0,0,0,0,0
`16,`292,District - North Tripura,`47,`473,`0000,Retail sale of automotive fuel in specialized stores,12,12,0,0,0,0,12,12,0,0,0,0,0,0,0,0,0,0
`16,`292,District - North Tripura,`47,`473,`4730,Retail sale of automotive fuel in specialized stores,12,12,0,0,0,0,12,12,0,0,0,0,0,0,0,0,0,0
`16,`292,District - North Tripura,`47,`474,`0000,Retail sale of information and communications equipment in specialized,18,18,0,6,6,0,12,12,0,0,0,0,0,0,0,0,0,0
`16,`292,District - North Tripura,`47,`474,`4741,"Retail sale of computers, peripheral units, software and",12,12,0,0,0,0,12,12,0,0,0,0,0,0,0,0,0,0
`16,`292,District - North Tripura,`47,`474,`4742,Retail sale of audio and video equipment in specialized stores,6,6,0,6,6,0,0,0,0,0,0,0,0,0,0,0,0,0
`16,`292,District - North Tripura,`47,`475,`0000,Retail sale of other household equipment in specialized stores,126,126,0,78,78,0,48,48,0,18,18,0,12,12,0,6,6,0
`16,`292,District - North Tripura,`47,`475,`4752,"Retail sale of hardware, paints and glass in specialized stores",112,112,0,70,70,0,42,42,0,12,12,0,12,12,0,0,0,0
`16,`292,District - North Tripura,`47,`475,`4759,"Retail sale of electrical household appliances, furniture, lighting",14,14,0,8,8,0,6,6,0,6,6,0,0,0,0,6,6,0
`16,`292,District - North Tripura,`47,`476,`0000,Retail sale of cultural and recreation goods in specialized stores,82,82,0,52,52,0,30,30,0,18,18,0,6,6,0,12,12,0
`16,`292,District - North Tripura,`47,`476,`4761,"Retail sale of books, newspapers and stationary in specialized stores",76,76,0,46,46,0,30,30,0,18,18,0,6,6,0,12,12,0
`16,`292,District - North Tripura,`47,`476,`4762,Retail sale of music and video recordings in specialized stores,6,6,0,6,6,0,0,0,0,0,0,0,0,0,0,0,0,0
`16,`292,District - North Tripura,`47,`477,`0000,Retail sale of other goods in specialized stores,404,378,26,270,256,14,134,122,12,68,66,2,56,56,0,12,10,2
`16,`292,District - North Tripura,`47,`477,`4771,"Retail sale of clothing, footwear and leather articles in specialized",182,170,12,124,118,6,58,52,6,30,30,0,26,26,0,4,4,0
`16,`292,District - North Tripura,`47,`477,`4772,"Retail sale of pharmaceutical and medical goods, cosmetic and toilet",168,154,14,112,104,8,56,50,6,26,24,2,24,24,0,2,0,2
`16,`292,District - North Tripura,`47,`477,`4773,Other retail sale of new goods in specialized stores,54,54,0,34,34,0,20,20,0,12,12,0,6,6,0,6,6,0
`16,`292,District - North Tripura,`47,`478,`0000,Retail sale via stalls and markets,40,40,0,24,24,0,16,16,0,12,12,0,0,0,0,12,12,0
`16,`292,District - North Tripura,`47,`478,`4782,"Retail sale via stalls and markets of textiles, clothing and footwear",0,0,0,0,0,0,0,0,0,6,6,0,0,0,0,6,6,0
`16,`292,District - North Tripura,`47,`478,`4789,Retail sale via stalls and markets of other goods,40,40,0,24,24,0,16,16,0,6,6,0,0,0,0,6,6,0
`16,`292,District - North Tripura,`47,`479,`0000,"Retail trade not in stores, stalls or markets",26,24,2,18,18,0,8,6,2,2,0,2,0,0,0,2,0,2
`16,`292,District - North Tripura,`47,`479,`4791,Retail sale via mail order houses or via Internet,6,6,0,6,6,0,0,0,0,0,0,0,0,0,0,0,0,0
`16,`292,District - North Tripura,`47,`479,`4799,"Other retail sale not in stores, stalls or markets",20,18,2,12,12,0,8,6,2,2,0,2,0,0,0,2,0,2
`16,`292,District - North Tripura,`49,`000,`0000,Land transport and transport via pipelines,1984,1968,16,1190,1182,8,794,786,8,152,152,0,116,116,0,36,36,0
`16,`292,District - North Tripura,`49,`491,`0000,Transport via railways,64,64,0,8,8,0,56,56,0,0,0,0,0,0,0,0,0,0
`16,`292,District - North Tripura,`49,`491,`4911,Passenger rail transport,64,64,0,8,8,0,56,56,0,0,0,0,0,0,0,0,0,0
`16,`292,District - North Tripura,`49,`492,`0000,Other land transport,1920,1904,16,1182,1174,8,738,730,8,152,152,0,116,116,0,36,36,0
`16,`292,District - North Tripura,`49,`492,`4921,Urban or suburban passenger land transport,294,294,0,188,188,0,106,106,0,32,32,0,20,20,0,12,12,0
`16,`292,District - North Tripura,`49,`492,`4922,Other passenger land transport,1086,1076,10,644,642,2,442,434,8,82,82,0,60,60,0,22,22,0
`16,`292,District - North Tripura,`49,`492,`4923,Freight transport by road,540,534,6,350,344,6,190,190,0,38,38,0,36,36,0,2,2,0
`16,`292,District - North Tripura,`52,`000,`0000,Warehousing and support activities for transportation,114,114,0,58,58,0,56,56,0,0,0,0,0,0,0,0,0,0
`16,`292,District - North Tripura,`52,`521,`0000,Warehousing and storage,18,18,0,0,0,0,18,18,0,0,0,0,0,0,0,0,0,0
`16,`292,District - North Tripura,`52,`521,`5210,Warehousing and storage,18,18,0,0,0,0,18,18,0,0,0,0,0,0,0,0,0,0
`16,`292,District - North Tripura,`52,`522,`0000,Support activities for transportation,96,96,0,58,58,0,38,38,0,0,0,0,0,0,0,0,0,0
`16,`292,District - North Tripura,`52,`522,`5221,Service activities incidental to land transportation,94,94,0,58,58,0,36,36,0,0,0,0,0,0,0,0,0,0
`16,`292,District - North Tripura,`52,`522,`5229,Other transportation support activities,2,2,0,0,0,0,2,2,0,0,0,0,0,0,0,0,0,0
`16,`292,District - North Tripura,`53,`000,`0000,Postal and courier activities,80,72,8,50,42,8,30,30,0,0,0,0,0,0,0,0,0,0
`16,`292,District - North Tripura,`53,`531,`0000,Postal activities,80,72,8,50,42,8,30,30,0,0,0,0,0,0,0,0,0,0
`16,`292,District - North Tripura,`53,`531,`5310,Postal activities,80,72,8,50,42,8,30,30,0,0,0,0,0,0,0,0,0,0
`16,`292,District - North Tripura,`55,`000,`0000,Accommodation,64,50,14,34,28,6,30,22,8,6,6,0,6,6,0,0,0,0
`16,`292,District - North Tripura,`55,`551,`0000,Short term accommodation activities,54,50,4,30,28,2,24,22,2,6,6,0,6,6,0,0,0,0
`16,`292,District - North Tripura,`55,`551,`5510,Short term accommodation activities,54,50,4,30,28,2,24,22,2,6,6,0,6,6,0,0,0,0
`16,`292,District - North Tripura,`55,`559,`0000,Other accommodation,10,0,10,4,0,4,6,0,6,0,0,0,0,0,0,0,0,0
`16,`292,District - North Tripura,`55,`559,`5590,Other accommodation,10,0,10,4,0,4,6,0,6,0,0,0,0,0,0,0,0,0
`16,`292,District - North Tripura,`56,`000,`0000,Food and beverage service activities,282,226,56,206,164,42,76,62,14,28,20,8,14,14,0,14,6,8
`16,`292,District - North Tripura,`56,`561,`0000,Restaurants and mobile food service activities,44,42,2,26,24,2,18,18,0,0,0,0,0,0,0,0,0,0
`16,`292,District - North Tripura,`56,`561,`5610,Restaurants and mobile food service activities,44,42,2,26,24,2,18,18,0,0,0,0,0,0,0,0,0,0
`16,`292,District - North Tripura,`56,`562,`0000,Event catering and other food service activities,26,6,20,26,6,20,0,0,0,8,0,8,0,0,0,8,0,8
`16,`292,District - North Tripura,`56,`562,`5621,Event catering,26,6,20,26,6,20,0,0,0,8,0,8,0,0,0,8,0,8
`16,`292,District - North Tripura,`56,`563,`0000,Beverage serving activities,212,178,34,154,134,20,58,44,14,20,20,0,14,14,0,6,6,0
`16,`292,District - North Tripura,`56,`563,`5630,Beverage serving activities,212,178,34,154,134,20,58,44,14,20,20,0,14,14,0,6,6,0
`16,`292,District - North Tripura,`58,`000,`0000,Publishing activities,6,6,0,6,6,0,0,0,0,0,0,0,0,0,0,0,0,0
`16,`292,District - North Tripura,`58,`581,`0000,"Publishing of books, periodicals and other publishing activities",6,6,0,6,6,0,0,0,0,0,0,0,0,0,0,0,0,0
`16,`292,District - North Tripura,`58,`581,`5811,Book publishing,6,6,0,6,6,0,0,0,0,0,0,0,0,0,0,0,0,0
`16,`292,District - North Tripura,`61,`000,`0000,Telecommunications,48,42,6,30,24,6,18,18,0,0,0,0,0,0,0,0,0,0
`16,`292,District - North Tripura,`61,`611,`0000,Wired telecommunications activities,24,18,6,12,6,6,12,12,0,0,0,0,0,0,0,0,0,0
`16,`292,District - North Tripura,`61,`611,`6110,Wired telecommunications activities,24,18,6,12,6,6,12,12,0,0,0,0,0,0,0,0,0,0
`16,`292,District - North Tripura,`61,`613,`0000,Satellite telecommunications activities,6,6,0,6,6,0,0,0,0,0,0,0,0,0,0,0,0,0
`16,`292,District - North Tripura,`61,`613,`6130,Satellite telecommunications activities,6,6,0,6,6,0,0,0,0,0,0,0,0,0,0,0,0,0
`16,`292,District - North Tripura,`61,`619,`0000,Other telecommunications activities,18,18,0,12,12,0,6,6,0,0,0,0,0,0,0,0,0,0
`16,`292,District - North Tripura,`61,`619,`6190,Other telecommunications activities,18,18,0,12,12,0,6,6,0,0,0,0,0,0,0,0,0,0
`16,`292,District - North Tripura,`63,`000,`0000,Information service activities,6,6,0,6,6,0,0,0,0,0,0,0,0,0,0,0,0,0
`16,`292,District - North Tripura,`63,`631,`0000,"Data processing, hosting and related activities; web portals",6,6,0,6,6,0,0,0,0,0,0,0,0,0,0,0,0,0
`16,`292,District - North Tripura,`63,`631,`6311,"Data processing, hosting and related activities",6,6,0,6,6,0,0,0,0,0,0,0,0,0,0,0,0,0
`16,`292,District - North Tripura,`64,`000,`0000,"Financial service activities, except insurance and pension funding",28,26,2,4,2,2,24,24,0,8,6,2,6,6,0,2,0,2
`16,`292,District - North Tripura,`64,`641,`0000,Monetary intermediation,22,20,2,4,2,2,18,18,0,2,0,2,0,0,0,2,0,2
`16,`292,District - North Tripura,`64,`641,`6419,Other monetary intermediation,22,20,2,4,2,2,18,18,0,2,0,2,0,0,0,2,0,2
`16,`292,District - North Tripura,`64,`642,`0000,Activities of holding companies,6,6,0,0,0,0,6,6,0,0,0,0,0,0,0,0,0,0
`16,`292,District - North Tripura,`64,`642,`6420,Activities of holding companies,6,6,0,0,0,0,6,6,0,0,0,0,0,0,0,0,0,0
`16,`292,District - North Tripura,`64,`643,`0000,"Trusts, funds and other financial vehicles",0,0,0,0,0,0,0,0,0,6,6,0,6,6,0,0,0,0
`16,`292,District - North Tripura,`64,`643,`6430,"Trusts, funds and other financial vehicles",0,0,0,0,0,0,0,0,0,6,6,0,6,6,0,0,0,0
`16,`292,District - North Tripura,`65,`000,`0000,"Insurance, reinsurance and pension funding, except compulsory social",54,44,10,6,6,0,48,38,10,2,2,0,2,2,0,0,0,0
`16,`292,District - North Tripura,`65,`651,`0000,Insurance,54,44,10,6,6,0,48,38,10,2,2,0,2,2,0,0,0,0
`16,`292,District - North Tripura,`65,`651,`6511,Life insurance,40,32,8,0,0,0,40,32,8,2,2,0,2,2,0,0,0,0
`16,`292,District - North Tripura,`65,`651,`6512,Non-life insurance,14,12,2,6,6,0,8,6,2,0,0,0,0,0,0,0,0,0
`16,`292,District - North Tripura,`66,`000,`0000,Other financial activities,12,12,0,6,6,0,6,6,0,0,0,0,0,0,0,0,0,0
`16,`292,District - North Tripura,`66,`662,`0000,Activities auxiliary to insurance and pension funding,6,6,0,0,0,0,6,6,0,0,0,0,0,0,0,0,0,0
`16,`292,District - North Tripura,`66,`662,`6622,Activities of insurance agents and brokers,6,6,0,0,0,0,6,6,0,0,0,0,0,0,0,0,0,0
`16,`292,District - North Tripura,`66,`663,`0000,Fund management activities,6,6,0,6,6,0,0,0,0,0,0,0,0,0,0,0,0,0
`16,`292,District - North Tripura,`66,`663,`6630,Fund management activities,6,6,0,6,6,0,0,0,0,0,0,0,0,0,0,0,0,0
`16,`292,District - North Tripura,`69,`000,`0000,Legal and accounting activities,30,30,0,12,12,0,18,18,0,0,0,0,0,0,0,0,0,0
`16,`292,District - North Tripura,`69,`691,`0000,Legal activities,30,30,0,12,12,0,18,18,0,0,0,0,0,0,0,0,0,0
`16,`292,District - North Tripura,`69,`691,`6910,Legal activities,30,30,0,12,12,0,18,18,0,0,0,0,0,0,0,0,0,0
`16,`292,District - North Tripura,`73,`000,`0000,Advertising and market research,6,6,0,0,0,0,6,6,0,0,0,0,0,0,0,0,0,0
`16,`292,District - North Tripura,`73,`731,`0000,Advertising,6,6,0,0,0,0,6,6,0,0,0,0,0,0,0,0,0,0
`16,`292,District - North Tripura,`73,`731,`7310,Advertising,6,6,0,0,0,0,6,6,0,0,0,0,0,0,0,0,0,0
`16,`292,District - North Tripura,`74,`000,`0000,"Other professional, scientific and technical activities",18,18,0,12,12,0,6,6,0,0,0,0,0,0,0,0,0,0
`16,`292,District - North Tripura,`74,`741,`0000,Specialized design activities,6,6,0,6,6,0,0,0,0,0,0,0,0,0,0,0,0,0
`16,`292,District - North Tripura,`74,`741,`7410,Specialized design activities,6,6,0,6,6,0,0,0,0,0,0,0,0,0,0,0,0,0
`16,`292,District - North Tripura,`74,`742,`0000,Photographic activities,12,12,0,6,6,0,6,6,0,0,0,0,0,0,0,0,0,0
`16,`292,District - North Tripura,`74,`742,`7420,Photographic activities,12,12,0,6,6,0,6,6,0,0,0,0,0,0,0,0,0,0
`16,`292,District - North Tripura,`75,`000,`0000,Veterinary activities,42,42,0,12,12,0,30,30,0,6,6,0,6,6,0,0,0,0
`16,`292,District - North Tripura,`75,`750,`0000,Veterinary activities,42,42,0,12,12,0,30,30,0,6,6,0,6,6,0,0,0,0
`16,`292,District - North Tripura,`75,`750,`7500,Veterinary activities,42,42,0,12,12,0,30,30,0,6,6,0,6,6,0,0,0,0
`16,`292,District - North Tripura,`77,`000,`0000,Rental and leasing activities,16,16,0,14,14,0,2,2,0,6,6,0,6,6,0,0,0,0
`16,`292,District - North Tripura,`77,`772,`0000,Renting and leasing of personal and household goods,16,16,0,14,14,0,2,2,0,6,6,0,6,6,0,0,0,0
`16,`292,District - North Tripura,`77,`772,`7729,Renting and leasing of other personal and household goods n.e.c.,16,16,0,14,14,0,2,2,0,6,6,0,6,6,0,0,0,0
`16,`292,District - North Tripura,`80,`000,`0000,Security and investigation activities,18,18,0,12,12,0,6,6,0,0,0,0,0,0,0,0,0,0
`16,`292,District - North Tripura,`80,`801,`0000,Private security activities,18,18,0,12,12,0,6,6,0,0,0,0,0,0,0,0,0,0
`16,`292,District - North Tripura,`80,`801,`8010,Private security activities,18,18,0,12,12,0,6,6,0,0,0,0,0,0,0,0,0,0
`16,`292,District - North Tripura,`81,`000,`0000,Services to buildings and landscape activities,4,0,4,2,0,2,2,0,2,0,0,0,0,0,0,0,0,0
`16,`292,District - North Tripura,`81,`812,`0000,Cleaning activities,4,0,4,2,0,2,2,0,2,0,0,0,0,0,0,0,0,0
`16,`292,District - North Tripura,`81,`812,`8121,General cleaning of buildings,2,0,2,0,0,0,2,0,2,0,0,0,0,0,0,0,0,0
`16,`292,District - North Tripura,`81,`812,`8129,Other building and industrial cleaning activities,2,0,2,2,0,2,0,0,0,0,0,0,0,0,0,0,0,0
`16,`292,District - North Tripura,`82,`000,`0000,"Office administrative, office support and other business support activities",198,168,30,96,88,8,102,80,22,32,32,0,24,24,0,8,8,0
`16,`292,District - North Tripura,`82,`821,`0000,Office administrative and support activities,18,12,6,6,6,0,12,6,6,0,0,0,0,0,0,0,0,0
`16,`292,District - North Tripura,`82,`821,`8219,"Photocopying, document preparation and other specialized office",18,12,6,6,6,0,12,6,6,0,0,0,0,0,0,0,0,0
`16,`292,District - North Tripura,`82,`829,`0000,Business support service activities n.e.c.,180,156,24,90,82,8,90,74,16,32,32,0,24,24,0,8,8,0
`16,`292,District - North Tripura,`82,`829,`8299,Other business support service activities n.e.c.,180,156,24,90,82,8,90,74,16,32,32,0,24,24,0,8,8,0
`16,`292,District - North Tripura,`84,`000,`0000,Public administration and defence; compulsory social security,1606,1420,186,864,794,70,742,626,116,30,18,12,6,0,6,24,18,6
`16,`292,District - North Tripura,`84,`841,`0000,Administration of the State and the economic and social policy of the,946,790,156,422,364,58,524,426,98,12,0,12,6,0,6,6,0,6
`16,`292,District - North Tripura,`84,`841,`8411,General public administration activities,940,784,156,422,364,58,518,420,98,12,0,12,6,0,6,6,0,6
`16,`292,District - North Tripura,`84,`841,`8412,"Regulation of the activities of providing health care, education, cultural",6,6,0,0,0,0,6,6,0,0,0,0,0,0,0,0,0,0
`16,`292,District - North Tripura,`84,`842,`0000,Provision of services to the community as a whole,250,240,10,184,174,10,66,66,0,12,12,0,0,0,0,12,12,0
`16,`292,District - North Tripura,`84,`842,`8421,Foreign affairs,6,0,6,6,0,6,0,0,0,0,0,0,0,0,0,0,0,0
`16,`292,District - North Tripura,`84,`842,`8422,Defence activities,178,178,0,114,114,0,64,64,0,12,12,0,0,0,0,12,12,0
`16,`292,District - North Tripura,`84,`842,`8423,Public order and safety activities,66,62,4,64,60,4,2,2,0,0,0,0,0,0,0,0,0,0
`16,`292,District - North Tripura,`84,`843,`0000,Compulsory social security activities,410,390,20,258,256,2,152,134,18,6,6,0,0,0,0,6,6,0
`16,`292,District - North Tripura,`84,`843,`8430,Compulsory social security activities,410,390,20,258,256,2,152,134,18,6,6,0,0,0,0,6,6,0
`16,`292,District - North Tripura,`85,`000,`0000,Education,1198,750,448,584,372,212,614,378,236,258,98,160,208,84,124,50,14,36
`16,`292,District - North Tripura,`85,`851,`0000,Primary education,540,318,222,300,190,110,240,128,112,48,8,40,34,8,26,14,0,14
`16,`292,District - North Tripura,`85,`851,`8510,Primary education,540,318,222,300,190,110,240,128,112,48,8,40,34,8,26,14,0,14
`16,`292,District - North Tripura,`85,`852,`0000,Secondary education,320,248,72,116,104,12,204,144,60,6,6,0,6,6,0,0,0,0
`16,`292,District - North Tripura,`85,`852,`8521,General secondary education,320,248,72,116,104,12,204,144,60,6,6,0,6,6,0,0,0,0
`16,`292,District - North Tripura,`85,`853,`0000,Higher education,2,2,0,0,0,0,2,2,0,0,0,0,0,0,0,0,0,0
`16,`292,District - North Tripura,`85,`853,`8530,Higher education,2,2,0,0,0,0,2,2,0,0,0,0,0,0,0,0,0,0
`16,`292,District - North Tripura,`85,`854,`0000,Other education,212,146,66,94,52,42,118,94,24,204,84,120,168,70,98,36,14,22
`16,`292,District - North Tripura,`85,`854,`8541,Sports and recreation education,0,0,0,0,0,0,0,0,0,6,6,0,6,6,0,0,0,0
`16,`292,District - North Tripura,`85,`854,`8549,Other education n.e.c.,212,146,66,94,52,42,118,94,24,198,78,120,162,64,98,36,14,22
`16,`292,District - North Tripura,`85,`855,`0000,Educational support services,124,36,88,74,26,48,50,10,40,0,0,0,0,0,0,0,0,0
`16,`292,District - North Tripura,`85,`855,`8550,Educational support services,124,36,88,74,26,48,50,10,40,0,0,0,0,0,0,0,0,0
`16,`292,District - North Tripura,`86,`000,`0000,Human health activities,490,132,358,336,78,258,154,54,100,40,14,26,26,6,20,14,8,6
`16,`292,District - North Tripura,`86,`861,`0000,Hospital activities,134,46,88,82,24,58,52,22,30,0,0,0,0,0,0,0,0,0
`16,`292,District - North Tripura,`86,`861,`8610,Hospital activities,134,46,88,82,24,58,52,22,30,0,0,0,0,0,0,0,0,0
`16,`292,District - North Tripura,`86,`862,`0000,Medical and dental practice activities,6,6,0,0,0,0,6,6,0,8,8,0,0,0,0,8,8,0
`16,`292,District - North Tripura,`86,`862,`8620,Medical and dental practice activities,6,6,0,0,0,0,6,6,0,8,8,0,0,0,0,8,8,0
`16,`292,District - North Tripura,`86,`869,`0000,Other human health activities,350,80,270,254,54,200,96,26,70,32,6,26,26,6,20,6,0,6
`16,`292,District - North Tripura,`86,`869,`8690,Other human health activities,350,80,270,254,54,200,96,26,70,32,6,26,26,6,20,6,0,6
`16,`292,District - North Tripura,`88,`000,`0000,Social work activities without accommodation,116,38,78,56,6,50,60,32,28,6,0,6,0,0,0,6,0,6
`16,`292,District - North Tripura,`88,`881,`0000,Social work activities without accommodation for the elderly and disabled,16,14,2,0,0,0,16,14,2,0,0,0,0,0,0,0,0,0
`16,`292,District - North Tripura,`88,`881,`8810,Social work activities without accommodation for the elderly and,16,14,2,0,0,0,16,14,2,0,0,0,0,0,0,0,0,0
`16,`292,District - North Tripura,`88,`889,`0000,Other social work activities without accommodation n.e.c.,100,24,76,56,6,50,44,18,26,6,0,6,0,0,0,6,0,6
`16,`292,District - North Tripura,`88,`889,`8890,Other social work activities without accommodation n.e.c.,100,24,76,56,6,50,44,18,26,6,0,6,0,0,0,6,0,6
`16,`292,District - North Tripura,`90,`000,`0000,"Creative, arts and entertainment activities",44,42,2,30,30,0,14,12,2,6,6,0,6,6,0,0,0,0
`16,`292,District - North Tripura,`90,`900,`0000,"Creative, arts and entertainment activities",44,42,2,30,30,0,14,12,2,6,6,0,6,6,0,0,0,0
`16,`292,District - North Tripura,`90,`900,`9000,"Dramatic arts, music and other arts activities",44,42,2,30,30,0,14,12,2,6,6,0,6,6,0,0,0,0
`16,`292,District - North Tripura,`91,`000,`0000,"Libraries, archives, museums and other cultural activities",4,2,2,2,2,0,2,0,2,0,0,0,0,0,0,0,0,0
`16,`292,District - North Tripura,`91,`910,`0000,"Libraries, archives, museums and other cultural activities",4,2,2,2,2,0,2,0,2,0,0,0,0,0,0,0,0,0
`16,`292,District - North Tripura,`91,`910,`9101,Library and archives activities,2,0,2,0,0,0,2,0,2,0,0,0,0,0,0,0,0,0
`16,`292,District - North Tripura,`91,`910,`9102,Museums activities and operation of historical sites and buildings,2,2,0,2,2,0,0,0,0,0,0,0,0,0,0,0,0,0
`16,`292,District - North Tripura,`93,`000,`0000,Sports activities and amusement and recreation activities,30,30,0,30,30,0,0,0,0,0,0,0,0,0,0,0,0,0
`16,`292,District - North Tripura,`93,`931,`0000,Sports activities,6,6,0,6,6,0,0,0,0,0,0,0,0,0,0,0,0,0
`16,`292,District - North Tripura,`93,`931,`9319,Other sports activities,6,6,0,6,6,0,0,0,0,0,0,0,0,0,0,0,0,0
`16,`292,District - North Tripura,`93,`932,`0000,Other amusement and recreation activities,24,24,0,24,24,0,0,0,0,0,0,0,0,0,0,0,0,0
`16,`292,District - North Tripura,`93,`932,`9329,Other amusement and recreation activities n.e.c.,24,24,0,24,24,0,0,0,0,0,0,0,0,0,0,0,0,0
`16,`292,District - North Tripura,`94,`000,`0000,Activities of membership organizations,26,18,8,20,12,8,6,6,0,0,0,0,0,0,0,0,0,0
`16,`292,District - North Tripura,`94,`949,`0000,Activities of other membership organizations,26,18,8,20,12,8,6,6,0,0,0,0,0,0,0,0,0,0
`16,`292,District - North Tripura,`94,`949,`9491,Activities of religious organizations,6,6,0,6,6,0,0,0,0,0,0,0,0,0,0,0,0,0
`16,`292,District - North Tripura,`94,`949,`9492,Activities of political organizations,20,12,8,14,6,8,6,6,0,0,0,0,0,0,0,0,0,0
`16,`292,District - North Tripura,`95,`000,`0000,Repair of computers and personal and household goods,116,116,0,80,80,0,36,36,0,12,6,6,12,6,6,0,0,0
`16,`292,District - North Tripura,`95,`951,`0000,Repair of computers and communication equipment,6,6,0,0,0,0,6,6,0,0,0,0,0,0,0,0,0,0
`16,`292,District - North Tripura,`95,`951,`9511,Repair of computers and peripheral equipment,6,6,0,0,0,0,6,6,0,0,0,0,0,0,0,0,0,0
`16,`292,District - North Tripura,`95,`952,`0000,Repair of personal and household goods,110,110,0,80,80,0,30,30,0,12,6,6,12,6,6,0,0,0
`16,`292,District - North Tripura,`95,`952,`9521,Repair of consumer electronics,6,6,0,6,6,0,0,0,0,0,0,0,0,0,0,0,0,0
`16,`292,District - North Tripura,`95,`952,`9522,Repair of household appliances and home and garden equipment,12,12,0,6,6,0,6,6,0,0,0,0,0,0,0,0,0,0
`16,`292,District - North Tripura,`95,`952,`9523,Repair of footwear and leather goods,6,6,0,6,6,0,0,0,0,0,0,0,0,0,0,0,0,0
`16,`292,District - North Tripura,`95,`952,`9529,"Repair of personal and household goods, n.e.c.",86,86,0,62,62,0,24,24,0,12,6,6,12,6,6,0,0,0
`16,`292,District - North Tripura,`96,`000,`0000,Other personal service activities,250,230,20,172,162,10,78,68,10,26,14,12,12,6,6,14,8,6
`16,`292,District - North Tripura,`96,`960,`0000,Other personal service activities,250,230,20,172,162,10,78,68,10,26,14,12,12,6,6,14,8,6
`16,`292,District - North Tripura,`96,`960,`9601,Washing and (dry-) cleaning of textile and fur products,94,90,4,50,48,2,44,42,2,12,12,0,6,6,0,6,6,0
`16,`292,District - North Tripura,`96,`960,`9602,Hairdressing and other beauty treatment,56,50,6,42,42,0,14,8,6,0,0,0,0,0,0,0,0,0
`16,`292,District - North Tripura,`96,`960,`9609,Other personal service activities n.e.c.,100,90,10,80,72,8,20,18,2,14,2,12,6,0,6,8,2,6
`16,`292,District - North Tripura,`97,`000,`0000,Activities of households as employers of domestic personnel,362,132,230,160,108,52,202,24,178,98,34,64,52,32,20,46,2,44
`16,`292,District - North Tripura,`97,`970,`0000,Activities of households as employers of domestic personnel,362,132,230,160,108,52,202,24,178,98,34,64,52,32,20,46,2,44
`16,`292,District - North Tripura,`97,`970,`9700,Activities of households as employers of domestic personnel,362,132,230,160,108,52,202,24,178,98,34,64,52,32,20,46,2,44
`16,`292,District - North Tripura,`98,`000,`0000,Undifferentiated goods- and services-producing activities of private,8,6,2,8,6,2,0,0,0,0,0,0,0,0,0,0,0,0
`16,`292,District - North Tripura,`98,`982,`0000,Undifferentiated service-producing activities of private households for own,8,6,2,8,6,2,0,0,0,0,0,0,0,0,0,0,0,0
`16,`292,District - North Tripura,`98,`982,`9820,Undifferentiated service-producing activities of private households for own,8,6,2,8,6,2,0,0,0,0,0,0,0,0,0,0,0,0
`16,`292,District - North Tripura,`99,`000,`0000,Activities of extraterritorial organizations and bodies,490,302,188,354,224,130,136,78,58,866,158,708,702,106,596,164,52,112
`16,`292,District - North Tripura,`99,`991,`0000,Blank,330,236,94,234,166,68,96,70,26,418,128,290,284,88,196,134,40,94
`16,`292,District - North Tripura,`99,`991,`9910,Blank,330,236,94,234,166,68,96,70,26,418,128,290,284,88,196,134,40,94
`16,`292,District - North Tripura,`99,`992,`0000,Incomplete description/ Wrongly Classifed,160,66,94,120,58,62,40,8,32,448,30,418,418,18,400,30,12,18
`16,`292,District - North Tripura,`99,`992,`9920,Incomplete description/ Wrongly Classifed,160,66,94,120,58,62,40,8,32,448,30,418,418,18,400,30,12,18
