State Code,District Code,India/States,Division,Group,Class,NIC Name,Main Workers - Total -  Persons,Main Workers - Total - Males,Main Workers - Total - Females,Main Workers - Rural -  Persons,Main Workers - Rural - Males,Main Workers - Rural - Females,Main Workers - Urban -  Persons,Main Workers - Urban - Males,Main Workers - Urban - Females,Marginal Workers - Total -  Persons,Marginal Workers - Total - Males,Marginal Workers - Total - Females,Marginal Workers - Rural -  Persons,Marginal Workers - Rural - Males,Marginal Workers - Rural - Females,Marginal Workers - Urban -  Persons,Marginal Workers - Urban - Males,Marginal Workers - Urban - Females
`30,`000,STATE - GOA,`00,`000,`0000,Total,7573,5536,2037,2342,1764,578,5231,3772,1459,1784,1025,759,820,456,364,964,569,395
`30,`000,STATE - GOA,`01,`000,`0000,"Crop and animal production, hunting and related service activities",12,8,4,6,2,4,6,6,0,9,9,0,6,6,0,3,3,0
`30,`000,STATE - GOA,`01,`014,`0000,Animal production,4,0,4,4,0,4,0,0,0,0,0,0,0,0,0,0,0,0
`30,`000,STATE - GOA,`01,`014,`0141,Raising of cattle and buffaloes,4,0,4,4,0,4,0,0,0,0,0,0,0,0,0,0,0,0
`30,`000,STATE - GOA,`01,`016,`0000,Support activities to agriculture and post-harvest crop activities,8,8,0,2,2,0,6,6,0,9,9,0,6,6,0,3,3,0
`30,`000,STATE - GOA,`01,`016,`0161,Support activities for crop production,5,5,0,2,2,0,3,3,0,9,9,0,6,6,0,3,3,0
`30,`000,STATE - GOA,`01,`016,`0163,Post-harvest crop activities,3,3,0,0,0,0,3,3,0,0,0,0,0,0,0,0,0,0
`30,`000,STATE - GOA,`02,`000,`0000,Forestry and logging,6,6,0,6,6,0,0,0,0,0,0,0,0,0,0,0,0,0
`30,`000,STATE - GOA,`02,`024,`0000,Support services to forestry,6,6,0,6,6,0,0,0,0,0,0,0,0,0,0,0,0,0
`30,`000,STATE - GOA,`02,`024,`0240,Support services to forestry,6,6,0,6,6,0,0,0,0,0,0,0,0,0,0,0,0,0
`30,`000,STATE - GOA,`03,`000,`0000,Fishing and aquaculture,13,13,0,10,10,0,3,3,0,0,0,0,0,0,0,0,0,0
`30,`000,STATE - GOA,`03,`031,`0000,Fishing,13,13,0,10,10,0,3,3,0,0,0,0,0,0,0,0,0,0
`30,`000,STATE - GOA,`03,`031,`0311,Marine fishing,13,13,0,10,10,0,3,3,0,0,0,0,0,0,0,0,0,0
`30,`000,STATE - GOA,`05,`000,`0000,Mining of coal and lignite,27,21,6,0,0,0,27,21,6,3,0,3,0,0,0,3,0,3
`30,`000,STATE - GOA,`05,`051,`0000,Mining of hard coal,3,0,3,0,0,0,3,0,3,3,0,3,0,0,0,3,0,3
`30,`000,STATE - GOA,`05,`051,`0510,Mining of hard coal,3,0,3,0,0,0,3,0,3,3,0,3,0,0,0,3,0,3
`30,`000,STATE - GOA,`05,`052,`0000,Mining of lignite,24,21,3,0,0,0,24,21,3,0,0,0,0,0,0,0,0,0
`30,`000,STATE - GOA,`05,`052,`0520,Mining of lignite,24,21,3,0,0,0,24,21,3,0,0,0,0,0,0,0,0,0
`30,`000,STATE - GOA,`07,`000,`0000,Mining of metal ores,81,76,5,30,28,2,51,48,3,22,16,6,16,16,0,6,0,6
`30,`000,STATE - GOA,`07,`071,`0000,Mining of iron ores,60,58,2,18,16,2,42,42,0,16,10,6,10,10,0,6,0,6
`30,`000,STATE - GOA,`07,`071,`0710,Mining of iron ores,60,58,2,18,16,2,42,42,0,16,10,6,10,10,0,6,0,6
`30,`000,STATE - GOA,`07,`072,`0000,Mining of non-ferrous metal ores,21,18,3,12,12,0,9,6,3,6,6,0,6,6,0,0,0,0
`30,`000,STATE - GOA,`07,`072,`0729,Mining of other non-ferrous metal ores,21,18,3,12,12,0,9,6,3,6,6,0,6,6,0,0,0,0
`30,`000,STATE - GOA,`08,`000,`0000,Other mining and quarrying,74,63,11,42,36,6,32,27,5,48,24,24,36,18,18,12,6,6
`30,`000,STATE - GOA,`08,`081,`0000,"Quarrying of stone, sand and clay",15,15,0,12,12,0,3,3,0,42,18,24,30,12,18,12,6,6
`30,`000,STATE - GOA,`08,`081,`0810,"Quarrying of stone, sand and clay",15,15,0,12,12,0,3,3,0,42,18,24,30,12,18,12,6,6
`30,`000,STATE - GOA,`08,`089,`0000,Mining and quarrying n.e.c.,59,48,11,30,24,6,29,24,5,6,6,0,6,6,0,0,0,0
`30,`000,STATE - GOA,`08,`089,`0899,Other mining and quarrying n.e.c.,59,48,11,30,24,6,29,24,5,6,6,0,6,6,0,0,0,0
`30,`000,STATE - GOA,`09,`000,`0000,Mining support service activities,6,6,0,0,0,0,6,6,0,0,0,0,0,0,0,0,0,0
`30,`000,STATE - GOA,`09,`091,`0000,Support activities for petroleum and natural gas mining,6,6,0,0,0,0,6,6,0,0,0,0,0,0,0,0,0,0
`30,`000,STATE - GOA,`09,`091,`0910,Support activities for petroleum and natural gas mining,6,6,0,0,0,0,6,6,0,0,0,0,0,0,0,0,0,0
`30,`000,STATE - GOA,`10,`000,`0000,Manufacture of food products,102,83,19,52,38,14,50,45,5,19,12,7,6,6,0,13,6,7
`30,`000,STATE - GOA,`10,`103,`0000,Processing and preserving of fruit and vegetables,12,12,0,12,12,0,0,0,0,5,0,5,0,0,0,5,0,5
`30,`000,STATE - GOA,`10,`103,`1030,Processing and preserving of fruit and vegetables,12,12,0,12,12,0,0,0,0,5,0,5,0,0,0,5,0,5
`30,`000,STATE - GOA,`10,`105,`0000,Manufacture of dairy products,23,21,2,14,12,2,9,9,0,0,0,0,0,0,0,0,0,0
`30,`000,STATE - GOA,`10,`105,`1050,Manufacture of dairy products,23,21,2,14,12,2,9,9,0,0,0,0,0,0,0,0,0,0
`30,`000,STATE - GOA,`10,`107,`0000,Manufacture of other food products,67,50,17,26,14,12,41,36,5,14,12,2,6,6,0,8,6,2
`30,`000,STATE - GOA,`10,`107,`1071,Manufacture of bakery products,11,9,2,0,0,0,11,9,2,3,3,0,0,0,0,3,3,0
`30,`000,STATE - GOA,`10,`107,`1072,Manufacture of sugar,8,8,0,8,8,0,0,0,0,0,0,0,0,0,0,0,0,0
`30,`000,STATE - GOA,`10,`107,`1073,"Manufacture of cocoa, chocolate and sugar confectionery",33,18,15,18,6,12,15,12,3,6,6,0,6,6,0,0,0,0
`30,`000,STATE - GOA,`10,`107,`1075,Manufacture of prepared meals and dishes,6,6,0,0,0,0,6,6,0,0,0,0,0,0,0,0,0,0
`30,`000,STATE - GOA,`10,`107,`1079,Manufacture of other food products n.e.c.,9,9,0,0,0,0,9,9,0,5,3,2,0,0,0,5,3,2
`30,`000,STATE - GOA,`11,`000,`0000,Manufacture of beverages,19,14,5,0,0,0,19,14,5,9,6,3,0,0,0,9,6,3
`30,`000,STATE - GOA,`11,`110,`0000,Manufacture of beverages,19,14,5,0,0,0,19,14,5,9,6,3,0,0,0,9,6,3
`30,`000,STATE - GOA,`11,`110,`1103,Manufacture of malt liquors and malt,2,0,2,0,0,0,2,0,2,0,0,0,0,0,0,0,0,0
`30,`000,STATE - GOA,`11,`110,`1104,Manufacture of soft drinks; production of mineral waters and other,17,14,3,0,0,0,17,14,3,9,6,3,0,0,0,9,6,3
`30,`000,STATE - GOA,`13,`000,`0000,Manufacture of textiles,15,12,3,6,6,0,9,6,3,0,0,0,0,0,0,0,0,0
`30,`000,STATE - GOA,`13,`131,`0000,"Spinning, weaving and finishing of textiles",15,12,3,6,6,0,9,6,3,0,0,0,0,0,0,0,0,0
`30,`000,STATE - GOA,`13,`131,`1311,Preparation and spinning of textile fibres,12,9,3,6,6,0,6,3,3,0,0,0,0,0,0,0,0,0
`30,`000,STATE - GOA,`13,`131,`1313,Finishing of textiles,3,3,0,0,0,0,3,3,0,0,0,0,0,0,0,0,0,0
`30,`000,STATE - GOA,`14,`000,`0000,Manufacture of wearing apparel,54,17,37,22,6,16,32,11,21,25,6,19,6,6,0,19,0,19
`30,`000,STATE - GOA,`14,`141,`0000,"Manufacture of wearing apparel, except fur apparel",54,17,37,22,6,16,32,11,21,25,6,19,6,6,0,19,0,19
`30,`000,STATE - GOA,`14,`141,`1410,"Manufacture of wearing apparel, except fur apparel",54,17,37,22,6,16,32,11,21,25,6,19,6,6,0,19,0,19
`30,`000,STATE - GOA,`15,`000,`0000,Manufacture of leather and related products,58,49,9,18,12,6,40,37,3,5,5,0,0,0,0,5,5,0
`30,`000,STATE - GOA,`15,`152,`0000,Manufacture of footwear,58,49,9,18,12,6,40,37,3,5,5,0,0,0,0,5,5,0
`30,`000,STATE - GOA,`15,`152,`1520,Manufacture of footwear,58,49,9,18,12,6,40,37,3,5,5,0,0,0,0,5,5,0
`30,`000,STATE - GOA,`16,`000,`0000,"Manufacture of wood and products of wood and cork, except furniture;",185,85,100,96,38,58,89,47,42,184,61,123,144,38,106,40,23,17
`30,`000,STATE - GOA,`16,`161,`0000,Sawmilling and planing of wood,12,12,0,0,0,0,12,12,0,0,0,0,0,0,0,0,0,0
`30,`000,STATE - GOA,`16,`161,`1610,Saw milling and planing of wood,12,12,0,0,0,0,12,12,0,0,0,0,0,0,0,0,0,0
`30,`000,STATE - GOA,`16,`162,`0000,"Manufacture of products of wood, cork, straw and plaiting materials",173,73,100,96,38,58,77,35,42,184,61,123,144,38,106,40,23,17
`30,`000,STATE - GOA,`16,`162,`1623,Manufacture of wooden containers,124,54,70,70,34,36,54,20,34,96,33,63,74,18,56,22,15,7
`30,`000,STATE - GOA,`16,`162,`1629,"Manufacture of other products of wood; manufacture of articles of cork,",49,19,30,26,4,22,23,15,8,88,28,60,70,20,50,18,8,10
`30,`000,STATE - GOA,`17,`000,`0000,Manufacture of paper and paper products,3,3,0,0,0,0,3,3,0,0,0,0,0,0,0,0,0,0
`30,`000,STATE - GOA,`17,`170,`0000,Manufacture of paper and paper products,3,3,0,0,0,0,3,3,0,0,0,0,0,0,0,0,0,0
`30,`000,STATE - GOA,`17,`170,`1709,Manufacture of other articles of paper and paperboard,3,3,0,0,0,0,3,3,0,0,0,0,0,0,0,0,0,0
`30,`000,STATE - GOA,`18,`000,`0000,Printing and reproduction of recorded media,17,12,5,2,0,2,15,12,3,0,0,0,0,0,0,0,0,0
`30,`000,STATE - GOA,`18,`181,`0000,Printing and service activities related to printing,17,12,5,2,0,2,15,12,3,0,0,0,0,0,0,0,0,0
`30,`000,STATE - GOA,`18,`181,`1811,Printing,14,9,5,2,0,2,12,9,3,0,0,0,0,0,0,0,0,0
`30,`000,STATE - GOA,`18,`181,`1812,Service activities related to printing,3,3,0,0,0,0,3,3,0,0,0,0,0,0,0,0,0,0
`30,`000,STATE - GOA,`20,`000,`0000,Manufacture of chemicals and chemical products,37,29,8,20,12,8,17,17,0,2,2,0,2,2,0,0,0,0
`30,`000,STATE - GOA,`20,`201,`0000,"Manufacture of basic chemicals, fertilizer and nitrogen compounds, plastics",15,15,0,6,6,0,9,9,0,0,0,0,0,0,0,0,0,0
`30,`000,STATE - GOA,`20,`201,`2011,Manufacture of basic chemicals,9,9,0,6,6,0,3,3,0,0,0,0,0,0,0,0,0,0
`30,`000,STATE - GOA,`20,`201,`2012,Manufacture of fertilizers and nitrogen compounds,6,6,0,0,0,0,6,6,0,0,0,0,0,0,0,0,0,0
`30,`000,STATE - GOA,`20,`202,`0000,Manufacture of other chemical products,22,14,8,14,6,8,8,8,0,2,2,0,2,2,0,0,0,0
`30,`000,STATE - GOA,`20,`202,`2022,"Manufacture of paints, varnishes and similar coatings, printing ink and",6,6,0,0,0,0,6,6,0,0,0,0,0,0,0,0,0,0
`30,`000,STATE - GOA,`20,`202,`2023,"Manufacture of soap and detergents, cleaning and polishing preparations,",14,6,8,14,6,8,0,0,0,2,2,0,2,2,0,0,0,0
`30,`000,STATE - GOA,`20,`202,`2029,Manufacture of other chemical products n.e.c.,2,2,0,0,0,0,2,2,0,0,0,0,0,0,0,0,0,0
`30,`000,STATE - GOA,`21,`000,`0000,"Manufacture of pharmaceuticals, medicinal chemical and botanical products",81,52,29,38,18,20,43,34,9,3,3,0,0,0,0,3,3,0
`30,`000,STATE - GOA,`21,`210,`0000,"Manufacture of pharmaceuticals, medicinal chemical and botanical products",81,52,29,38,18,20,43,34,9,3,3,0,0,0,0,3,3,0
`30,`000,STATE - GOA,`21,`210,`2100,"Manufacture of pharmaceuticals, medicinal chemical and botanical",81,52,29,38,18,20,43,34,9,3,3,0,0,0,0,3,3,0
`30,`000,STATE - GOA,`22,`000,`0000,Manufacture of rubber and plastics products,24,24,0,6,6,0,18,18,0,0,0,0,0,0,0,0,0,0
`30,`000,STATE - GOA,`22,`221,`0000,Manufacture of rubber products,24,24,0,6,6,0,18,18,0,0,0,0,0,0,0,0,0,0
`30,`000,STATE - GOA,`22,`221,`2211,Manufacture of rubber tyres and tubes; retreading and rebuilding of,15,15,0,6,6,0,9,9,0,0,0,0,0,0,0,0,0,0
`30,`000,STATE - GOA,`22,`221,`2219,Manufacture of other rubber products,9,9,0,0,0,0,9,9,0,0,0,0,0,0,0,0,0,0
`30,`000,STATE - GOA,`23,`000,`0000,Manufacture of other non-metallic mineral products,36,27,9,6,0,6,30,27,3,3,0,3,0,0,0,3,0,3
`30,`000,STATE - GOA,`23,`239,`0000,Manufacture of non-metallic mineral products n.e.c.,36,27,9,6,0,6,30,27,3,3,0,3,0,0,0,3,0,3
`30,`000,STATE - GOA,`23,`239,`2391,Manufacture of refractory products,3,3,0,0,0,0,3,3,0,0,0,0,0,0,0,0,0,0
`30,`000,STATE - GOA,`23,`239,`2393,Manufacture of other porcelain and ceramic products,3,3,0,0,0,0,3,3,0,0,0,0,0,0,0,0,0,0
`30,`000,STATE - GOA,`23,`239,`2394,"Manufacture of cement, lime and plaster",27,18,9,6,0,6,21,18,3,3,0,3,0,0,0,3,0,3
`30,`000,STATE - GOA,`23,`239,`2396,"Cutting, shaping and finishing of stone",3,3,0,0,0,0,3,3,0,0,0,0,0,0,0,0,0,0
`30,`000,STATE - GOA,`24,`000,`0000,Manufacture of basic metals,3,3,0,0,0,0,3,3,0,8,0,8,8,0,8,0,0,0
`30,`000,STATE - GOA,`24,`241,`0000,Manufacture of basic iron and steel,3,3,0,0,0,0,3,3,0,8,0,8,8,0,8,0,0,0
`30,`000,STATE - GOA,`24,`241,`2410,Manufacture of basic iron and steel,3,3,0,0,0,0,3,3,0,8,0,8,8,0,8,0,0,0
`30,`000,STATE - GOA,`25,`000,`0000,"Manufacture of fabricated metal products, except machinery and equipment",42,34,8,28,20,8,14,14,0,21,21,0,6,6,0,15,15,0
`30,`000,STATE - GOA,`25,`251,`0000,"Manufacture of structural metal products, tanks, reservoirs and steam",6,6,0,6,6,0,0,0,0,0,0,0,0,0,0,0,0,0
`30,`000,STATE - GOA,`25,`251,`2511,Manufacture of structural metal products,6,6,0,6,6,0,0,0,0,0,0,0,0,0,0,0,0,0
`30,`000,STATE - GOA,`25,`259,`0000,Manufacture of other fabricated metal products; metalworking service,36,28,8,22,14,8,14,14,0,21,21,0,6,6,0,15,15,0
`30,`000,STATE - GOA,`25,`259,`2593,"Manufacture of cutlery, hand tools and general hardware",22,14,8,14,6,8,8,8,0,9,9,0,0,0,0,9,9,0
`30,`000,STATE - GOA,`25,`259,`2599,Manufacture of other fabricated metal products n.e.c.,14,14,0,8,8,0,6,6,0,12,12,0,6,6,0,6,6,0
`30,`000,STATE - GOA,`26,`000,`0000,"Manufacture of computer, electronic and optical products",20,18,2,8,8,0,12,10,2,2,2,0,0,0,0,2,2,0
`30,`000,STATE - GOA,`26,`261,`0000,Manufacture of electronic components,4,2,2,2,2,0,2,0,2,0,0,0,0,0,0,0,0,0
`30,`000,STATE - GOA,`26,`261,`2610,Manufacture of electronic components,4,2,2,2,2,0,2,0,2,0,0,0,0,0,0,0,0,0
`30,`000,STATE - GOA,`26,`262,`0000,Manufacture of computers and peripheral equipment,0,0,0,0,0,0,0,0,0,2,2,0,0,0,0,2,2,0
`30,`000,STATE - GOA,`26,`262,`2620,Manufacture of computers and peripheral equipment,0,0,0,0,0,0,0,0,0,2,2,0,0,0,0,2,2,0
`30,`000,STATE - GOA,`26,`263,`0000,Manufacture of communication equipment,8,8,0,0,0,0,8,8,0,0,0,0,0,0,0,0,0,0
`30,`000,STATE - GOA,`26,`263,`2630,Manufacture of communication equipment,8,8,0,0,0,0,8,8,0,0,0,0,0,0,0,0,0,0
`30,`000,STATE - GOA,`26,`265,`0000,"Manufacture of measuring, testing, navigating and control equipment;",8,8,0,6,6,0,2,2,0,0,0,0,0,0,0,0,0,0
`30,`000,STATE - GOA,`26,`265,`2652,Manufacture of watches and clocks,8,8,0,6,6,0,2,2,0,0,0,0,0,0,0,0,0,0
`30,`000,STATE - GOA,`27,`000,`0000,Manufacture of electrical equipment,12,6,6,0,0,0,12,6,6,2,2,0,0,0,0,2,2,0
`30,`000,STATE - GOA,`27,`273,`0000,Manufacture of wiring and wiring devices,6,0,6,0,0,0,6,0,6,0,0,0,0,0,0,0,0,0
`30,`000,STATE - GOA,`27,`273,`2732,Manufacture of other electronic and electric wires and cables,6,0,6,0,0,0,6,0,6,0,0,0,0,0,0,0,0,0
`30,`000,STATE - GOA,`27,`275,`0000,Manufacture of domestic appliances,6,6,0,0,0,0,6,6,0,2,2,0,0,0,0,2,2,0
`30,`000,STATE - GOA,`27,`275,`2750,Manufacture of domestic appliances,6,6,0,0,0,0,6,6,0,2,2,0,0,0,0,2,2,0
`30,`000,STATE - GOA,`29,`000,`0000,"Manufacture of motor vehicles, trailers and semi-trailers",38,30,8,20,12,8,18,18,0,0,0,0,0,0,0,0,0,0
`30,`000,STATE - GOA,`29,`291,`0000,Manufacture of motor vehicles,6,0,6,6,0,6,0,0,0,0,0,0,0,0,0,0,0,0
`30,`000,STATE - GOA,`29,`291,`2910,Manufacture of motor vehicles,6,0,6,6,0,6,0,0,0,0,0,0,0,0,0,0,0,0
`30,`000,STATE - GOA,`29,`292,`0000,Manufacture of bodies (coachwork) for motor vehicles; manufacture of,26,24,2,8,6,2,18,18,0,0,0,0,0,0,0,0,0,0
`30,`000,STATE - GOA,`29,`292,`2920,Manufacture of bodies (coachwork) for motor vehicles; manufacture of trailers and semi-trailers,26,24,2,8,6,2,18,18,0,0,0,0,0,0,0,0,0,0
`30,`000,STATE - GOA,`29,`293,`0000,Manufacture of parts and accessories for motor vehicles,6,6,0,6,6,0,0,0,0,0,0,0,0,0,0,0,0,0
`30,`000,STATE - GOA,`29,`293,`2930,Manufacture of parts and accessories for motor vehicles,6,6,0,6,6,0,0,0,0,0,0,0,0,0,0,0,0,0
`30,`000,STATE - GOA,`30,`000,`0000,Manufacture of other transport equipment,53,51,2,18,18,0,35,33,2,3,3,0,0,0,0,3,3,0
`30,`000,STATE - GOA,`30,`301,`0000,Building of ships and boats,41,39,2,12,12,0,29,27,2,3,3,0,0,0,0,3,3,0
`30,`000,STATE - GOA,`30,`301,`3011,Building of ships and floating structures,41,39,2,12,12,0,29,27,2,3,3,0,0,0,0,3,3,0
`30,`000,STATE - GOA,`30,`309,`0000,Manufacture of transport equipment n.e.c.,12,12,0,6,6,0,6,6,0,0,0,0,0,0,0,0,0,0
`30,`000,STATE - GOA,`30,`309,`3091,Manufacture of motorcycles,3,3,0,0,0,0,3,3,0,0,0,0,0,0,0,0,0,0
`30,`000,STATE - GOA,`30,`309,`3099,Manufacture of other transport equipment n.e.c.,9,9,0,6,6,0,3,3,0,0,0,0,0,0,0,0,0,0
`30,`000,STATE - GOA,`31,`000,`0000,Manufacture of furniture,48,46,2,20,18,2,28,28,0,11,11,0,0,0,0,11,11,0
`30,`000,STATE - GOA,`31,`310,`0000,Manufacture of furniture,48,46,2,20,18,2,28,28,0,11,11,0,0,0,0,11,11,0
`30,`000,STATE - GOA,`31,`310,`3100,Manufacture of furniture,48,46,2,20,18,2,28,28,0,11,11,0,0,0,0,11,11,0
`30,`000,STATE - GOA,`32,`000,`0000,Other manufacturing,201,163,38,110,86,24,91,77,14,77,47,30,36,26,10,41,21,20
`30,`000,STATE - GOA,`32,`322,`0000,Manufacture of musical instruments,3,3,0,0,0,0,3,3,0,0,0,0,0,0,0,0,0,0
`30,`000,STATE - GOA,`32,`322,`3220,Manufacture of musical instruments,3,3,0,0,0,0,3,3,0,0,0,0,0,0,0,0,0,0
`30,`000,STATE - GOA,`32,`329,`0000,Other manufacturing n.e.c.,198,160,38,110,86,24,88,74,14,77,47,30,36,26,10,41,21,20
`30,`000,STATE - GOA,`32,`329,`3290,Other manufacturing n.e.c.,198,160,38,110,86,24,88,74,14,77,47,30,36,26,10,41,21,20
`30,`000,STATE - GOA,`33,`000,`0000,Repair and installation of machinery and equipment,26,26,0,20,20,0,6,6,0,0,0,0,0,0,0,0,0,0
`30,`000,STATE - GOA,`33,`331,`0000,"Repair of fabricated metal products, machinery and equipment",26,26,0,20,20,0,6,6,0,0,0,0,0,0,0,0,0,0
`30,`000,STATE - GOA,`33,`331,`3311,Repair of fabricated metal products,3,3,0,0,0,0,3,3,0,0,0,0,0,0,0,0,0,0
`30,`000,STATE - GOA,`33,`331,`3314,Repair of electrical equipment,17,17,0,14,14,0,3,3,0,0,0,0,0,0,0,0,0,0
`30,`000,STATE - GOA,`33,`331,`3315,"Repair of transport equipment, except motor vehicles",6,6,0,6,6,0,0,0,0,0,0,0,0,0,0,0,0,0
`30,`000,STATE - GOA,`35,`000,`0000,"Electricity, gas, steam and air conditioning supply",125,111,14,60,54,6,65,57,8,2,2,0,2,2,0,0,0,0
`30,`000,STATE - GOA,`35,`351,`0000,"Electric power generation, transmission and distribution",125,111,14,60,54,6,65,57,8,0,0,0,0,0,0,0,0,0
`30,`000,STATE - GOA,`35,`351,`3510,"Electric power generation, transmission and distribution",125,111,14,60,54,6,65,57,8,0,0,0,0,0,0,0,0,0
`30,`000,STATE - GOA,`35,`352,`0000,Manufacture of gas; distribution of gaseous fuels through mains,0,0,0,0,0,0,0,0,0,2,2,0,2,2,0,0,0,0
`30,`000,STATE - GOA,`35,`352,`3520,Manufacture of gas; distribution of gaseous fuels through mains,0,0,0,0,0,0,0,0,0,2,2,0,2,2,0,0,0,0
`30,`000,STATE - GOA,`41,`000,`0000,Construction of buildings,352,293,59,76,70,6,276,223,53,165,115,50,94,52,42,71,63,8
`30,`000,STATE - GOA,`41,`410,`0000,Construction of buildings,352,293,59,76,70,6,276,223,53,165,115,50,94,52,42,71,63,8
`30,`000,STATE - GOA,`41,`410,`4100,Construction of buildings,352,293,59,76,70,6,276,223,53,165,115,50,94,52,42,71,63,8
`30,`000,STATE - GOA,`42,`000,`0000,Civil engineering,39,39,0,18,18,0,21,21,0,92,46,46,80,36,44,12,10,2
`30,`000,STATE - GOA,`42,`421,`0000,Construction of roads and railways,6,6,0,6,6,0,0,0,0,80,34,46,74,30,44,6,4,2
`30,`000,STATE - GOA,`42,`421,`4210,Construction roads and railways,6,6,0,6,6,0,0,0,0,80,34,46,74,30,44,6,4,2
`30,`000,STATE - GOA,`42,`422,`0000,Construction of utility projects,12,12,0,0,0,0,12,12,0,6,6,0,6,6,0,0,0,0
`30,`000,STATE - GOA,`42,`422,`4220,Construction of utility projects,12,12,0,0,0,0,12,12,0,6,6,0,6,6,0,0,0,0
`30,`000,STATE - GOA,`42,`429,`0000,Construction of other civil engineering projects,21,21,0,12,12,0,9,9,0,6,6,0,0,0,0,6,6,0
`30,`000,STATE - GOA,`42,`429,`4290,Construction of other civil engineering projects,21,21,0,12,12,0,9,9,0,6,6,0,0,0,0,6,6,0
`30,`000,STATE - GOA,`43,`000,`0000,Specialized construction activities,367,317,50,92,78,14,275,239,36,109,92,17,60,52,8,49,40,9
`30,`000,STATE - GOA,`43,`431,`0000,Demolition and site preparation,81,58,23,40,34,6,41,24,17,27,19,8,24,16,8,3,3,0
`30,`000,STATE - GOA,`43,`431,`4312,Site preparation,81,58,23,40,34,6,41,24,17,27,19,8,24,16,8,3,3,0
`30,`000,STATE - GOA,`43,`432,`0000,"Electrical, plumbing and other construction installation activities",36,36,0,6,6,0,30,30,0,0,0,0,0,0,0,0,0,0
`30,`000,STATE - GOA,`43,`432,`4321,Electrical installation,6,6,0,0,0,0,6,6,0,0,0,0,0,0,0,0,0,0
`30,`000,STATE - GOA,`43,`432,`4322,"Plumbing, heat and air-conditioning installation",30,30,0,6,6,0,24,24,0,0,0,0,0,0,0,0,0,0
`30,`000,STATE - GOA,`43,`433,`0000,Building completion and finishing,247,220,27,46,38,8,201,182,19,82,73,9,36,36,0,46,37,9
`30,`000,STATE - GOA,`43,`433,`4330,Building completion and finishing,247,220,27,46,38,8,201,182,19,82,73,9,36,36,0,46,37,9
`30,`000,STATE - GOA,`43,`439,`0000,Other specialized construction activities,3,3,0,0,0,0,3,3,0,0,0,0,0,0,0,0,0,0
`30,`000,STATE - GOA,`43,`439,`4390,Other specialized construction activities,3,3,0,0,0,0,3,3,0,0,0,0,0,0,0,0,0,0
`30,`000,STATE - GOA,`45,`000,`0000,Wholesale and retail trade and repair of motor vehicles and motorcycles,69,61,8,14,14,0,55,47,8,22,22,0,12,12,0,10,10,0
`30,`000,STATE - GOA,`45,`451,`0000,Sale of motor vehicles,5,2,3,0,0,0,5,2,3,0,0,0,0,0,0,0,0,0
`30,`000,STATE - GOA,`45,`451,`4510,Sale of motor vehicles,5,2,3,0,0,0,5,2,3,0,0,0,0,0,0,0,0,0
`30,`000,STATE - GOA,`45,`452,`0000,Maintenance and repair of motor vehicles,39,39,0,12,12,0,27,27,0,11,11,0,6,6,0,5,5,0
`30,`000,STATE - GOA,`45,`452,`4520,Maintenance and repair of motor vehicles,39,39,0,12,12,0,27,27,0,11,11,0,6,6,0,5,5,0
`30,`000,STATE - GOA,`45,`454,`0000,"Sale, maintenance and repair of motorcycles and related parts and",25,20,5,2,2,0,23,18,5,11,11,0,6,6,0,5,5,0
`30,`000,STATE - GOA,`45,`454,`4540,"Sale, maintenance and repair of motorcycles and related parts and",25,20,5,2,2,0,23,18,5,11,11,0,6,6,0,5,5,0
`30,`000,STATE - GOA,`46,`000,`0000,"Wholesale trade, except of motor vehicles and motorcycles",89,69,20,20,14,6,69,55,14,23,18,5,0,0,0,23,18,5
`30,`000,STATE - GOA,`46,`461,`0000,Wholesale on a fee or contract basis,2,2,0,2,2,0,0,0,0,0,0,0,0,0,0,0,0,0
`30,`000,STATE - GOA,`46,`461,`4610,Wholesale on a fee or contract basis,2,2,0,2,2,0,0,0,0,0,0,0,0,0,0,0,0,0
`30,`000,STATE - GOA,`46,`462,`0000,Wholesale of agricultural raw materials and live animals,3,3,0,0,0,0,3,3,0,0,0,0,0,0,0,0,0,0
`30,`000,STATE - GOA,`46,`462,`4620,Wholesale of agricultural raw materials and live animals,3,3,0,0,0,0,3,3,0,0,0,0,0,0,0,0,0,0
`30,`000,STATE - GOA,`46,`463,`0000,"Wholesale of food, beverages and tobacco",27,21,6,0,0,0,27,21,6,0,0,0,0,0,0,0,0,0
`30,`000,STATE - GOA,`46,`463,`4630,"Wholesale of food, beverages and tobacco",27,21,6,0,0,0,27,21,6,0,0,0,0,0,0,0,0,0
`30,`000,STATE - GOA,`46,`464,`0000,Wholesale of household goods,3,3,0,0,0,0,3,3,0,6,6,0,0,0,0,6,6,0
`30,`000,STATE - GOA,`46,`464,`4641,"Wholesale of textiles, clothing and footwear",3,3,0,0,0,0,3,3,0,6,6,0,0,0,0,6,6,0
`30,`000,STATE - GOA,`46,`465,`0000,"Wholesale of machinery, equipment and supplies",2,2,0,0,0,0,2,2,0,0,0,0,0,0,0,0,0,0
`30,`000,STATE - GOA,`46,`465,`4659,Wholesale of other machinery and equipment,2,2,0,0,0,0,2,2,0,0,0,0,0,0,0,0,0,0
`30,`000,STATE - GOA,`46,`466,`0000,Other specialized wholesale,35,27,8,12,12,0,23,15,8,14,12,2,0,0,0,14,12,2
`30,`000,STATE - GOA,`46,`466,`4662,Wholesale of metals and metal ores,6,6,0,6,6,0,0,0,0,0,0,0,0,0,0,0,0,0
`30,`000,STATE - GOA,`46,`466,`4663,"Wholesale of construction materials, hardware, plumbing and heating",9,9,0,0,0,0,9,9,0,0,0,0,0,0,0,0,0,0
`30,`000,STATE - GOA,`46,`466,`4669,Wholesale of waste and scrap and other products n.e.c.,20,12,8,6,6,0,14,6,8,14,12,2,0,0,0,14,12,2
`30,`000,STATE - GOA,`46,`469,`0000,Non-specialized wholesale trade,17,11,6,6,0,6,11,11,0,3,0,3,0,0,0,3,0,3
`30,`000,STATE - GOA,`46,`469,`4690,Non-specialized wholesale trade,17,11,6,6,0,6,11,11,0,3,0,3,0,0,0,3,0,3
`30,`000,STATE - GOA,`47,`000,`0000,"Retail trade, except of motor vehicles and motorcycles",624,479,145,162,102,60,462,377,85,119,81,38,40,34,6,79,47,32
`30,`000,STATE - GOA,`47,`471,`0000,Retail sale in non-specialized stores,31,14,17,16,2,14,15,12,3,9,9,0,0,0,0,9,9,0
`30,`000,STATE - GOA,`47,`471,`4719,Other retail sale in non-specialized stores,31,14,17,16,2,14,15,12,3,9,9,0,0,0,0,9,9,0
`30,`000,STATE - GOA,`47,`472,`0000,"Retail sale of food, beverages and tobacco in specialized stores",172,125,47,26,18,8,146,107,39,30,19,11,18,16,2,12,3,9
`30,`000,STATE - GOA,`47,`472,`4721,Retail sale of food in specialized stores,150,109,41,22,14,8,128,95,33,30,19,11,18,16,2,12,3,9
`30,`000,STATE - GOA,`47,`472,`4722,Retail sale of beverages in specialized stores,19,13,6,4,4,0,15,9,6,0,0,0,0,0,0,0,0,0
`30,`000,STATE - GOA,`47,`472,`4723,Retail sale of tobacco products in specialized stores,3,3,0,0,0,0,3,3,0,0,0,0,0,0,0,0,0,0
`30,`000,STATE - GOA,`47,`473,`0000,Retail sale of automotive fuel in specialized stores,8,8,0,2,2,0,6,6,0,2,0,2,2,0,2,0,0,0
`30,`000,STATE - GOA,`47,`473,`4730,Retail sale of automotive fuel in specialized stores,8,8,0,2,2,0,6,6,0,2,0,2,2,0,2,0,0,0
`30,`000,STATE - GOA,`47,`474,`0000,Retail sale of information and communications equipment in specialized,16,16,0,6,6,0,10,10,0,0,0,0,0,0,0,0,0,0
`30,`000,STATE - GOA,`47,`474,`4741,"Retail sale of computers, peripheral units, software and",16,16,0,6,6,0,10,10,0,0,0,0,0,0,0,0,0,0
`30,`000,STATE - GOA,`47,`475,`0000,Retail sale of other household equipment in specialized stores,63,43,20,6,0,6,57,43,14,20,12,8,6,6,0,14,6,8
`30,`000,STATE - GOA,`47,`475,`4751,Retail sale of textiles in specialized stores,10,6,4,0,0,0,10,6,4,12,6,6,0,0,0,12,6,6
`30,`000,STATE - GOA,`47,`475,`4752,"Retail sale of hardware, paints and glass in specialized stores",24,24,0,0,0,0,24,24,0,0,0,0,0,0,0,0,0,0
`30,`000,STATE - GOA,`47,`475,`4753,"Retail sale of carpets, rugs, wall and floor coverings in specialized",6,0,6,6,0,6,0,0,0,6,6,0,6,6,0,0,0,0
`30,`000,STATE - GOA,`47,`475,`4759,"Retail sale of electrical household appliances, furniture, lighting",23,13,10,0,0,0,23,13,10,2,0,2,0,0,0,2,0,2
`30,`000,STATE - GOA,`47,`476,`0000,Retail sale of cultural and recreation goods in specialized stores,24,15,9,12,6,6,12,9,3,0,0,0,0,0,0,0,0,0
`30,`000,STATE - GOA,`47,`476,`4761,"Retail sale of books, newspapers and stationary in specialized stores",18,15,3,6,6,0,12,9,3,0,0,0,0,0,0,0,0,0
`30,`000,STATE - GOA,`47,`476,`4764,Retail sale of games and toys in specialized stores,6,0,6,6,0,6,0,0,0,0,0,0,0,0,0,0,0,0
`30,`000,STATE - GOA,`47,`477,`0000,Retail sale of other goods in specialized stores,201,167,34,70,56,14,131,111,20,40,35,5,8,8,0,32,27,5
`30,`000,STATE - GOA,`47,`477,`4771,"Retail sale of clothing, footwear and leather articles in specialized",83,74,9,20,20,0,63,54,9,28,26,2,2,2,0,26,24,2
`30,`000,STATE - GOA,`47,`477,`4772,"Retail sale of pharmaceutical and medical goods, cosmetic and toilet",20,15,5,8,6,2,12,9,3,3,3,0,0,0,0,3,3,0
`30,`000,STATE - GOA,`47,`477,`4773,Other retail sale of new goods in specialized stores,98,78,20,42,30,12,56,48,8,9,6,3,6,6,0,3,0,3
`30,`000,STATE - GOA,`47,`478,`0000,Retail sale via stalls and markets,82,64,18,24,12,12,58,52,6,12,4,8,2,2,0,10,2,8
`30,`000,STATE - GOA,`47,`478,`4781,"Retail sale via stalls and markets of food, beverages and tobacco",0,0,0,0,0,0,0,0,0,2,0,2,0,0,0,2,0,2
`30,`000,STATE - GOA,`47,`478,`4782,"Retail sale via stalls and markets of textiles, clothing and footwear",6,6,0,6,6,0,0,0,0,2,2,0,0,0,0,2,2,0
`30,`000,STATE - GOA,`47,`478,`4789,Retail sale via stalls and markets of other goods,76,58,18,18,6,12,58,52,6,8,2,6,2,2,0,6,0,6
`30,`000,STATE - GOA,`47,`479,`0000,"Retail trade not in stores, stalls or markets",27,27,0,0,0,0,27,27,0,6,2,4,4,2,2,2,0,2
`30,`000,STATE - GOA,`47,`479,`4799,"Other retail sale not in stores, stalls or markets",27,27,0,0,0,0,27,27,0,6,2,4,4,2,2,2,0,2
`30,`000,STATE - GOA,`49,`000,`0000,Land transport and transport via pipelines,562,545,17,224,224,0,338,321,17,68,68,0,22,22,0,46,46,0
`30,`000,STATE - GOA,`49,`491,`0000,Transport via railways,26,26,0,24,24,0,2,2,0,0,0,0,0,0,0,0,0,0
`30,`000,STATE - GOA,`49,`491,`4911,Passenger rail transport,20,20,0,18,18,0,2,2,0,0,0,0,0,0,0,0,0,0
`30,`000,STATE - GOA,`49,`491,`4912,Freight rail transport,6,6,0,6,6,0,0,0,0,0,0,0,0,0,0,0,0,0
`30,`000,STATE - GOA,`49,`492,`0000,Other land transport,536,519,17,200,200,0,336,319,17,68,68,0,22,22,0,46,46,0
`30,`000,STATE - GOA,`49,`492,`4921,Urban or suburban passenger land transport,36,34,2,12,12,0,24,22,2,0,0,0,0,0,0,0,0,0
`30,`000,STATE - GOA,`49,`492,`4922,Other passenger land transport,398,388,10,134,134,0,264,254,10,39,39,0,14,14,0,25,25,0
`30,`000,STATE - GOA,`49,`492,`4923,Freight transport by road,102,97,5,54,54,0,48,43,5,29,29,0,8,8,0,21,21,0
`30,`000,STATE - GOA,`50,`000,`0000,Water transport,97,93,4,6,6,0,91,87,4,18,18,0,12,12,0,6,6,0
`30,`000,STATE - GOA,`50,`501,`0000,Sea and coastal water transport,79,75,4,0,0,0,79,75,4,18,18,0,12,12,0,6,6,0
`30,`000,STATE - GOA,`50,`501,`5011,Sea and coastal passenger water transport,70,66,4,0,0,0,70,66,4,18,18,0,12,12,0,6,6,0
`30,`000,STATE - GOA,`50,`501,`5012,Sea and coastal freight water transport,9,9,0,0,0,0,9,9,0,0,0,0,0,0,0,0,0,0
`30,`000,STATE - GOA,`50,`502,`0000,Inland water transport,18,18,0,6,6,0,12,12,0,0,0,0,0,0,0,0,0,0
`30,`000,STATE - GOA,`50,`502,`5021,Inland passenger water transport,18,18,0,6,6,0,12,12,0,0,0,0,0,0,0,0,0,0
`30,`000,STATE - GOA,`51,`000,`0000,Air transport,8,8,0,2,2,0,6,6,0,0,0,0,0,0,0,0,0,0
`30,`000,STATE - GOA,`51,`511,`0000,Passenger air transport,2,2,0,2,2,0,0,0,0,0,0,0,0,0,0,0,0,0
`30,`000,STATE - GOA,`51,`511,`5110,Passenger air transport,2,2,0,2,2,0,0,0,0,0,0,0,0,0,0,0,0,0
`30,`000,STATE - GOA,`51,`512,`0000,Freight air transport,6,6,0,0,0,0,6,6,0,0,0,0,0,0,0,0,0,0
`30,`000,STATE - GOA,`51,`512,`5120,Freight air transport,6,6,0,0,0,0,6,6,0,0,0,0,0,0,0,0,0,0
`30,`000,STATE - GOA,`52,`000,`0000,Warehousing and support activities for transportation,52,38,14,14,14,0,38,24,14,23,21,2,8,6,2,15,15,0
`30,`000,STATE - GOA,`52,`521,`0000,Warehousing and storage,32,18,14,6,6,0,26,12,14,15,13,2,2,0,2,13,13,0
`30,`000,STATE - GOA,`52,`521,`5210,Warehousing and storage,32,18,14,6,6,0,26,12,14,15,13,2,2,0,2,13,13,0
`30,`000,STATE - GOA,`52,`522,`0000,Support activities for transportation,20,20,0,8,8,0,12,12,0,8,8,0,6,6,0,2,2,0
`30,`000,STATE - GOA,`52,`522,`5221,Service activities incidental to land transportation,15,15,0,6,6,0,9,9,0,6,6,0,6,6,0,0,0,0
`30,`000,STATE - GOA,`52,`522,`5229,Other transportation support activities,5,5,0,2,2,0,3,3,0,2,2,0,0,0,0,2,2,0
`30,`000,STATE - GOA,`53,`000,`0000,Postal and courier activities,26,24,2,18,18,0,8,6,2,6,0,6,0,0,0,6,0,6
`30,`000,STATE - GOA,`53,`531,`0000,Postal activities,23,21,2,18,18,0,5,3,2,0,0,0,0,0,0,0,0,0
`30,`000,STATE - GOA,`53,`531,`5310,Postal activities,23,21,2,18,18,0,5,3,2,0,0,0,0,0,0,0,0,0
`30,`000,STATE - GOA,`53,`532,`0000,Courier activities,3,3,0,0,0,0,3,3,0,6,0,6,0,0,0,6,0,6
`30,`000,STATE - GOA,`53,`532,`5320,Courier activities,3,3,0,0,0,0,3,3,0,6,0,6,0,0,0,6,0,6
`30,`000,STATE - GOA,`55,`000,`0000,Accommodation,142,131,11,62,56,6,80,75,5,32,26,6,8,8,0,24,18,6
`30,`000,STATE - GOA,`55,`551,`0000,Short term accommodation activities,139,128,11,62,56,6,77,72,5,32,26,6,8,8,0,24,18,6
`30,`000,STATE - GOA,`55,`551,`5510,Short term accommodation activities,139,128,11,62,56,6,77,72,5,32,26,6,8,8,0,24,18,6
`30,`000,STATE - GOA,`55,`559,`0000,Other accommodation,3,3,0,0,0,0,3,3,0,0,0,0,0,0,0,0,0,0
`30,`000,STATE - GOA,`55,`559,`5590,Other accommodation,3,3,0,0,0,0,3,3,0,0,0,0,0,0,0,0,0,0
`30,`000,STATE - GOA,`56,`000,`0000,Food and beverage service activities,163,147,16,80,78,2,83,69,14,28,22,6,0,0,0,28,22,6
`30,`000,STATE - GOA,`56,`561,`0000,Restaurants and mobile food service activities,30,30,0,12,12,0,18,18,0,6,3,3,0,0,0,6,3,3
`30,`000,STATE - GOA,`56,`561,`5610,Restaurants and mobile food service activities,30,30,0,12,12,0,18,18,0,6,3,3,0,0,0,6,3,3
`30,`000,STATE - GOA,`56,`562,`0000,Event catering and other food service activities,8,8,0,2,2,0,6,6,0,11,8,3,0,0,0,11,8,3
`30,`000,STATE - GOA,`56,`562,`5621,Event catering,8,8,0,2,2,0,6,6,0,11,8,3,0,0,0,11,8,3
`30,`000,STATE - GOA,`56,`563,`0000,Beverage serving activities,125,109,16,66,64,2,59,45,14,11,11,0,0,0,0,11,11,0
`30,`000,STATE - GOA,`56,`563,`5630,Beverage serving activities,125,109,16,66,64,2,59,45,14,11,11,0,0,0,0,11,11,0
`30,`000,STATE - GOA,`58,`000,`0000,Publishing activities,17,14,3,0,0,0,17,14,3,0,0,0,0,0,0,0,0,0
`30,`000,STATE - GOA,`58,`581,`0000,"Publishing of books, periodicals and other publishing activities",14,14,0,0,0,0,14,14,0,0,0,0,0,0,0,0,0,0
`30,`000,STATE - GOA,`58,`581,`5813,"Publishing of newspapers, journals and periodicals",14,14,0,0,0,0,14,14,0,0,0,0,0,0,0,0,0,0
`30,`000,STATE - GOA,`58,`582,`0000,Software publishing,3,0,3,0,0,0,3,0,3,0,0,0,0,0,0,0,0,0
`30,`000,STATE - GOA,`58,`582,`5820,Software publishing,3,0,3,0,0,0,3,0,3,0,0,0,0,0,0,0,0,0
`30,`000,STATE - GOA,`60,`000,`0000,Broadcasting and programming activities,5,3,2,0,0,0,5,3,2,0,0,0,0,0,0,0,0,0
`30,`000,STATE - GOA,`60,`602,`0000,Television programming and broadcasting activities,5,3,2,0,0,0,5,3,2,0,0,0,0,0,0,0,0,0
`30,`000,STATE - GOA,`60,`602,`6020,Television programming and broadcasting activities,5,3,2,0,0,0,5,3,2,0,0,0,0,0,0,0,0,0
`30,`000,STATE - GOA,`61,`000,`0000,Telecommunications,32,30,2,2,2,0,30,28,2,2,0,2,0,0,0,2,0,2
`30,`000,STATE - GOA,`61,`611,`0000,Wired telecommunications activities,17,17,0,0,0,0,17,17,0,2,0,2,0,0,0,2,0,2
`30,`000,STATE - GOA,`61,`611,`6110,Wired telecommunications activities,17,17,0,0,0,0,17,17,0,2,0,2,0,0,0,2,0,2
`30,`000,STATE - GOA,`61,`612,`0000,Wireless telecommunications activities,2,2,0,0,0,0,2,2,0,0,0,0,0,0,0,0,0,0
`30,`000,STATE - GOA,`61,`612,`6120,Wireless telecommunications activities,2,2,0,0,0,0,2,2,0,0,0,0,0,0,0,0,0,0
`30,`000,STATE - GOA,`61,`619,`0000,Other telecommunications activities,13,11,2,2,2,0,11,9,2,0,0,0,0,0,0,0,0,0
`30,`000,STATE - GOA,`61,`619,`6190,Other telecommunications activities,13,11,2,2,2,0,11,9,2,0,0,0,0,0,0,0,0,0
`30,`000,STATE - GOA,`62,`000,`0000,"Computer programming, consultancy and related activities",15,6,9,6,0,6,9,6,3,0,0,0,0,0,0,0,0,0
`30,`000,STATE - GOA,`62,`620,`0000,"Computer programming, consultancy and related activities",15,6,9,6,0,6,9,6,3,0,0,0,0,0,0,0,0,0
`30,`000,STATE - GOA,`62,`620,`6201,Computer programming activities,3,0,3,0,0,0,3,0,3,0,0,0,0,0,0,0,0,0
`30,`000,STATE - GOA,`62,`620,`6209,Other information technology and computer service activities,12,6,6,6,0,6,6,6,0,0,0,0,0,0,0,0,0,0
`30,`000,STATE - GOA,`63,`000,`0000,Information service activities,27,19,8,12,6,6,15,13,2,0,0,0,0,0,0,0,0,0
`30,`000,STATE - GOA,`63,`631,`0000,"Data processing, hosting and related activities; web portals",2,2,0,0,0,0,2,2,0,0,0,0,0,0,0,0,0,0
`30,`000,STATE - GOA,`63,`631,`6311,"Data processing, hosting and related activities",2,2,0,0,0,0,2,2,0,0,0,0,0,0,0,0,0,0
`30,`000,STATE - GOA,`63,`639,`0000,Other information service activities,25,17,8,12,6,6,13,11,2,0,0,0,0,0,0,0,0,0
`30,`000,STATE - GOA,`63,`639,`6399,Other information service activities n.e.c.,25,17,8,12,6,6,13,11,2,0,0,0,0,0,0,0,0,0
`30,`000,STATE - GOA,`64,`000,`0000,"Financial service activities, except insurance and pension funding",242,177,65,56,42,14,186,135,51,8,3,5,0,0,0,8,3,5
`30,`000,STATE - GOA,`64,`641,`0000,Monetary intermediation,242,177,65,56,42,14,186,135,51,8,3,5,0,0,0,8,3,5
`30,`000,STATE - GOA,`64,`641,`6411,Central banking,71,57,14,12,12,0,59,45,14,3,3,0,0,0,0,3,3,0
`30,`000,STATE - GOA,`64,`641,`6419,Other monetary intermediation,171,120,51,44,30,14,127,90,37,5,0,5,0,0,0,5,0,5
`30,`000,STATE - GOA,`65,`000,`0000,"Insurance, reinsurance and pension funding, except compulsory social",81,57,24,24,24,0,57,33,24,0,0,0,0,0,0,0,0,0
`30,`000,STATE - GOA,`65,`651,`0000,Insurance,81,57,24,24,24,0,57,33,24,0,0,0,0,0,0,0,0,0
`30,`000,STATE - GOA,`65,`651,`6511,Life insurance,72,54,18,24,24,0,48,30,18,0,0,0,0,0,0,0,0,0
`30,`000,STATE - GOA,`65,`651,`6512,Non-life insurance,9,3,6,0,0,0,9,3,6,0,0,0,0,0,0,0,0,0
`30,`000,STATE - GOA,`66,`000,`0000,Other financial activities,18,15,3,6,6,0,12,9,3,6,6,0,6,6,0,0,0,0
`30,`000,STATE - GOA,`66,`662,`0000,Activities auxiliary to insurance and pension funding,12,9,3,6,6,0,6,3,3,6,6,0,6,6,0,0,0,0
`30,`000,STATE - GOA,`66,`662,`6622,Activities of insurance agents and brokers,3,0,3,0,0,0,3,0,3,0,0,0,0,0,0,0,0,0
`30,`000,STATE - GOA,`66,`662,`6629,Other activities auxiliary to insurance and pension funding,9,9,0,6,6,0,3,3,0,6,6,0,6,6,0,0,0,0
`30,`000,STATE - GOA,`66,`663,`0000,Fund management activities,6,6,0,0,0,0,6,6,0,0,0,0,0,0,0,0,0,0
`30,`000,STATE - GOA,`66,`663,`6630,Fund management activities,6,6,0,0,0,0,6,6,0,0,0,0,0,0,0,0,0,0
`30,`000,STATE - GOA,`69,`000,`0000,Legal and accounting activities,18,12,6,0,0,0,18,12,6,6,0,6,0,0,0,6,0,6
`30,`000,STATE - GOA,`69,`691,`0000,Legal activities,12,9,3,0,0,0,12,9,3,3,0,3,0,0,0,3,0,3
`30,`000,STATE - GOA,`69,`691,`6910,Legal activities,12,9,3,0,0,0,12,9,3,3,0,3,0,0,0,3,0,3
`30,`000,STATE - GOA,`69,`692,`0000,"Accounting, bookkeeping and auditing activities; tax consultancy",6,3,3,0,0,0,6,3,3,3,0,3,0,0,0,3,0,3
`30,`000,STATE - GOA,`69,`692,`6920,"Accounting, bookkeeping and auditing activities; tax consultancy",6,3,3,0,0,0,6,3,3,3,0,3,0,0,0,3,0,3
`30,`000,STATE - GOA,`70,`000,`0000,Activities of head offices; management consultancy activities,3,3,0,0,0,0,3,3,0,0,0,0,0,0,0,0,0,0
`30,`000,STATE - GOA,`70,`702,`0000,Management consultancy activities,3,3,0,0,0,0,3,3,0,0,0,0,0,0,0,0,0,0
`30,`000,STATE - GOA,`70,`702,`7020,Management consultancy activities,3,3,0,0,0,0,3,3,0,0,0,0,0,0,0,0,0,0
`30,`000,STATE - GOA,`72,`000,`0000,Scientific research and development,26,21,5,12,12,0,14,9,5,0,0,0,0,0,0,0,0,0
`30,`000,STATE - GOA,`72,`721,`0000,Research and experimental development on natural sciences and,8,6,2,6,6,0,2,0,2,0,0,0,0,0,0,0,0,0
`30,`000,STATE - GOA,`72,`721,`7210,Research and experimental development on natural sciences and,8,6,2,6,6,0,2,0,2,0,0,0,0,0,0,0,0,0
`30,`000,STATE - GOA,`72,`722,`0000,Research and experimental development on social sciences and humanities,18,15,3,6,6,0,12,9,3,0,0,0,0,0,0,0,0,0
`30,`000,STATE - GOA,`72,`722,`7220,Research and experimental development on social sciences and,18,15,3,6,6,0,12,9,3,0,0,0,0,0,0,0,0,0
`30,`000,STATE - GOA,`74,`000,`0000,"Other professional, scientific and technical activities",22,18,4,4,0,4,18,18,0,0,0,0,0,0,0,0,0,0
`30,`000,STATE - GOA,`74,`741,`0000,Specialized design activities,16,12,4,4,0,4,12,12,0,0,0,0,0,0,0,0,0,0
`30,`000,STATE - GOA,`74,`741,`7410,Specialized design activities,16,12,4,4,0,4,12,12,0,0,0,0,0,0,0,0,0,0
`30,`000,STATE - GOA,`74,`749,`0000,"Other professional, scientific and technical activities n.e.c.",6,6,0,0,0,0,6,6,0,0,0,0,0,0,0,0,0,0
`30,`000,STATE - GOA,`74,`749,`7490,"Other professional, scientific and technical activities n.e.c.",6,6,0,0,0,0,6,6,0,0,0,0,0,0,0,0,0,0
`30,`000,STATE - GOA,`77,`000,`0000,Rental and leasing activities,5,5,0,2,2,0,3,3,0,0,0,0,0,0,0,0,0,0
`30,`000,STATE - GOA,`77,`771,`0000,Renting and leasing of motor vehicles,5,5,0,2,2,0,3,3,0,0,0,0,0,0,0,0,0,0
`30,`000,STATE - GOA,`77,`771,`7710,Renting and leasing of motor vehicles,5,5,0,2,2,0,3,3,0,0,0,0,0,0,0,0,0,0
`30,`000,STATE - GOA,`80,`000,`0000,Security and investigation activities,41,41,0,12,12,0,29,29,0,0,0,0,0,0,0,0,0,0
`30,`000,STATE - GOA,`80,`801,`0000,Private security activities,20,20,0,6,6,0,14,14,0,0,0,0,0,0,0,0,0,0
`30,`000,STATE - GOA,`80,`801,`8010,Private security activities,20,20,0,6,6,0,14,14,0,0,0,0,0,0,0,0,0,0
`30,`000,STATE - GOA,`80,`802,`0000,Security systems service activities,21,21,0,6,6,0,15,15,0,0,0,0,0,0,0,0,0,0
`30,`000,STATE - GOA,`80,`802,`8020,Security systems service activities,21,21,0,6,6,0,15,15,0,0,0,0,0,0,0,0,0,0
`30,`000,STATE - GOA,`81,`000,`0000,Services to buildings and landscape activities,14,5,9,6,0,6,8,5,3,0,0,0,0,0,0,0,0,0
`30,`000,STATE - GOA,`81,`812,`0000,Cleaning activities,11,2,9,6,0,6,5,2,3,0,0,0,0,0,0,0,0,0
`30,`000,STATE - GOA,`81,`812,`8121,General cleaning of buildings,9,0,9,6,0,6,3,0,3,0,0,0,0,0,0,0,0,0
`30,`000,STATE - GOA,`81,`812,`8129,Other building and industrial cleaning activities,2,2,0,0,0,0,2,2,0,0,0,0,0,0,0,0,0,0
`30,`000,STATE - GOA,`81,`813,`0000,Landscape care and maintenance service activities,3,3,0,0,0,0,3,3,0,0,0,0,0,0,0,0,0,0
`30,`000,STATE - GOA,`81,`813,`8130,Landscape care and maintenance service activities,3,3,0,0,0,0,3,3,0,0,0,0,0,0,0,0,0,0
`30,`000,STATE - GOA,`82,`000,`0000,"Office administrative, office support and other business support activities",398,278,120,114,82,32,284,196,88,36,24,12,18,12,6,18,12,6
`30,`000,STATE - GOA,`82,`821,`0000,Office administrative and support activities,23,14,9,0,0,0,23,14,9,0,0,0,0,0,0,0,0,0
`30,`000,STATE - GOA,`82,`821,`8211,Combined office administrative service activities,8,5,3,0,0,0,8,5,3,0,0,0,0,0,0,0,0,0
`30,`000,STATE - GOA,`82,`821,`8219,"Photocopying, document preparation and other specialized office",15,9,6,0,0,0,15,9,6,0,0,0,0,0,0,0,0,0
`30,`000,STATE - GOA,`82,`829,`0000,Business support service activities n.e.c.,375,264,111,114,82,32,261,182,79,36,24,12,18,12,6,18,12,6
`30,`000,STATE - GOA,`82,`829,`8299,Other business support service activities n.e.c.,375,264,111,114,82,32,261,182,79,36,24,12,18,12,6,18,12,6
`30,`000,STATE - GOA,`84,`000,`0000,Public administration and defence; compulsory social security,1308,918,390,248,206,42,1060,712,348,85,47,38,26,14,12,59,33,26
`30,`000,STATE - GOA,`84,`841,`0000,Administration of the State and the economic and social policy of the,1168,801,367,204,164,40,964,637,327,73,35,38,20,8,12,53,27,26
`30,`000,STATE - GOA,`84,`841,`8411,General public administration activities,1166,799,367,204,164,40,962,635,327,73,35,38,20,8,12,53,27,26
`30,`000,STATE - GOA,`84,`841,`8412,"Regulation of the activities of providing health care, education, cultural",2,2,0,0,0,0,2,2,0,0,0,0,0,0,0,0,0,0
`30,`000,STATE - GOA,`84,`842,`0000,Provision of services to the community as a whole,140,117,23,44,42,2,96,75,21,12,12,0,6,6,0,6,6,0
`30,`000,STATE - GOA,`84,`842,`8422,Defence activities,37,37,0,12,12,0,25,25,0,6,6,0,6,6,0,0,0,0
`30,`000,STATE - GOA,`84,`842,`8423,Public order and safety activities,103,80,23,32,30,2,71,50,21,6,6,0,0,0,0,6,6,0
`30,`000,STATE - GOA,`85,`000,`0000,Education,246,155,91,70,56,14,176,99,77,20,6,14,14,6,8,6,0,6
`30,`000,STATE - GOA,`85,`851,`0000,Primary education,58,27,31,20,12,8,38,15,23,3,0,3,0,0,0,3,0,3
`30,`000,STATE - GOA,`85,`851,`8510,Primary education,58,27,31,20,12,8,38,15,23,3,0,3,0,0,0,3,0,3
`30,`000,STATE - GOA,`85,`852,`0000,Secondary education,48,34,14,18,18,0,30,16,14,0,0,0,0,0,0,0,0,0
`30,`000,STATE - GOA,`85,`852,`8521,General secondary education,42,28,14,12,12,0,30,16,14,0,0,0,0,0,0,0,0,0
`30,`000,STATE - GOA,`85,`852,`8522,Technical and vocational secondary education,6,6,0,6,6,0,0,0,0,0,0,0,0,0,0,0,0,0
`30,`000,STATE - GOA,`85,`853,`0000,Higher education,78,53,25,12,12,0,66,41,25,9,6,3,6,6,0,3,0,3
`30,`000,STATE - GOA,`85,`853,`8530,Higher education,78,53,25,12,12,0,66,41,25,9,6,3,6,6,0,3,0,3
`30,`000,STATE - GOA,`85,`854,`0000,Other education,14,14,0,8,8,0,6,6,0,6,0,6,6,0,6,0,0,0
`30,`000,STATE - GOA,`85,`854,`8549,Other education n.e.c.,14,14,0,8,8,0,6,6,0,6,0,6,6,0,6,0,0,0
`30,`000,STATE - GOA,`85,`855,`0000,Educational support services,48,27,21,12,6,6,36,21,15,2,0,2,2,0,2,0,0,0
`30,`000,STATE - GOA,`85,`855,`8550,Educational support services,48,27,21,12,6,6,36,21,15,2,0,2,2,0,2,0,0,0
`30,`000,STATE - GOA,`86,`000,`0000,Human health activities,215,74,141,94,38,56,121,36,85,21,17,4,10,8,2,11,9,2
`30,`000,STATE - GOA,`86,`861,`0000,Hospital activities,125,49,76,40,18,22,85,31,54,2,0,2,2,0,2,0,0,0
`30,`000,STATE - GOA,`86,`861,`8610,Hospital activities,125,49,76,40,18,22,85,31,54,2,0,2,2,0,2,0,0,0
`30,`000,STATE - GOA,`86,`862,`0000,Medical and dental practice activities,45,23,22,32,20,12,13,3,10,6,6,0,6,6,0,0,0,0
`30,`000,STATE - GOA,`86,`862,`8620,Medical and dental practice activities,45,23,22,32,20,12,13,3,10,6,6,0,6,6,0,0,0,0
`30,`000,STATE - GOA,`86,`869,`0000,Other human health activities,45,2,43,22,0,22,23,2,21,13,11,2,2,2,0,11,9,2
`30,`000,STATE - GOA,`86,`869,`8690,Other human health activities,45,2,43,22,0,22,23,2,21,13,11,2,2,2,0,11,9,2
`30,`000,STATE - GOA,`87,`000,`0000,Residential care activities,8,0,8,0,0,0,8,0,8,0,0,0,0,0,0,0,0,0
`30,`000,STATE - GOA,`87,`872,`0000,"Residential care activities for mental retardation, mental health and substance",2,0,2,0,0,0,2,0,2,0,0,0,0,0,0,0,0,0
`30,`000,STATE - GOA,`87,`872,`8720,"Residential care activities for mental retardation, mental health and",2,0,2,0,0,0,2,0,2,0,0,0,0,0,0,0,0,0
`30,`000,STATE - GOA,`87,`873,`0000,Residential care activities for the elderly and disabled,6,0,6,0,0,0,6,0,6,0,0,0,0,0,0,0,0,0
`30,`000,STATE - GOA,`87,`873,`8730,Residential care activities for the elderly and disabled,6,0,6,0,0,0,6,0,6,0,0,0,0,0,0,0,0,0
`30,`000,STATE - GOA,`88,`000,`0000,Social work activities without accommodation,13,0,13,2,0,2,11,0,11,8,2,6,2,2,0,6,0,6
`30,`000,STATE - GOA,`88,`889,`0000,Other social work activities without accommodation n.e.c.,13,0,13,2,0,2,11,0,11,8,2,6,2,2,0,6,0,6
`30,`000,STATE - GOA,`88,`889,`8890,Other social work activities without accommodation n.e.c.,13,0,13,2,0,2,11,0,11,8,2,6,2,2,0,6,0,6
`30,`000,STATE - GOA,`90,`000,`0000,"Creative, arts and entertainment activities",82,69,13,46,46,0,36,23,13,3,0,3,0,0,0,3,0,3
`30,`000,STATE - GOA,`90,`900,`0000,"Creative, arts and entertainment activities",82,69,13,46,46,0,36,23,13,3,0,3,0,0,0,3,0,3
`30,`000,STATE - GOA,`90,`900,`9000,"Dramatic arts, music and other arts activities",82,69,13,46,46,0,36,23,13,3,0,3,0,0,0,3,0,3
`30,`000,STATE - GOA,`91,`000,`0000,"Libraries, archives, museums and other cultural activities",2,0,2,0,0,0,2,0,2,6,6,0,6,6,0,0,0,0
`30,`000,STATE - GOA,`91,`910,`0000,"Libraries, archives, museums and other cultural activities",2,0,2,0,0,0,2,0,2,6,6,0,6,6,0,0,0,0
`30,`000,STATE - GOA,`91,`910,`9103,Botanical and zoological gardens and nature reserves activities,2,0,2,0,0,0,2,0,2,6,6,0,6,6,0,0,0,0
`30,`000,STATE - GOA,`92,`000,`0000,Gambling and betting activities,8,8,0,0,0,0,8,8,0,0,0,0,0,0,0,0,0,0
`30,`000,STATE - GOA,`92,`920,`0000,Gambling and betting activities,8,8,0,0,0,0,8,8,0,0,0,0,0,0,0,0,0,0
`30,`000,STATE - GOA,`92,`920,`9200,Gambling and betting activities,8,8,0,0,0,0,8,8,0,0,0,0,0,0,0,0,0,0
`30,`000,STATE - GOA,`93,`000,`0000,Sports activities and amusement and recreation activities,25,20,5,0,0,0,25,20,5,0,0,0,0,0,0,0,0,0
`30,`000,STATE - GOA,`93,`931,`0000,Sports activities,8,6,2,0,0,0,8,6,2,0,0,0,0,0,0,0,0,0
`30,`000,STATE - GOA,`93,`931,`9319,Other sports activities,8,6,2,0,0,0,8,6,2,0,0,0,0,0,0,0,0,0
`30,`000,STATE - GOA,`93,`932,`0000,Other amusement and recreation activities,17,14,3,0,0,0,17,14,3,0,0,0,0,0,0,0,0,0
`30,`000,STATE - GOA,`93,`932,`9329,Other amusement and recreation activities n.e.c.,17,14,3,0,0,0,17,14,3,0,0,0,0,0,0,0,0,0
`30,`000,STATE - GOA,`94,`000,`0000,Activities of membership organizations,18,8,10,16,6,10,2,2,0,0,0,0,0,0,0,0,0,0
`30,`000,STATE - GOA,`94,`949,`0000,Activities of other membership organizations,18,8,10,16,6,10,2,2,0,0,0,0,0,0,0,0,0,0
`30,`000,STATE - GOA,`94,`949,`9491,Activities of religious organizations,4,2,2,2,0,2,2,2,0,0,0,0,0,0,0,0,0,0
`30,`000,STATE - GOA,`94,`949,`9492,Activities of political organizations,6,0,6,6,0,6,0,0,0,0,0,0,0,0,0,0,0,0
`30,`000,STATE - GOA,`94,`949,`9499,Activities of other membership organizations n.e.c.,8,6,2,8,6,2,0,0,0,0,0,0,0,0,0,0,0,0
`30,`000,STATE - GOA,`95,`000,`0000,Repair of computers and personal and household goods,57,49,8,10,8,2,47,41,6,23,23,0,6,6,0,17,17,0
`30,`000,STATE - GOA,`95,`951,`0000,Repair of computers and communication equipment,8,6,2,2,0,2,6,6,0,0,0,0,0,0,0,0,0,0
`30,`000,STATE - GOA,`95,`951,`9511,Repair of computers and peripheral equipment,2,0,2,2,0,2,0,0,0,0,0,0,0,0,0,0,0,0
`30,`000,STATE - GOA,`95,`951,`9512,Repair of communication equipment,6,6,0,0,0,0,6,6,0,0,0,0,0,0,0,0,0,0
`30,`000,STATE - GOA,`95,`952,`0000,Repair of personal and household goods,49,43,6,8,8,0,41,35,6,23,23,0,6,6,0,17,17,0
`30,`000,STATE - GOA,`95,`952,`9522,Repair of household appliances and home and garden equipment,0,0,0,0,0,0,0,0,0,3,3,0,0,0,0,3,3,0
`30,`000,STATE - GOA,`95,`952,`9523,Repair of footwear and leather goods,34,28,6,2,2,0,32,26,6,11,11,0,6,6,0,5,5,0
`30,`000,STATE - GOA,`95,`952,`9529,"Repair of personal and household goods, n.e.c.",15,15,0,6,6,0,9,9,0,9,9,0,0,0,0,9,9,0
`30,`000,STATE - GOA,`96,`000,`0000,Other personal service activities,261,36,225,62,14,48,199,22,177,87,9,78,30,0,30,57,9,48
`30,`000,STATE - GOA,`96,`960,`0000,Other personal service activities,261,36,225,62,14,48,199,22,177,87,9,78,30,0,30,57,9,48
`30,`000,STATE - GOA,`96,`960,`9601,Washing and (dry-) cleaning of textile and fur products,6,6,0,0,0,0,6,6,0,0,0,0,0,0,0,0,0,0
`30,`000,STATE - GOA,`96,`960,`9602,Hairdressing and other beauty treatment,21,3,18,6,0,6,15,3,12,9,6,3,0,0,0,9,6,3
`30,`000,STATE - GOA,`96,`960,`9609,Other personal service activities n.e.c.,234,27,207,56,14,42,178,13,165,78,3,75,30,0,30,48,3,45
`30,`000,STATE - GOA,`99,`000,`0000,Activities of extraterritorial organizations and bodies,358,163,195,106,54,52,252,109,143,310,121,189,98,36,62,212,85,127
`30,`000,STATE - GOA,`99,`991,`0000,Blank,317,160,157,88,54,34,229,106,123,234,91,143,84,30,54,150,61,89
`30,`000,STATE - GOA,`99,`991,`9910,Blank,317,160,157,88,54,34,229,106,123,234,91,143,84,30,54,150,61,89
`30,`000,STATE - GOA,`99,`992,`0000,Incomplete description/ Wrongly Classifed,41,3,38,18,0,18,23,3,20,76,30,46,14,6,8,62,24,38
`30,`000,STATE - GOA,`99,`992,`9920,Incomplete description/ Wrongly Classifed,41,3,38,18,0,18,23,3,20,76,30,46,14,6,8,62,24,38
`30,`585,District - North Goa,`00,`000,`0000,Total,5273,3860,1413,2006,1496,510,3267,2364,903,1286,777,509,698,396,302,588,381,207
`30,`585,District - North Goa,`01,`000,`0000,"Crop and animal production, hunting and related service activities",10,8,2,4,2,2,6,6,0,9,9,0,6,6,0,3,3,0
`30,`585,District - North Goa,`01,`014,`0000,Animal production,2,0,2,2,0,2,0,0,0,0,0,0,0,0,0,0,0,0
`30,`585,District - North Goa,`01,`014,`0141,Raising of cattle and buffaloes,2,0,2,2,0,2,0,0,0,0,0,0,0,0,0,0,0,0
`30,`585,District - North Goa,`01,`016,`0000,Support activities to agriculture and post-harvest crop activities,8,8,0,2,2,0,6,6,0,9,9,0,6,6,0,3,3,0
`30,`585,District - North Goa,`01,`016,`0161,Support activities for crop production,5,5,0,2,2,0,3,3,0,9,9,0,6,6,0,3,3,0
`30,`585,District - North Goa,`01,`016,`0163,Post-harvest crop activities,3,3,0,0,0,0,3,3,0,0,0,0,0,0,0,0,0,0
`30,`585,District - North Goa,`02,`000,`0000,Forestry and logging,6,6,0,6,6,0,0,0,0,0,0,0,0,0,0,0,0,0
`30,`585,District - North Goa,`02,`024,`0000,Support services to forestry,6,6,0,6,6,0,0,0,0,0,0,0,0,0,0,0,0,0
`30,`585,District - North Goa,`02,`024,`0240,Support services to forestry,6,6,0,6,6,0,0,0,0,0,0,0,0,0,0,0,0,0
`30,`585,District - North Goa,`03,`000,`0000,Fishing and aquaculture,3,3,0,0,0,0,3,3,0,0,0,0,0,0,0,0,0,0
`30,`585,District - North Goa,`03,`031,`0000,Fishing,3,3,0,0,0,0,3,3,0,0,0,0,0,0,0,0,0,0
`30,`585,District - North Goa,`03,`031,`0311,Marine fishing,3,3,0,0,0,0,3,3,0,0,0,0,0,0,0,0,0,0
`30,`585,District - North Goa,`05,`000,`0000,Mining of coal and lignite,27,21,6,0,0,0,27,21,6,3,0,3,0,0,0,3,0,3
`30,`585,District - North Goa,`05,`051,`0000,Mining of hard coal,3,0,3,0,0,0,3,0,3,3,0,3,0,0,0,3,0,3
`30,`585,District - North Goa,`05,`051,`0510,Mining of hard coal,3,0,3,0,0,0,3,0,3,3,0,3,0,0,0,3,0,3
`30,`585,District - North Goa,`05,`052,`0000,Mining of lignite,24,21,3,0,0,0,24,21,3,0,0,0,0,0,0,0,0,0
`30,`585,District - North Goa,`05,`052,`0520,Mining of lignite,24,21,3,0,0,0,24,21,3,0,0,0,0,0,0,0,0,0
`30,`585,District - North Goa,`07,`000,`0000,Mining of metal ores,27,22,5,12,10,2,15,12,3,6,6,0,6,6,0,0,0,0
`30,`585,District - North Goa,`07,`071,`0000,Mining of iron ores,12,10,2,6,4,2,6,6,0,0,0,0,0,0,0,0,0,0
`30,`585,District - North Goa,`07,`071,`0710,Mining of iron ores,12,10,2,6,4,2,6,6,0,0,0,0,0,0,0,0,0,0
`30,`585,District - North Goa,`07,`072,`0000,Mining of non-ferrous metal ores,15,12,3,6,6,0,9,6,3,6,6,0,6,6,0,0,0,0
`30,`585,District - North Goa,`07,`072,`0729,Mining of other non-ferrous metal ores,15,12,3,6,6,0,9,6,3,6,6,0,6,6,0,0,0,0
`30,`585,District - North Goa,`08,`000,`0000,Other mining and quarrying,50,39,11,30,24,6,20,15,5,30,18,12,24,12,12,6,6,0
`30,`585,District - North Goa,`08,`081,`0000,"Quarrying of stone, sand and clay",3,3,0,0,0,0,3,3,0,30,18,12,24,12,12,6,6,0
`30,`585,District - North Goa,`08,`081,`0810,"Quarrying of stone, sand and clay",3,3,0,0,0,0,3,3,0,30,18,12,24,12,12,6,6,0
`30,`585,District - North Goa,`08,`089,`0000,Mining and quarrying n.e.c.,47,36,11,30,24,6,17,12,5,0,0,0,0,0,0,0,0,0
`30,`585,District - North Goa,`08,`089,`0899,Other mining and quarrying n.e.c.,47,36,11,30,24,6,17,12,5,0,0,0,0,0,0,0,0,0
`30,`585,District - North Goa,`10,`000,`0000,Manufacture of food products,88,71,17,52,38,14,36,33,3,17,12,5,6,6,0,11,6,5
`30,`585,District - North Goa,`10,`103,`0000,Processing and preserving of fruit and vegetables,12,12,0,12,12,0,0,0,0,3,0,3,0,0,0,3,0,3
`30,`585,District - North Goa,`10,`103,`1030,Processing and preserving of fruit and vegetables,12,12,0,12,12,0,0,0,0,3,0,3,0,0,0,3,0,3
`30,`585,District - North Goa,`10,`105,`0000,Manufacture of dairy products,23,21,2,14,12,2,9,9,0,0,0,0,0,0,0,0,0,0
`30,`585,District - North Goa,`10,`105,`1050,Manufacture of dairy products,23,21,2,14,12,2,9,9,0,0,0,0,0,0,0,0,0,0
`30,`585,District - North Goa,`10,`107,`0000,Manufacture of other food products,53,38,15,26,14,12,27,24,3,14,12,2,6,6,0,8,6,2
`30,`585,District - North Goa,`10,`107,`1071,Manufacture of bakery products,9,9,0,0,0,0,9,9,0,3,3,0,0,0,0,3,3,0
`30,`585,District - North Goa,`10,`107,`1072,Manufacture of sugar,8,8,0,8,8,0,0,0,0,0,0,0,0,0,0,0,0,0
`30,`585,District - North Goa,`10,`107,`1073,"Manufacture of cocoa, chocolate and sugar confectionery",33,18,15,18,6,12,15,12,3,6,6,0,6,6,0,0,0,0
`30,`585,District - North Goa,`10,`107,`1079,Manufacture of other food products n.e.c.,3,3,0,0,0,0,3,3,0,5,3,2,0,0,0,5,3,2
`30,`585,District - North Goa,`11,`000,`0000,Manufacture of beverages,9,6,3,0,0,0,9,6,3,9,6,3,0,0,0,9,6,3
`30,`585,District - North Goa,`11,`110,`0000,Manufacture of beverages,9,6,3,0,0,0,9,6,3,9,6,3,0,0,0,9,6,3
`30,`585,District - North Goa,`11,`110,`1104,Manufacture of soft drinks; production of mineral waters and other,9,6,3,0,0,0,9,6,3,9,6,3,0,0,0,9,6,3
`30,`585,District - North Goa,`13,`000,`0000,Manufacture of textiles,15,12,3,6,6,0,9,6,3,0,0,0,0,0,0,0,0,0
`30,`585,District - North Goa,`13,`131,`0000,"Spinning, weaving and finishing of textiles",15,12,3,6,6,0,9,6,3,0,0,0,0,0,0,0,0,0
`30,`585,District - North Goa,`13,`131,`1311,Preparation and spinning of textile fibres,12,9,3,6,6,0,6,3,3,0,0,0,0,0,0,0,0,0
`30,`585,District - North Goa,`13,`131,`1313,Finishing of textiles,3,3,0,0,0,0,3,3,0,0,0,0,0,0,0,0,0,0
`30,`585,District - North Goa,`14,`000,`0000,Manufacture of wearing apparel,34,9,25,20,6,14,14,3,11,3,0,3,0,0,0,3,0,3
`30,`585,District - North Goa,`14,`141,`0000,"Manufacture of wearing apparel, except fur apparel",34,9,25,20,6,14,14,3,11,3,0,3,0,0,0,3,0,3
`30,`585,District - North Goa,`14,`141,`1410,"Manufacture of wearing apparel, except fur apparel",34,9,25,20,6,14,14,3,11,3,0,3,0,0,0,3,0,3
`30,`585,District - North Goa,`15,`000,`0000,Manufacture of leather and related products,52,43,9,12,6,6,40,37,3,3,3,0,0,0,0,3,3,0
`30,`585,District - North Goa,`15,`152,`0000,Manufacture of footwear,52,43,9,12,6,6,40,37,3,3,3,0,0,0,0,3,3,0
`30,`585,District - North Goa,`15,`152,`1520,Manufacture of footwear,52,43,9,12,6,6,40,37,3,3,3,0,0,0,0,3,3,0
`30,`585,District - North Goa,`16,`000,`0000,"Manufacture of wood and products of wood and cork, except furniture;",107,41,66,68,24,44,39,17,22,158,53,105,136,38,98,22,15,7
`30,`585,District - North Goa,`16,`161,`0000,Sawmilling and planing of wood,6,6,0,0,0,0,6,6,0,0,0,0,0,0,0,0,0,0
`30,`585,District - North Goa,`16,`161,`1610,Saw milling and planing of wood,6,6,0,0,0,0,6,6,0,0,0,0,0,0,0,0,0,0
`30,`585,District - North Goa,`16,`162,`0000,"Manufacture of products of wood, cork, straw and plaiting materials",101,35,66,68,24,44,33,11,22,158,53,105,136,38,98,22,15,7
`30,`585,District - North Goa,`16,`162,`1623,Manufacture of wooden containers,70,28,42,42,20,22,28,8,20,88,27,61,74,18,56,14,9,5
`30,`585,District - North Goa,`16,`162,`1629,"Manufacture of other products of wood; manufacture of articles of cork,",31,7,24,26,4,22,5,3,2,70,26,44,62,20,42,8,6,2
`30,`585,District - North Goa,`17,`000,`0000,Manufacture of paper and paper products,3,3,0,0,0,0,3,3,0,0,0,0,0,0,0,0,0,0
`30,`585,District - North Goa,`17,`170,`0000,Manufacture of paper and paper products,3,3,0,0,0,0,3,3,0,0,0,0,0,0,0,0,0,0
`30,`585,District - North Goa,`17,`170,`1709,Manufacture of other articles of paper and paperboard,3,3,0,0,0,0,3,3,0,0,0,0,0,0,0,0,0,0
`30,`585,District - North Goa,`18,`000,`0000,Printing and reproduction of recorded media,11,6,5,2,0,2,9,6,3,0,0,0,0,0,0,0,0,0
`30,`585,District - North Goa,`18,`181,`0000,Printing and service activities related to printing,11,6,5,2,0,2,9,6,3,0,0,0,0,0,0,0,0,0
`30,`585,District - North Goa,`18,`181,`1811,Printing,8,3,5,2,0,2,6,3,3,0,0,0,0,0,0,0,0,0
`30,`585,District - North Goa,`18,`181,`1812,Service activities related to printing,3,3,0,0,0,0,3,3,0,0,0,0,0,0,0,0,0,0
`30,`585,District - North Goa,`20,`000,`0000,Manufacture of chemicals and chemical products,23,15,8,20,12,8,3,3,0,2,2,0,2,2,0,0,0,0
`30,`585,District - North Goa,`20,`201,`0000,"Manufacture of basic chemicals, fertilizer and nitrogen compounds, plastics",9,9,0,6,6,0,3,3,0,0,0,0,0,0,0,0,0,0
`30,`585,District - North Goa,`20,`201,`2011,Manufacture of basic chemicals,9,9,0,6,6,0,3,3,0,0,0,0,0,0,0,0,0,0
`30,`585,District - North Goa,`20,`202,`0000,Manufacture of other chemical products,14,6,8,14,6,8,0,0,0,2,2,0,2,2,0,0,0,0
`30,`585,District - North Goa,`20,`202,`2023,"Manufacture of soap and detergents, cleaning and polishing preparations,",14,6,8,14,6,8,0,0,0,2,2,0,2,2,0,0,0,0
`30,`585,District - North Goa,`21,`000,`0000,"Manufacture of pharmaceuticals, medicinal chemical and botanical products",45,18,27,36,18,18,9,0,9,3,3,0,0,0,0,3,3,0
`30,`585,District - North Goa,`21,`210,`0000,"Manufacture of pharmaceuticals, medicinal chemical and botanical products",45,18,27,36,18,18,9,0,9,3,3,0,0,0,0,3,3,0
`30,`585,District - North Goa,`21,`210,`2100,"Manufacture of pharmaceuticals, medicinal chemical and botanical",45,18,27,36,18,18,9,0,9,3,3,0,0,0,0,3,3,0
`30,`585,District - North Goa,`22,`000,`0000,Manufacture of rubber and plastics products,18,18,0,6,6,0,12,12,0,0,0,0,0,0,0,0,0,0
`30,`585,District - North Goa,`22,`221,`0000,Manufacture of rubber products,18,18,0,6,6,0,12,12,0,0,0,0,0,0,0,0,0,0
`30,`585,District - North Goa,`22,`221,`2211,Manufacture of rubber tyres and tubes; retreading and rebuilding of,15,15,0,6,6,0,9,9,0,0,0,0,0,0,0,0,0,0
`30,`585,District - North Goa,`22,`221,`2219,Manufacture of other rubber products,3,3,0,0,0,0,3,3,0,0,0,0,0,0,0,0,0,0
`30,`585,District - North Goa,`23,`000,`0000,Manufacture of other non-metallic mineral products,30,21,9,6,0,6,24,21,3,3,0,3,0,0,0,3,0,3
`30,`585,District - North Goa,`23,`239,`0000,Manufacture of non-metallic mineral products n.e.c.,30,21,9,6,0,6,24,21,3,3,0,3,0,0,0,3,0,3
`30,`585,District - North Goa,`23,`239,`2391,Manufacture of refractory products,3,3,0,0,0,0,3,3,0,0,0,0,0,0,0,0,0,0
`30,`585,District - North Goa,`23,`239,`2393,Manufacture of other porcelain and ceramic products,3,3,0,0,0,0,3,3,0,0,0,0,0,0,0,0,0,0
`30,`585,District - North Goa,`23,`239,`2394,"Manufacture of cement, lime and plaster",21,12,9,6,0,6,15,12,3,3,0,3,0,0,0,3,0,3
`30,`585,District - North Goa,`23,`239,`2396,"Cutting, shaping and finishing of stone",3,3,0,0,0,0,3,3,0,0,0,0,0,0,0,0,0,0
`30,`585,District - North Goa,`24,`000,`0000,Manufacture of basic metals,3,3,0,0,0,0,3,3,0,6,0,6,6,0,6,0,0,0
`30,`585,District - North Goa,`24,`241,`0000,Manufacture of basic iron and steel,3,3,0,0,0,0,3,3,0,6,0,6,6,0,6,0,0,0
`30,`585,District - North Goa,`24,`241,`2410,Manufacture of basic iron and steel,3,3,0,0,0,0,3,3,0,6,0,6,6,0,6,0,0,0
`30,`585,District - North Goa,`25,`000,`0000,"Manufacture of fabricated metal products, except machinery and equipment",40,32,8,28,20,8,12,12,0,15,15,0,6,6,0,9,9,0
`30,`585,District - North Goa,`25,`251,`0000,"Manufacture of structural metal products, tanks, reservoirs and steam",6,6,0,6,6,0,0,0,0,0,0,0,0,0,0,0,0,0
`30,`585,District - North Goa,`25,`251,`2511,Manufacture of structural metal products,6,6,0,6,6,0,0,0,0,0,0,0,0,0,0,0,0,0
`30,`585,District - North Goa,`25,`259,`0000,Manufacture of other fabricated metal products; metalworking service,34,26,8,22,14,8,12,12,0,15,15,0,6,6,0,9,9,0
`30,`585,District - North Goa,`25,`259,`2593,"Manufacture of cutlery, hand tools and general hardware",20,12,8,14,6,8,6,6,0,3,3,0,0,0,0,3,3,0
`30,`585,District - North Goa,`25,`259,`2599,Manufacture of other fabricated metal products n.e.c.,14,14,0,8,8,0,6,6,0,12,12,0,6,6,0,6,6,0
`30,`585,District - North Goa,`26,`000,`0000,"Manufacture of computer, electronic and optical products",8,8,0,2,2,0,6,6,0,2,2,0,0,0,0,2,2,0
`30,`585,District - North Goa,`26,`261,`0000,Manufacture of electronic components,2,2,0,2,2,0,0,0,0,0,0,0,0,0,0,0,0,0
`30,`585,District - North Goa,`26,`261,`2610,Manufacture of electronic components,2,2,0,2,2,0,0,0,0,0,0,0,0,0,0,0,0,0
`30,`585,District - North Goa,`26,`262,`0000,Manufacture of computers and peripheral equipment,0,0,0,0,0,0,0,0,0,2,2,0,0,0,0,2,2,0
`30,`585,District - North Goa,`26,`262,`2620,Manufacture of computers and peripheral equipment,0,0,0,0,0,0,0,0,0,2,2,0,0,0,0,2,2,0
`30,`585,District - North Goa,`26,`263,`0000,Manufacture of communication equipment,6,6,0,0,0,0,6,6,0,0,0,0,0,0,0,0,0,0
`30,`585,District - North Goa,`26,`263,`2630,Manufacture of communication equipment,6,6,0,0,0,0,6,6,0,0,0,0,0,0,0,0,0,0
`30,`585,District - North Goa,`27,`000,`0000,Manufacture of electrical equipment,6,6,0,0,0,0,6,6,0,2,2,0,0,0,0,2,2,0
`30,`585,District - North Goa,`27,`275,`0000,Manufacture of domestic appliances,6,6,0,0,0,0,6,6,0,2,2,0,0,0,0,2,2,0
`30,`585,District - North Goa,`27,`275,`2750,Manufacture of domestic appliances,6,6,0,0,0,0,6,6,0,2,2,0,0,0,0,2,2,0
`30,`585,District - North Goa,`29,`000,`0000,"Manufacture of motor vehicles, trailers and semi-trailers",38,30,8,20,12,8,18,18,0,0,0,0,0,0,0,0,0,0
`30,`585,District - North Goa,`29,`291,`0000,Manufacture of motor vehicles,6,0,6,6,0,6,0,0,0,0,0,0,0,0,0,0,0,0
`30,`585,District - North Goa,`29,`291,`2910,Manufacture of motor vehicles,6,0,6,6,0,6,0,0,0,0,0,0,0,0,0,0,0,0
`30,`585,District - North Goa,`29,`292,`0000,Manufacture of bodies (coachwork) for motor vehicles; manufacture of,26,24,2,8,6,2,18,18,0,0,0,0,0,0,0,0,0,0
`30,`585,District - North Goa,`29,`292,`2920,Manufacture of bodies (coachwork) for motor vehicles; manufacture of trailers and semi-trailers,26,24,2,8,6,2,18,18,0,0,0,0,0,0,0,0,0,0
`30,`585,District - North Goa,`29,`293,`0000,Manufacture of parts and accessories for motor vehicles,6,6,0,6,6,0,0,0,0,0,0,0,0,0,0,0,0,0
`30,`585,District - North Goa,`29,`293,`2930,Manufacture of parts and accessories for motor vehicles,6,6,0,6,6,0,0,0,0,0,0,0,0,0,0,0,0,0
`30,`585,District - North Goa,`30,`000,`0000,Manufacture of other transport equipment,9,9,0,0,0,0,9,9,0,3,3,0,0,0,0,3,3,0
`30,`585,District - North Goa,`30,`301,`0000,Building of ships and boats,3,3,0,0,0,0,3,3,0,3,3,0,0,0,0,3,3,0
`30,`585,District - North Goa,`30,`301,`3011,Building of ships and floating structures,3,3,0,0,0,0,3,3,0,3,3,0,0,0,0,3,3,0
`30,`585,District - North Goa,`30,`309,`0000,Manufacture of transport equipment n.e.c.,6,6,0,0,0,0,6,6,0,0,0,0,0,0,0,0,0,0
`30,`585,District - North Goa,`30,`309,`3091,Manufacture of motorcycles,3,3,0,0,0,0,3,3,0,0,0,0,0,0,0,0,0,0
`30,`585,District - North Goa,`30,`309,`3099,Manufacture of other transport equipment n.e.c.,3,3,0,0,0,0,3,3,0,0,0,0,0,0,0,0,0,0
`30,`585,District - North Goa,`31,`000,`0000,Manufacture of furniture,10,8,2,8,6,2,2,2,0,5,5,0,0,0,0,5,5,0
`30,`585,District - North Goa,`31,`310,`0000,Manufacture of furniture,10,8,2,8,6,2,2,2,0,5,5,0,0,0,0,5,5,0
`30,`585,District - North Goa,`31,`310,`3100,Manufacture of furniture,10,8,2,8,6,2,2,2,0,5,5,0,0,0,0,5,5,0
`30,`585,District - North Goa,`32,`000,`0000,Other manufacturing,183,147,36,108,86,22,75,61,14,69,45,24,34,24,10,35,21,14
`30,`585,District - North Goa,`32,`322,`0000,Manufacture of musical instruments,3,3,0,0,0,0,3,3,0,0,0,0,0,0,0,0,0,0
`30,`585,District - North Goa,`32,`322,`3220,Manufacture of musical instruments,3,3,0,0,0,0,3,3,0,0,0,0,0,0,0,0,0,0
`30,`585,District - North Goa,`32,`329,`0000,Other manufacturing n.e.c.,180,144,36,108,86,22,72,58,14,69,45,24,34,24,10,35,21,14
`30,`585,District - North Goa,`32,`329,`3290,Other manufacturing n.e.c.,180,144,36,108,86,22,72,58,14,69,45,24,34,24,10,35,21,14
`30,`585,District - North Goa,`33,`000,`0000,Repair and installation of machinery and equipment,26,26,0,20,20,0,6,6,0,0,0,0,0,0,0,0,0,0
`30,`585,District - North Goa,`33,`331,`0000,"Repair of fabricated metal products, machinery and equipment",26,26,0,20,20,0,6,6,0,0,0,0,0,0,0,0,0,0
`30,`585,District - North Goa,`33,`331,`3311,Repair of fabricated metal products,3,3,0,0,0,0,3,3,0,0,0,0,0,0,0,0,0,0
`30,`585,District - North Goa,`33,`331,`3314,Repair of electrical equipment,17,17,0,14,14,0,3,3,0,0,0,0,0,0,0,0,0,0
`30,`585,District - North Goa,`33,`331,`3315,"Repair of transport equipment, except motor vehicles",6,6,0,6,6,0,0,0,0,0,0,0,0,0,0,0,0,0
`30,`585,District - North Goa,`35,`000,`0000,"Electricity, gas, steam and air conditioning supply",87,75,12,60,54,6,27,21,6,0,0,0,0,0,0,0,0,0
`30,`585,District - North Goa,`35,`351,`0000,"Electric power generation, transmission and distribution",87,75,12,60,54,6,27,21,6,0,0,0,0,0,0,0,0,0
`30,`585,District - North Goa,`35,`351,`3510,"Electric power generation, transmission and distribution",87,75,12,60,54,6,27,21,6,0,0,0,0,0,0,0,0,0
`30,`585,District - North Goa,`41,`000,`0000,Construction of buildings,216,181,35,68,62,6,148,119,29,141,101,40,86,52,34,55,49,6
`30,`585,District - North Goa,`41,`410,`0000,Construction of buildings,216,181,35,68,62,6,148,119,29,141,101,40,86,52,34,55,49,6
`30,`585,District - North Goa,`41,`410,`4100,Construction of buildings,216,181,35,68,62,6,148,119,29,141,101,40,86,52,34,55,49,6
`30,`585,District - North Goa,`42,`000,`0000,Civil engineering,27,27,0,18,18,0,9,9,0,58,24,34,58,24,34,0,0,0
`30,`585,District - North Goa,`42,`421,`0000,Construction of roads and railways,6,6,0,6,6,0,0,0,0,52,18,34,52,18,34,0,0,0
`30,`585,District - North Goa,`42,`421,`4210,Construction roads and railways,6,6,0,6,6,0,0,0,0,52,18,34,52,18,34,0,0,0
`30,`585,District - North Goa,`42,`422,`0000,Construction of utility projects,6,6,0,0,0,0,6,6,0,6,6,0,6,6,0,0,0,0
`30,`585,District - North Goa,`42,`422,`4220,Construction of utility projects,6,6,0,0,0,0,6,6,0,6,6,0,6,6,0,0,0,0
`30,`585,District - North Goa,`42,`429,`0000,Construction of other civil engineering projects,15,15,0,12,12,0,3,3,0,0,0,0,0,0,0,0,0,0
`30,`585,District - North Goa,`42,`429,`4290,Construction of other civil engineering projects,15,15,0,12,12,0,3,3,0,0,0,0,0,0,0,0,0,0
`30,`585,District - North Goa,`43,`000,`0000,Specialized construction activities,265,237,28,86,78,8,179,159,20,81,72,9,50,44,6,31,28,3
`30,`585,District - North Goa,`43,`431,`0000,Demolition and site preparation,81,58,23,40,34,6,41,24,17,23,17,6,20,14,6,3,3,0
`30,`585,District - North Goa,`43,`431,`4312,Site preparation,81,58,23,40,34,6,41,24,17,23,17,6,20,14,6,3,3,0
`30,`585,District - North Goa,`43,`432,`0000,"Electrical, plumbing and other construction installation activities",12,12,0,6,6,0,6,6,0,0,0,0,0,0,0,0,0,0
`30,`585,District - North Goa,`43,`432,`4322,"Plumbing, heat and air-conditioning installation",12,12,0,6,6,0,6,6,0,0,0,0,0,0,0,0,0,0
`30,`585,District - North Goa,`43,`433,`0000,Building completion and finishing,169,164,5,40,38,2,129,126,3,58,55,3,30,30,0,28,25,3
`30,`585,District - North Goa,`43,`433,`4330,Building completion and finishing,169,164,5,40,38,2,129,126,3,58,55,3,30,30,0,28,25,3
`30,`585,District - North Goa,`43,`439,`0000,Other specialized construction activities,3,3,0,0,0,0,3,3,0,0,0,0,0,0,0,0,0,0
`30,`585,District - North Goa,`43,`439,`4390,Other specialized construction activities,3,3,0,0,0,0,3,3,0,0,0,0,0,0,0,0,0,0
`30,`585,District - North Goa,`45,`000,`0000,Wholesale and retail trade and repair of motor vehicles and motorcycles,49,43,6,14,14,0,35,29,6,20,20,0,12,12,0,8,8,0
`30,`585,District - North Goa,`45,`451,`0000,Sale of motor vehicles,5,2,3,0,0,0,5,2,3,0,0,0,0,0,0,0,0,0
`30,`585,District - North Goa,`45,`451,`4510,Sale of motor vehicles,5,2,3,0,0,0,5,2,3,0,0,0,0,0,0,0,0,0
`30,`585,District - North Goa,`45,`452,`0000,Maintenance and repair of motor vehicles,33,33,0,12,12,0,21,21,0,11,11,0,6,6,0,5,5,0
`30,`585,District - North Goa,`45,`452,`4520,Maintenance and repair of motor vehicles,33,33,0,12,12,0,21,21,0,11,11,0,6,6,0,5,5,0
`30,`585,District - North Goa,`45,`454,`0000,"Sale, maintenance and repair of motorcycles and related parts and",11,8,3,2,2,0,9,6,3,9,9,0,6,6,0,3,3,0
`30,`585,District - North Goa,`45,`454,`4540,"Sale, maintenance and repair of motorcycles and related parts and",11,8,3,2,2,0,9,6,3,9,9,0,6,6,0,3,3,0
`30,`585,District - North Goa,`46,`000,`0000,"Wholesale trade, except of motor vehicles and motorcycles",47,39,8,18,12,6,29,27,2,5,0,5,0,0,0,5,0,5
`30,`585,District - North Goa,`46,`462,`0000,Wholesale of agricultural raw materials and live animals,3,3,0,0,0,0,3,3,0,0,0,0,0,0,0,0,0,0
`30,`585,District - North Goa,`46,`462,`4620,Wholesale of agricultural raw materials and live animals,3,3,0,0,0,0,3,3,0,0,0,0,0,0,0,0,0,0
`30,`585,District - North Goa,`46,`463,`0000,"Wholesale of food, beverages and tobacco",15,15,0,0,0,0,15,15,0,0,0,0,0,0,0,0,0,0
`30,`585,District - North Goa,`46,`463,`4630,"Wholesale of food, beverages and tobacco",15,15,0,0,0,0,15,15,0,0,0,0,0,0,0,0,0,0
`30,`585,District - North Goa,`46,`464,`0000,Wholesale of household goods,3,3,0,0,0,0,3,3,0,0,0,0,0,0,0,0,0,0
`30,`585,District - North Goa,`46,`464,`4641,"Wholesale of textiles, clothing and footwear",3,3,0,0,0,0,3,3,0,0,0,0,0,0,0,0,0,0
`30,`585,District - North Goa,`46,`466,`0000,Other specialized wholesale,17,15,2,12,12,0,5,3,2,2,0,2,0,0,0,2,0,2
`30,`585,District - North Goa,`46,`466,`4662,Wholesale of metals and metal ores,6,6,0,6,6,0,0,0,0,0,0,0,0,0,0,0,0,0
`30,`585,District - North Goa,`46,`466,`4663,"Wholesale of construction materials, hardware, plumbing and heating",3,3,0,0,0,0,3,3,0,0,0,0,0,0,0,0,0,0
`30,`585,District - North Goa,`46,`466,`4669,Wholesale of waste and scrap and other products n.e.c.,8,6,2,6,6,0,2,0,2,2,0,2,0,0,0,2,0,2
`30,`585,District - North Goa,`46,`469,`0000,Non-specialized wholesale trade,9,3,6,6,0,6,3,3,0,3,0,3,0,0,0,3,0,3
`30,`585,District - North Goa,`46,`469,`4690,Non-specialized wholesale trade,9,3,6,6,0,6,3,3,0,3,0,3,0,0,0,3,0,3
`30,`585,District - North Goa,`47,`000,`0000,"Retail trade, except of motor vehicles and motorcycles",460,341,119,158,98,60,302,243,59,71,55,16,32,28,4,39,27,12
`30,`585,District - North Goa,`47,`471,`0000,Retail sale in non-specialized stores,31,14,17,16,2,14,15,12,3,3,3,0,0,0,0,3,3,0
`30,`585,District - North Goa,`47,`471,`4719,Other retail sale in non-specialized stores,31,14,17,16,2,14,15,12,3,3,3,0,0,0,0,3,3,0
`30,`585,District - North Goa,`47,`472,`0000,"Retail sale of food, beverages and tobacco in specialized stores",112,79,33,24,16,8,88,63,25,22,17,5,16,14,2,6,3,3
`30,`585,District - North Goa,`47,`472,`4721,Retail sale of food in specialized stores,92,65,27,22,14,8,70,51,19,22,17,5,16,14,2,6,3,3
`30,`585,District - North Goa,`47,`472,`4722,Retail sale of beverages in specialized stores,17,11,6,2,2,0,15,9,6,0,0,0,0,0,0,0,0,0
`30,`585,District - North Goa,`47,`472,`4723,Retail sale of tobacco products in specialized stores,3,3,0,0,0,0,3,3,0,0,0,0,0,0,0,0,0,0
`30,`585,District - North Goa,`47,`473,`0000,Retail sale of automotive fuel in specialized stores,8,8,0,2,2,0,6,6,0,2,0,2,2,0,2,0,0,0
`30,`585,District - North Goa,`47,`473,`4730,Retail sale of automotive fuel in specialized stores,8,8,0,2,2,0,6,6,0,2,0,2,2,0,2,0,0,0
`30,`585,District - North Goa,`47,`474,`0000,Retail sale of information and communications equipment in specialized,12,12,0,6,6,0,6,6,0,0,0,0,0,0,0,0,0,0
`30,`585,District - North Goa,`47,`474,`4741,"Retail sale of computers, peripheral units, software and",12,12,0,6,6,0,6,6,0,0,0,0,0,0,0,0,0,0
`30,`585,District - North Goa,`47,`475,`0000,Retail sale of other household equipment in specialized stores,45,31,14,6,0,6,39,31,8,12,12,0,6,6,0,6,6,0
`30,`585,District - North Goa,`47,`475,`4751,Retail sale of textiles in specialized stores,6,6,0,0,0,0,6,6,0,6,6,0,0,0,0,6,6,0
`30,`585,District - North Goa,`47,`475,`4752,"Retail sale of hardware, paints and glass in specialized stores",12,12,0,0,0,0,12,12,0,0,0,0,0,0,0,0,0,0
`30,`585,District - North Goa,`47,`475,`4753,"Retail sale of carpets, rugs, wall and floor coverings in specialized",6,0,6,6,0,6,0,0,0,6,6,0,6,6,0,0,0,0
`30,`585,District - North Goa,`47,`475,`4759,"Retail sale of electrical household appliances, furniture, lighting",21,13,8,0,0,0,21,13,8,0,0,0,0,0,0,0,0,0
`30,`585,District - North Goa,`47,`476,`0000,Retail sale of cultural and recreation goods in specialized stores,18,9,9,12,6,6,6,3,3,0,0,0,0,0,0,0,0,0
`30,`585,District - North Goa,`47,`476,`4761,"Retail sale of books, newspapers and stationary in specialized stores",12,9,3,6,6,0,6,3,3,0,0,0,0,0,0,0,0,0
`30,`585,District - North Goa,`47,`476,`4764,Retail sale of games and toys in specialized stores,6,0,6,6,0,6,0,0,0,0,0,0,0,0,0,0,0,0
`30,`585,District - North Goa,`47,`477,`0000,Retail sale of other goods in specialized stores,147,119,28,68,54,14,79,65,14,26,23,3,8,8,0,18,15,3
`30,`585,District - North Goa,`47,`477,`4771,"Retail sale of clothing, footwear and leather articles in specialized",51,48,3,18,18,0,33,30,3,14,14,0,2,2,0,12,12,0
`30,`585,District - North Goa,`47,`477,`4772,"Retail sale of pharmaceutical and medical goods, cosmetic and toilet",20,15,5,8,6,2,12,9,3,3,3,0,0,0,0,3,3,0
`30,`585,District - North Goa,`47,`477,`4773,Other retail sale of new goods in specialized stores,76,56,20,42,30,12,34,26,8,9,6,3,6,6,0,3,0,3
`30,`585,District - North Goa,`47,`478,`0000,Retail sale via stalls and markets,66,48,18,24,12,12,42,36,6,6,0,6,0,0,0,6,0,6
`30,`585,District - North Goa,`47,`478,`4782,"Retail sale via stalls and markets of textiles, clothing and footwear",6,6,0,6,6,0,0,0,0,0,0,0,0,0,0,0,0,0
`30,`585,District - North Goa,`47,`478,`4789,Retail sale via stalls and markets of other goods,60,42,18,18,6,12,42,36,6,6,0,6,0,0,0,6,0,6
`30,`585,District - North Goa,`47,`479,`0000,"Retail trade not in stores, stalls or markets",21,21,0,0,0,0,21,21,0,0,0,0,0,0,0,0,0,0
`30,`585,District - North Goa,`47,`479,`4799,"Other retail sale not in stores, stalls or markets",21,21,0,0,0,0,21,21,0,0,0,0,0,0,0,0,0,0
`30,`585,District - North Goa,`49,`000,`0000,Land transport and transport via pipelines,398,391,7,182,182,0,216,209,7,46,46,0,20,20,0,26,26,0
`30,`585,District - North Goa,`49,`491,`0000,Transport via railways,12,12,0,12,12,0,0,0,0,0,0,0,0,0,0,0,0,0
`30,`585,District - North Goa,`49,`491,`4911,Passenger rail transport,6,6,0,6,6,0,0,0,0,0,0,0,0,0,0,0,0,0
`30,`585,District - North Goa,`49,`491,`4912,Freight rail transport,6,6,0,6,6,0,0,0,0,0,0,0,0,0,0,0,0,0
`30,`585,District - North Goa,`49,`492,`0000,Other land transport,386,379,7,170,170,0,216,209,7,46,46,0,20,20,0,26,26,0
`30,`585,District - North Goa,`49,`492,`4921,Urban or suburban passenger land transport,28,26,2,12,12,0,16,14,2,0,0,0,0,0,0,0,0,0
`30,`585,District - North Goa,`49,`492,`4922,Other passenger land transport,306,306,0,128,128,0,178,178,0,31,31,0,14,14,0,17,17,0
`30,`585,District - North Goa,`49,`492,`4923,Freight transport by road,52,47,5,30,30,0,22,17,5,15,15,0,6,6,0,9,9,0
`30,`585,District - North Goa,`50,`000,`0000,Water transport,3,3,0,0,0,0,3,3,0,12,12,0,12,12,0,0,0,0
`30,`585,District - North Goa,`50,`501,`0000,Sea and coastal water transport,3,3,0,0,0,0,3,3,0,12,12,0,12,12,0,0,0,0
`30,`585,District - North Goa,`50,`501,`5011,Sea and coastal passenger water transport,0,0,0,0,0,0,0,0,0,12,12,0,12,12,0,0,0,0
`30,`585,District - North Goa,`50,`501,`5012,Sea and coastal freight water transport,3,3,0,0,0,0,3,3,0,0,0,0,0,0,0,0,0,0
`30,`585,District - North Goa,`51,`000,`0000,Air transport,8,8,0,2,2,0,6,6,0,0,0,0,0,0,0,0,0,0
`30,`585,District - North Goa,`51,`511,`0000,Passenger air transport,2,2,0,2,2,0,0,0,0,0,0,0,0,0,0,0,0,0
`30,`585,District - North Goa,`51,`511,`5110,Passenger air transport,2,2,0,2,2,0,0,0,0,0,0,0,0,0,0,0,0,0
`30,`585,District - North Goa,`51,`512,`0000,Freight air transport,6,6,0,0,0,0,6,6,0,0,0,0,0,0,0,0,0,0
`30,`585,District - North Goa,`51,`512,`5120,Freight air transport,6,6,0,0,0,0,6,6,0,0,0,0,0,0,0,0,0,0
`30,`585,District - North Goa,`52,`000,`0000,Warehousing and support activities for transportation,30,24,6,12,12,0,18,12,6,21,21,0,6,6,0,15,15,0
`30,`585,District - North Goa,`52,`521,`0000,Warehousing and storage,18,12,6,6,6,0,12,6,6,13,13,0,0,0,0,13,13,0
`30,`585,District - North Goa,`52,`521,`5210,Warehousing and storage,18,12,6,6,6,0,12,6,6,13,13,0,0,0,0,13,13,0
`30,`585,District - North Goa,`52,`522,`0000,Support activities for transportation,12,12,0,6,6,0,6,6,0,8,8,0,6,6,0,2,2,0
`30,`585,District - North Goa,`52,`522,`5221,Service activities incidental to land transportation,9,9,0,6,6,0,3,3,0,6,6,0,6,6,0,0,0,0
`30,`585,District - North Goa,`52,`522,`5229,Other transportation support activities,3,3,0,0,0,0,3,3,0,2,2,0,0,0,0,2,2,0
`30,`585,District - North Goa,`53,`000,`0000,Postal and courier activities,26,24,2,18,18,0,8,6,2,0,0,0,0,0,0,0,0,0
`30,`585,District - North Goa,`53,`531,`0000,Postal activities,23,21,2,18,18,0,5,3,2,0,0,0,0,0,0,0,0,0
`30,`585,District - North Goa,`53,`531,`5310,Postal activities,23,21,2,18,18,0,5,3,2,0,0,0,0,0,0,0,0,0
`30,`585,District - North Goa,`53,`532,`0000,Courier activities,3,3,0,0,0,0,3,3,0,0,0,0,0,0,0,0,0,0
`30,`585,District - North Goa,`53,`532,`5320,Courier activities,3,3,0,0,0,0,3,3,0,0,0,0,0,0,0,0,0,0
`30,`585,District - North Goa,`55,`000,`0000,Accommodation,120,109,11,46,40,6,74,69,5,26,20,6,8,8,0,18,12,6
`30,`585,District - North Goa,`55,`551,`0000,Short term accommodation activities,117,106,11,46,40,6,71,66,5,26,20,6,8,8,0,18,12,6
`30,`585,District - North Goa,`55,`551,`5510,Short term accommodation activities,117,106,11,46,40,6,71,66,5,26,20,6,8,8,0,18,12,6
`30,`585,District - North Goa,`55,`559,`0000,Other accommodation,3,3,0,0,0,0,3,3,0,0,0,0,0,0,0,0,0,0
`30,`585,District - North Goa,`55,`559,`5590,Other accommodation,3,3,0,0,0,0,3,3,0,0,0,0,0,0,0,0,0,0
`30,`585,District - North Goa,`56,`000,`0000,Food and beverage service activities,145,129,16,74,72,2,71,57,14,22,16,6,0,0,0,22,16,6
`30,`585,District - North Goa,`56,`561,`0000,Restaurants and mobile food service activities,24,24,0,12,12,0,12,12,0,6,3,3,0,0,0,6,3,3
`30,`585,District - North Goa,`56,`561,`5610,Restaurants and mobile food service activities,24,24,0,12,12,0,12,12,0,6,3,3,0,0,0,6,3,3
`30,`585,District - North Goa,`56,`562,`0000,Event catering and other food service activities,8,8,0,2,2,0,6,6,0,11,8,3,0,0,0,11,8,3
`30,`585,District - North Goa,`56,`562,`5621,Event catering,8,8,0,2,2,0,6,6,0,11,8,3,0,0,0,11,8,3
`30,`585,District - North Goa,`56,`563,`0000,Beverage serving activities,113,97,16,60,58,2,53,39,14,5,5,0,0,0,0,5,5,0
`30,`585,District - North Goa,`56,`563,`5630,Beverage serving activities,113,97,16,60,58,2,53,39,14,5,5,0,0,0,0,5,5,0
`30,`585,District - North Goa,`58,`000,`0000,Publishing activities,11,8,3,0,0,0,11,8,3,0,0,0,0,0,0,0,0,0
`30,`585,District - North Goa,`58,`581,`0000,"Publishing of books, periodicals and other publishing activities",8,8,0,0,0,0,8,8,0,0,0,0,0,0,0,0,0,0
`30,`585,District - North Goa,`58,`581,`5813,"Publishing of newspapers, journals and periodicals",8,8,0,0,0,0,8,8,0,0,0,0,0,0,0,0,0,0
`30,`585,District - North Goa,`58,`582,`0000,Software publishing,3,0,3,0,0,0,3,0,3,0,0,0,0,0,0,0,0,0
`30,`585,District - North Goa,`58,`582,`5820,Software publishing,3,0,3,0,0,0,3,0,3,0,0,0,0,0,0,0,0,0
`30,`585,District - North Goa,`60,`000,`0000,Broadcasting and programming activities,5,3,2,0,0,0,5,3,2,0,0,0,0,0,0,0,0,0
`30,`585,District - North Goa,`60,`602,`0000,Television programming and broadcasting activities,5,3,2,0,0,0,5,3,2,0,0,0,0,0,0,0,0,0
`30,`585,District - North Goa,`60,`602,`6020,Television programming and broadcasting activities,5,3,2,0,0,0,5,3,2,0,0,0,0,0,0,0,0,0
`30,`585,District - North Goa,`61,`000,`0000,Telecommunications,12,10,2,2,2,0,10,8,2,2,0,2,0,0,0,2,0,2
`30,`585,District - North Goa,`61,`611,`0000,Wired telecommunications activities,5,5,0,0,0,0,5,5,0,2,0,2,0,0,0,2,0,2
`30,`585,District - North Goa,`61,`611,`6110,Wired telecommunications activities,5,5,0,0,0,0,5,5,0,2,0,2,0,0,0,2,0,2
`30,`585,District - North Goa,`61,`619,`0000,Other telecommunications activities,7,5,2,2,2,0,5,3,2,0,0,0,0,0,0,0,0,0
`30,`585,District - North Goa,`61,`619,`6190,Other telecommunications activities,7,5,2,2,2,0,5,3,2,0,0,0,0,0,0,0,0,0
`30,`585,District - North Goa,`62,`000,`0000,"Computer programming, consultancy and related activities",15,6,9,6,0,6,9,6,3,0,0,0,0,0,0,0,0,0
`30,`585,District - North Goa,`62,`620,`0000,"Computer programming, consultancy and related activities",15,6,9,6,0,6,9,6,3,0,0,0,0,0,0,0,0,0
`30,`585,District - North Goa,`62,`620,`6201,Computer programming activities,3,0,3,0,0,0,3,0,3,0,0,0,0,0,0,0,0,0
`30,`585,District - North Goa,`62,`620,`6209,Other information technology and computer service activities,12,6,6,6,0,6,6,6,0,0,0,0,0,0,0,0,0,0
`30,`585,District - North Goa,`63,`000,`0000,Information service activities,19,11,8,12,6,6,7,5,2,0,0,0,0,0,0,0,0,0
`30,`585,District - North Goa,`63,`639,`0000,Other information service activities,19,11,8,12,6,6,7,5,2,0,0,0,0,0,0,0,0,0
`30,`585,District - North Goa,`63,`639,`6399,Other information service activities n.e.c.,19,11,8,12,6,6,7,5,2,0,0,0,0,0,0,0,0,0
`30,`585,District - North Goa,`64,`000,`0000,"Financial service activities, except insurance and pension funding",190,145,45,56,42,14,134,103,31,8,3,5,0,0,0,8,3,5
`30,`585,District - North Goa,`64,`641,`0000,Monetary intermediation,190,145,45,56,42,14,134,103,31,8,3,5,0,0,0,8,3,5
`30,`585,District - North Goa,`64,`641,`6411,Central banking,47,39,8,12,12,0,35,27,8,3,3,0,0,0,0,3,3,0
`30,`585,District - North Goa,`64,`641,`6419,Other monetary intermediation,143,106,37,44,30,14,99,76,23,5,0,5,0,0,0,5,0,5
`30,`585,District - North Goa,`65,`000,`0000,"Insurance, reinsurance and pension funding, except compulsory social",61,45,16,24,24,0,37,21,16,0,0,0,0,0,0,0,0,0
`30,`585,District - North Goa,`65,`651,`0000,Insurance,61,45,16,24,24,0,37,21,16,0,0,0,0,0,0,0,0,0
`30,`585,District - North Goa,`65,`651,`6511,Life insurance,58,42,16,24,24,0,34,18,16,0,0,0,0,0,0,0,0,0
`30,`585,District - North Goa,`65,`651,`6512,Non-life insurance,3,3,0,0,0,0,3,3,0,0,0,0,0,0,0,0,0,0
`30,`585,District - North Goa,`66,`000,`0000,Other financial activities,18,15,3,6,6,0,12,9,3,6,6,0,6,6,0,0,0,0
`30,`585,District - North Goa,`66,`662,`0000,Activities auxiliary to insurance and pension funding,12,9,3,6,6,0,6,3,3,6,6,0,6,6,0,0,0,0
`30,`585,District - North Goa,`66,`662,`6622,Activities of insurance agents and brokers,3,0,3,0,0,0,3,0,3,0,0,0,0,0,0,0,0,0
`30,`585,District - North Goa,`66,`662,`6629,Other activities auxiliary to insurance and pension funding,9,9,0,6,6,0,3,3,0,6,6,0,6,6,0,0,0,0
`30,`585,District - North Goa,`66,`663,`0000,Fund management activities,6,6,0,0,0,0,6,6,0,0,0,0,0,0,0,0,0,0
`30,`585,District - North Goa,`66,`663,`6630,Fund management activities,6,6,0,0,0,0,6,6,0,0,0,0,0,0,0,0,0,0
`30,`585,District - North Goa,`69,`000,`0000,Legal and accounting activities,18,12,6,0,0,0,18,12,6,6,0,6,0,0,0,6,0,6
`30,`585,District - North Goa,`69,`691,`0000,Legal activities,12,9,3,0,0,0,12,9,3,3,0,3,0,0,0,3,0,3
`30,`585,District - North Goa,`69,`691,`6910,Legal activities,12,9,3,0,0,0,12,9,3,3,0,3,0,0,0,3,0,3
`30,`585,District - North Goa,`69,`692,`0000,"Accounting, bookkeeping and auditing activities; tax consultancy",6,3,3,0,0,0,6,3,3,3,0,3,0,0,0,3,0,3
`30,`585,District - North Goa,`69,`692,`6920,"Accounting, bookkeeping and auditing activities; tax consultancy",6,3,3,0,0,0,6,3,3,3,0,3,0,0,0,3,0,3
`30,`585,District - North Goa,`70,`000,`0000,Activities of head offices; management consultancy activities,3,3,0,0,0,0,3,3,0,0,0,0,0,0,0,0,0,0
`30,`585,District - North Goa,`70,`702,`0000,Management consultancy activities,3,3,0,0,0,0,3,3,0,0,0,0,0,0,0,0,0,0
`30,`585,District - North Goa,`70,`702,`7020,Management consultancy activities,3,3,0,0,0,0,3,3,0,0,0,0,0,0,0,0,0,0
`30,`585,District - North Goa,`72,`000,`0000,Scientific research and development,26,21,5,12,12,0,14,9,5,0,0,0,0,0,0,0,0,0
`30,`585,District - North Goa,`72,`721,`0000,Research and experimental development on natural sciences and,8,6,2,6,6,0,2,0,2,0,0,0,0,0,0,0,0,0
`30,`585,District - North Goa,`72,`721,`7210,Research and experimental development on natural sciences and,8,6,2,6,6,0,2,0,2,0,0,0,0,0,0,0,0,0
`30,`585,District - North Goa,`72,`722,`0000,Research and experimental development on social sciences and humanities,18,15,3,6,6,0,12,9,3,0,0,0,0,0,0,0,0,0
`30,`585,District - North Goa,`72,`722,`7220,Research and experimental development on social sciences and,18,15,3,6,6,0,12,9,3,0,0,0,0,0,0,0,0,0
`30,`585,District - North Goa,`74,`000,`0000,"Other professional, scientific and technical activities",16,12,4,4,0,4,12,12,0,0,0,0,0,0,0,0,0,0
`30,`585,District - North Goa,`74,`741,`0000,Specialized design activities,10,6,4,4,0,4,6,6,0,0,0,0,0,0,0,0,0,0
`30,`585,District - North Goa,`74,`741,`7410,Specialized design activities,10,6,4,4,0,4,6,6,0,0,0,0,0,0,0,0,0,0
`30,`585,District - North Goa,`74,`749,`0000,"Other professional, scientific and technical activities n.e.c.",6,6,0,0,0,0,6,6,0,0,0,0,0,0,0,0,0,0
`30,`585,District - North Goa,`74,`749,`7490,"Other professional, scientific and technical activities n.e.c.",6,6,0,0,0,0,6,6,0,0,0,0,0,0,0,0,0,0
`30,`585,District - North Goa,`77,`000,`0000,Rental and leasing activities,3,3,0,0,0,0,3,3,0,0,0,0,0,0,0,0,0,0
`30,`585,District - North Goa,`77,`771,`0000,Renting and leasing of motor vehicles,3,3,0,0,0,0,3,3,0,0,0,0,0,0,0,0,0,0
`30,`585,District - North Goa,`77,`771,`7710,Renting and leasing of motor vehicles,3,3,0,0,0,0,3,3,0,0,0,0,0,0,0,0,0,0
`30,`585,District - North Goa,`80,`000,`0000,Security and investigation activities,39,39,0,12,12,0,27,27,0,0,0,0,0,0,0,0,0,0
`30,`585,District - North Goa,`80,`801,`0000,Private security activities,18,18,0,6,6,0,12,12,0,0,0,0,0,0,0,0,0,0
`30,`585,District - North Goa,`80,`801,`8010,Private security activities,18,18,0,6,6,0,12,12,0,0,0,0,0,0,0,0,0,0
`30,`585,District - North Goa,`80,`802,`0000,Security systems service activities,21,21,0,6,6,0,15,15,0,0,0,0,0,0,0,0,0,0
`30,`585,District - North Goa,`80,`802,`8020,Security systems service activities,21,21,0,6,6,0,15,15,0,0,0,0,0,0,0,0,0,0
`30,`585,District - North Goa,`81,`000,`0000,Services to buildings and landscape activities,12,3,9,6,0,6,6,3,3,0,0,0,0,0,0,0,0,0
`30,`585,District - North Goa,`81,`812,`0000,Cleaning activities,9,0,9,6,0,6,3,0,3,0,0,0,0,0,0,0,0,0
`30,`585,District - North Goa,`81,`812,`8121,General cleaning of buildings,9,0,9,6,0,6,3,0,3,0,0,0,0,0,0,0,0,0
`30,`585,District - North Goa,`81,`813,`0000,Landscape care and maintenance service activities,3,3,0,0,0,0,3,3,0,0,0,0,0,0,0,0,0,0
`30,`585,District - North Goa,`81,`813,`8130,Landscape care and maintenance service activities,3,3,0,0,0,0,3,3,0,0,0,0,0,0,0,0,0,0
`30,`585,District - North Goa,`82,`000,`0000,"Office administrative, office support and other business support activities",322,228,94,108,76,32,214,152,62,30,24,6,18,12,6,12,12,0
`30,`585,District - North Goa,`82,`821,`0000,Office administrative and support activities,15,6,9,0,0,0,15,6,9,0,0,0,0,0,0,0,0,0
`30,`585,District - North Goa,`82,`821,`8211,Combined office administrative service activities,6,3,3,0,0,0,6,3,3,0,0,0,0,0,0,0,0,0
`30,`585,District - North Goa,`82,`821,`8219,"Photocopying, document preparation and other specialized office",9,3,6,0,0,0,9,3,6,0,0,0,0,0,0,0,0,0
`30,`585,District - North Goa,`82,`829,`0000,Business support service activities n.e.c.,307,222,85,108,76,32,199,146,53,30,24,6,18,12,6,12,12,0
`30,`585,District - North Goa,`82,`829,`8299,Other business support service activities n.e.c.,307,222,85,108,76,32,199,146,53,30,24,6,18,12,6,12,12,0
`30,`585,District - North Goa,`84,`000,`0000,Public administration and defence; compulsory social security,868,620,248,204,164,40,664,456,208,55,35,20,26,14,12,29,21,8
`30,`585,District - North Goa,`84,`841,`0000,Administration of the State and the economic and social policy of the,766,529,237,160,122,38,606,407,199,43,23,20,20,8,12,23,15,8
`30,`585,District - North Goa,`84,`841,`8411,General public administration activities,764,527,237,160,122,38,604,405,199,43,23,20,20,8,12,23,15,8
`30,`585,District - North Goa,`84,`841,`8412,"Regulation of the activities of providing health care, education, cultural",2,2,0,0,0,0,2,2,0,0,0,0,0,0,0,0,0,0
`30,`585,District - North Goa,`84,`842,`0000,Provision of services to the community as a whole,102,91,11,44,42,2,58,49,9,12,12,0,6,6,0,6,6,0
`30,`585,District - North Goa,`84,`842,`8422,Defence activities,25,25,0,12,12,0,13,13,0,6,6,0,6,6,0,0,0,0
`30,`585,District - North Goa,`84,`842,`8423,Public order and safety activities,77,66,11,32,30,2,45,36,9,6,6,0,0,0,0,6,6,0
`30,`585,District - North Goa,`85,`000,`0000,Education,182,127,55,50,42,8,132,85,47,20,6,14,14,6,8,6,0,6
`30,`585,District - North Goa,`85,`851,`0000,Primary education,26,21,5,8,6,2,18,15,3,3,0,3,0,0,0,3,0,3
`30,`585,District - North Goa,`85,`851,`8510,Primary education,26,21,5,8,6,2,18,15,3,3,0,3,0,0,0,3,0,3
`30,`585,District - North Goa,`85,`852,`0000,Secondary education,46,34,12,18,18,0,28,16,12,0,0,0,0,0,0,0,0,0
`30,`585,District - North Goa,`85,`852,`8521,General secondary education,40,28,12,12,12,0,28,16,12,0,0,0,0,0,0,0,0,0
`30,`585,District - North Goa,`85,`852,`8522,Technical and vocational secondary education,6,6,0,6,6,0,0,0,0,0,0,0,0,0,0,0,0,0
`30,`585,District - North Goa,`85,`853,`0000,Higher education,70,51,19,12,12,0,58,39,19,9,6,3,6,6,0,3,0,3
`30,`585,District - North Goa,`85,`853,`8530,Higher education,70,51,19,12,12,0,58,39,19,9,6,3,6,6,0,3,0,3
`30,`585,District - North Goa,`85,`854,`0000,Other education,0,0,0,0,0,0,0,0,0,6,0,6,6,0,6,0,0,0
`30,`585,District - North Goa,`85,`854,`8549,Other education n.e.c.,0,0,0,0,0,0,0,0,0,6,0,6,6,0,6,0,0,0
`30,`585,District - North Goa,`85,`855,`0000,Educational support services,40,21,19,12,6,6,28,15,13,2,0,2,2,0,2,0,0,0
`30,`585,District - North Goa,`85,`855,`8550,Educational support services,40,21,19,12,6,6,28,15,13,2,0,2,2,0,2,0,0,0
`30,`585,District - North Goa,`86,`000,`0000,Human health activities,159,66,93,86,38,48,73,28,45,13,11,2,10,8,2,3,3,0
`30,`585,District - North Goa,`86,`861,`0000,Hospital activities,93,43,50,40,18,22,53,25,28,2,0,2,2,0,2,0,0,0
`30,`585,District - North Goa,`86,`861,`8610,Hospital activities,93,43,50,40,18,22,53,25,28,2,0,2,2,0,2,0,0,0
`30,`585,District - North Goa,`86,`862,`0000,Medical and dental practice activities,37,23,14,32,20,12,5,3,2,6,6,0,6,6,0,0,0,0
`30,`585,District - North Goa,`86,`862,`8620,Medical and dental practice activities,37,23,14,32,20,12,5,3,2,6,6,0,6,6,0,0,0,0
`30,`585,District - North Goa,`86,`869,`0000,Other human health activities,29,0,29,14,0,14,15,0,15,5,5,0,2,2,0,3,3,0
`30,`585,District - North Goa,`86,`869,`8690,Other human health activities,29,0,29,14,0,14,15,0,15,5,5,0,2,2,0,3,3,0
`30,`585,District - North Goa,`87,`000,`0000,Residential care activities,2,0,2,0,0,0,2,0,2,0,0,0,0,0,0,0,0,0
`30,`585,District - North Goa,`87,`872,`0000,"Residential care activities for mental retardation, mental health and substance",2,0,2,0,0,0,2,0,2,0,0,0,0,0,0,0,0,0
`30,`585,District - North Goa,`87,`872,`8720,"Residential care activities for mental retardation, mental health and",2,0,2,0,0,0,2,0,2,0,0,0,0,0,0,0,0,0
`30,`585,District - North Goa,`88,`000,`0000,Social work activities without accommodation,5,0,5,2,0,2,3,0,3,2,2,0,2,2,0,0,0,0
`30,`585,District - North Goa,`88,`889,`0000,Other social work activities without accommodation n.e.c.,5,0,5,2,0,2,3,0,3,2,2,0,2,2,0,0,0,0
`30,`585,District - North Goa,`88,`889,`8890,Other social work activities without accommodation n.e.c.,5,0,5,2,0,2,3,0,3,2,2,0,2,2,0,0,0,0
`30,`585,District - North Goa,`90,`000,`0000,"Creative, arts and entertainment activities",46,43,3,40,40,0,6,3,3,3,0,3,0,0,0,3,0,3
`30,`585,District - North Goa,`90,`900,`0000,"Creative, arts and entertainment activities",46,43,3,40,40,0,6,3,3,3,0,3,0,0,0,3,0,3
`30,`585,District - North Goa,`90,`900,`9000,"Dramatic arts, music and other arts activities",46,43,3,40,40,0,6,3,3,3,0,3,0,0,0,3,0,3
`30,`585,District - North Goa,`91,`000,`0000,"Libraries, archives, museums and other cultural activities",0,0,0,0,0,0,0,0,0,6,6,0,6,6,0,0,0,0
`30,`585,District - North Goa,`91,`910,`0000,"Libraries, archives, museums and other cultural activities",0,0,0,0,0,0,0,0,0,6,6,0,6,6,0,0,0,0
`30,`585,District - North Goa,`91,`910,`9103,Botanical and zoological gardens and nature reserves activities,0,0,0,0,0,0,0,0,0,6,6,0,6,6,0,0,0,0
`30,`585,District - North Goa,`92,`000,`0000,Gambling and betting activities,2,2,0,0,0,0,2,2,0,0,0,0,0,0,0,0,0,0
`30,`585,District - North Goa,`92,`920,`0000,Gambling and betting activities,2,2,0,0,0,0,2,2,0,0,0,0,0,0,0,0,0,0
`30,`585,District - North Goa,`92,`920,`9200,Gambling and betting activities,2,2,0,0,0,0,2,2,0,0,0,0,0,0,0,0,0,0
`30,`585,District - North Goa,`93,`000,`0000,Sports activities and amusement and recreation activities,9,6,3,0,0,0,9,6,3,0,0,0,0,0,0,0,0,0
`30,`585,District - North Goa,`93,`931,`0000,Sports activities,6,6,0,0,0,0,6,6,0,0,0,0,0,0,0,0,0,0
`30,`585,District - North Goa,`93,`931,`9319,Other sports activities,6,6,0,0,0,0,6,6,0,0,0,0,0,0,0,0,0,0
`30,`585,District - North Goa,`93,`932,`0000,Other amusement and recreation activities,3,0,3,0,0,0,3,0,3,0,0,0,0,0,0,0,0,0
`30,`585,District - North Goa,`93,`932,`9329,Other amusement and recreation activities n.e.c.,3,0,3,0,0,0,3,0,3,0,0,0,0,0,0,0,0,0
`30,`585,District - North Goa,`94,`000,`0000,Activities of membership organizations,18,8,10,16,6,10,2,2,0,0,0,0,0,0,0,0,0,0
`30,`585,District - North Goa,`94,`949,`0000,Activities of other membership organizations,18,8,10,16,6,10,2,2,0,0,0,0,0,0,0,0,0,0
`30,`585,District - North Goa,`94,`949,`9491,Activities of religious organizations,4,2,2,2,0,2,2,2,0,0,0,0,0,0,0,0,0,0
`30,`585,District - North Goa,`94,`949,`9492,Activities of political organizations,6,0,6,6,0,6,0,0,0,0,0,0,0,0,0,0,0,0
`30,`585,District - North Goa,`94,`949,`9499,Activities of other membership organizations n.e.c.,8,6,2,8,6,2,0,0,0,0,0,0,0,0,0,0,0,0
`30,`585,District - North Goa,`95,`000,`0000,Repair of computers and personal and household goods,25,23,2,10,8,2,15,15,0,17,17,0,6,6,0,11,11,0
`30,`585,District - North Goa,`95,`951,`0000,Repair of computers and communication equipment,2,0,2,2,0,2,0,0,0,0,0,0,0,0,0,0,0,0
`30,`585,District - North Goa,`95,`951,`9511,Repair of computers and peripheral equipment,2,0,2,2,0,2,0,0,0,0,0,0,0,0,0,0,0,0
`30,`585,District - North Goa,`95,`952,`0000,Repair of personal and household goods,23,23,0,8,8,0,15,15,0,17,17,0,6,6,0,11,11,0
`30,`585,District - North Goa,`95,`952,`9522,Repair of household appliances and home and garden equipment,0,0,0,0,0,0,0,0,0,3,3,0,0,0,0,3,3,0
`30,`585,District - North Goa,`95,`952,`9523,Repair of footwear and leather goods,8,8,0,2,2,0,6,6,0,11,11,0,6,6,0,5,5,0
`30,`585,District - North Goa,`95,`952,`9529,"Repair of personal and household goods, n.e.c.",15,15,0,6,6,0,9,9,0,3,3,0,0,0,0,3,3,0
`30,`585,District - North Goa,`96,`000,`0000,Other personal service activities,183,34,149,52,14,38,131,20,111,71,9,62,28,0,28,43,9,34
`30,`585,District - North Goa,`96,`960,`0000,Other personal service activities,183,34,149,52,14,38,131,20,111,71,9,62,28,0,28,43,9,34
`30,`585,District - North Goa,`96,`960,`9601,Washing and (dry-) cleaning of textile and fur products,6,6,0,0,0,0,6,6,0,0,0,0,0,0,0,0,0,0
`30,`585,District - North Goa,`96,`960,`9602,Hairdressing and other beauty treatment,15,3,12,6,0,6,9,3,6,9,6,3,0,0,0,9,6,3
`30,`585,District - North Goa,`96,`960,`9609,Other personal service activities n.e.c.,162,25,137,46,14,32,116,11,105,62,3,59,28,0,28,34,3,31
`30,`585,District - North Goa,`99,`000,`0000,Activities of extraterritorial organizations and bodies,242,105,137,76,38,38,166,67,99,196,87,109,72,30,42,124,57,67
`30,`585,District - North Goa,`99,`991,`0000,Blank,213,102,111,58,38,20,155,64,91,126,63,63,58,24,34,68,39,29
`30,`585,District - North Goa,`99,`991,`9910,Blank,213,102,111,58,38,20,155,64,91,126,63,63,58,24,34,68,39,29
`30,`585,District - North Goa,`99,`992,`0000,Incomplete description/ Wrongly Classifed,29,3,26,18,0,18,11,3,8,70,24,46,14,6,8,56,18,38
`30,`585,District - North Goa,`99,`992,`9920,Incomplete description/ Wrongly Classifed,29,3,26,18,0,18,11,3,8,70,24,46,14,6,8,56,18,38
`30,`586,District - South Goa,`00,`000,`0000,Total,2300,1676,624,336,268,68,1964,1408,556,498,248,250,122,60,62,376,188,188
`30,`586,District - South Goa,`01,`000,`0000,"Crop and animal production, hunting and related service activities",2,0,2,2,0,2,0,0,0,0,0,0,0,0,0,0,0,0
`30,`586,District - South Goa,`01,`014,`0000,Animal production,2,0,2,2,0,2,0,0,0,0,0,0,0,0,0,0,0,0
`30,`586,District - South Goa,`01,`014,`0141,Raising of cattle and buffaloes,2,0,2,2,0,2,0,0,0,0,0,0,0,0,0,0,0,0
`30,`586,District - South Goa,`03,`000,`0000,Fishing and aquaculture,10,10,0,10,10,0,0,0,0,0,0,0,0,0,0,0,0,0
`30,`586,District - South Goa,`03,`031,`0000,Fishing,10,10,0,10,10,0,0,0,0,0,0,0,0,0,0,0,0,0
`30,`586,District - South Goa,`03,`031,`0311,Marine fishing,10,10,0,10,10,0,0,0,0,0,0,0,0,0,0,0,0,0
`30,`586,District - South Goa,`07,`000,`0000,Mining of metal ores,54,54,0,18,18,0,36,36,0,16,10,6,10,10,0,6,0,6
`30,`586,District - South Goa,`07,`071,`0000,Mining of iron ores,48,48,0,12,12,0,36,36,0,16,10,6,10,10,0,6,0,6
`30,`586,District - South Goa,`07,`071,`0710,Mining of iron ores,48,48,0,12,12,0,36,36,0,16,10,6,10,10,0,6,0,6
`30,`586,District - South Goa,`07,`072,`0000,Mining of non-ferrous metal ores,6,6,0,6,6,0,0,0,0,0,0,0,0,0,0,0,0,0
`30,`586,District - South Goa,`07,`072,`0729,Mining of other non-ferrous metal ores,6,6,0,6,6,0,0,0,0,0,0,0,0,0,0,0,0,0
`30,`586,District - South Goa,`08,`000,`0000,Other mining and quarrying,24,24,0,12,12,0,12,12,0,18,6,12,12,6,6,6,0,6
`30,`586,District - South Goa,`08,`081,`0000,"Quarrying of stone, sand and clay",12,12,0,12,12,0,0,0,0,12,0,12,6,0,6,6,0,6
`30,`586,District - South Goa,`08,`081,`0810,"Quarrying of stone, sand and clay",12,12,0,12,12,0,0,0,0,12,0,12,6,0,6,6,0,6
`30,`586,District - South Goa,`08,`089,`0000,Mining and quarrying n.e.c.,12,12,0,0,0,0,12,12,0,6,6,0,6,6,0,0,0,0
`30,`586,District - South Goa,`08,`089,`0899,Other mining and quarrying n.e.c.,12,12,0,0,0,0,12,12,0,6,6,0,6,6,0,0,0,0
`30,`586,District - South Goa,`09,`000,`0000,Mining support service activities,6,6,0,0,0,0,6,6,0,0,0,0,0,0,0,0,0,0
`30,`586,District - South Goa,`09,`091,`0000,Support activities for petroleum and natural gas mining,6,6,0,0,0,0,6,6,0,0,0,0,0,0,0,0,0,0
`30,`586,District - South Goa,`09,`091,`0910,Support activities for petroleum and natural gas mining,6,6,0,0,0,0,6,6,0,0,0,0,0,0,0,0,0,0
`30,`586,District - South Goa,`10,`000,`0000,Manufacture of food products,14,12,2,0,0,0,14,12,2,2,0,2,0,0,0,2,0,2
`30,`586,District - South Goa,`10,`103,`0000,Processing and preserving of fruit and vegetables,0,0,0,0,0,0,0,0,0,2,0,2,0,0,0,2,0,2
`30,`586,District - South Goa,`10,`103,`1030,Processing and preserving of fruit and vegetables,0,0,0,0,0,0,0,0,0,2,0,2,0,0,0,2,0,2
`30,`586,District - South Goa,`10,`107,`0000,Manufacture of other food products,14,12,2,0,0,0,14,12,2,0,0,0,0,0,0,0,0,0
`30,`586,District - South Goa,`10,`107,`1071,Manufacture of bakery products,2,0,2,0,0,0,2,0,2,0,0,0,0,0,0,0,0,0
`30,`586,District - South Goa,`10,`107,`1075,Manufacture of prepared meals and dishes,6,6,0,0,0,0,6,6,0,0,0,0,0,0,0,0,0,0
`30,`586,District - South Goa,`10,`107,`1079,Manufacture of other food products n.e.c.,6,6,0,0,0,0,6,6,0,0,0,0,0,0,0,0,0,0
`30,`586,District - South Goa,`11,`000,`0000,Manufacture of beverages,10,8,2,0,0,0,10,8,2,0,0,0,0,0,0,0,0,0
`30,`586,District - South Goa,`11,`110,`0000,Manufacture of beverages,10,8,2,0,0,0,10,8,2,0,0,0,0,0,0,0,0,0
`30,`586,District - South Goa,`11,`110,`1103,Manufacture of malt liquors and malt,2,0,2,0,0,0,2,0,2,0,0,0,0,0,0,0,0,0
`30,`586,District - South Goa,`11,`110,`1104,Manufacture of soft drinks; production of mineral waters and other,8,8,0,0,0,0,8,8,0,0,0,0,0,0,0,0,0,0
`30,`586,District - South Goa,`14,`000,`0000,Manufacture of wearing apparel,20,8,12,2,0,2,18,8,10,22,6,16,6,6,0,16,0,16
`30,`586,District - South Goa,`14,`141,`0000,"Manufacture of wearing apparel, except fur apparel",20,8,12,2,0,2,18,8,10,22,6,16,6,6,0,16,0,16
`30,`586,District - South Goa,`14,`141,`1410,"Manufacture of wearing apparel, except fur apparel",20,8,12,2,0,2,18,8,10,22,6,16,6,6,0,16,0,16
`30,`586,District - South Goa,`15,`000,`0000,Manufacture of leather and related products,6,6,0,6,6,0,0,0,0,2,2,0,0,0,0,2,2,0
`30,`586,District - South Goa,`15,`152,`0000,Manufacture of footwear,6,6,0,6,6,0,0,0,0,2,2,0,0,0,0,2,2,0
`30,`586,District - South Goa,`15,`152,`1520,Manufacture of footwear,6,6,0,6,6,0,0,0,0,2,2,0,0,0,0,2,2,0
`30,`586,District - South Goa,`16,`000,`0000,"Manufacture of wood and products of wood and cork, except furniture;",78,44,34,28,14,14,50,30,20,26,8,18,8,0,8,18,8,10
`30,`586,District - South Goa,`16,`161,`0000,Sawmilling and planing of wood,6,6,0,0,0,0,6,6,0,0,0,0,0,0,0,0,0,0
`30,`586,District - South Goa,`16,`161,`1610,Saw milling and planing of wood,6,6,0,0,0,0,6,6,0,0,0,0,0,0,0,0,0,0
`30,`586,District - South Goa,`16,`162,`0000,"Manufacture of products of wood, cork, straw and plaiting materials",72,38,34,28,14,14,44,24,20,26,8,18,8,0,8,18,8,10
`30,`586,District - South Goa,`16,`162,`1623,Manufacture of wooden containers,54,26,28,28,14,14,26,12,14,8,6,2,0,0,0,8,6,2
`30,`586,District - South Goa,`16,`162,`1629,"Manufacture of other products of wood; manufacture of articles of cork,",18,12,6,0,0,0,18,12,6,18,2,16,8,0,8,10,2,8
`30,`586,District - South Goa,`18,`000,`0000,Printing and reproduction of recorded media,6,6,0,0,0,0,6,6,0,0,0,0,0,0,0,0,0,0
`30,`586,District - South Goa,`18,`181,`0000,Printing and service activities related to printing,6,6,0,0,0,0,6,6,0,0,0,0,0,0,0,0,0,0
`30,`586,District - South Goa,`18,`181,`1811,Printing,6,6,0,0,0,0,6,6,0,0,0,0,0,0,0,0,0,0
`30,`586,District - South Goa,`20,`000,`0000,Manufacture of chemicals and chemical products,14,14,0,0,0,0,14,14,0,0,0,0,0,0,0,0,0,0
`30,`586,District - South Goa,`20,`201,`0000,"Manufacture of basic chemicals, fertilizer and nitrogen compounds, plastics",6,6,0,0,0,0,6,6,0,0,0,0,0,0,0,0,0,0
`30,`586,District - South Goa,`20,`201,`2012,Manufacture of fertilizers and nitrogen compounds,6,6,0,0,0,0,6,6,0,0,0,0,0,0,0,0,0,0
`30,`586,District - South Goa,`20,`202,`0000,Manufacture of other chemical products,8,8,0,0,0,0,8,8,0,0,0,0,0,0,0,0,0,0
`30,`586,District - South Goa,`20,`202,`2022,"Manufacture of paints, varnishes and similar coatings, printing ink and",6,6,0,0,0,0,6,6,0,0,0,0,0,0,0,0,0,0
`30,`586,District - South Goa,`20,`202,`2029,Manufacture of other chemical products n.e.c.,2,2,0,0,0,0,2,2,0,0,0,0,0,0,0,0,0,0
`30,`586,District - South Goa,`21,`000,`0000,"Manufacture of pharmaceuticals, medicinal chemical and botanical products",36,34,2,2,0,2,34,34,0,0,0,0,0,0,0,0,0,0
`30,`586,District - South Goa,`21,`210,`0000,"Manufacture of pharmaceuticals, medicinal chemical and botanical products",36,34,2,2,0,2,34,34,0,0,0,0,0,0,0,0,0,0
`30,`586,District - South Goa,`21,`210,`2100,"Manufacture of pharmaceuticals, medicinal chemical and botanical",36,34,2,2,0,2,34,34,0,0,0,0,0,0,0,0,0,0
`30,`586,District - South Goa,`22,`000,`0000,Manufacture of rubber and plastics products,6,6,0,0,0,0,6,6,0,0,0,0,0,0,0,0,0,0
`30,`586,District - South Goa,`22,`221,`0000,Manufacture of rubber products,6,6,0,0,0,0,6,6,0,0,0,0,0,0,0,0,0,0
`30,`586,District - South Goa,`22,`221,`2219,Manufacture of other rubber products,6,6,0,0,0,0,6,6,0,0,0,0,0,0,0,0,0,0
`30,`586,District - South Goa,`23,`000,`0000,Manufacture of other non-metallic mineral products,6,6,0,0,0,0,6,6,0,0,0,0,0,0,0,0,0,0
`30,`586,District - South Goa,`23,`239,`0000,Manufacture of non-metallic mineral products n.e.c.,6,6,0,0,0,0,6,6,0,0,0,0,0,0,0,0,0,0
`30,`586,District - South Goa,`23,`239,`2394,"Manufacture of cement, lime and plaster",6,6,0,0,0,0,6,6,0,0,0,0,0,0,0,0,0,0
`30,`586,District - South Goa,`24,`000,`0000,Manufacture of basic metals,0,0,0,0,0,0,0,0,0,2,0,2,2,0,2,0,0,0
`30,`586,District - South Goa,`24,`241,`0000,Manufacture of basic iron and steel,0,0,0,0,0,0,0,0,0,2,0,2,2,0,2,0,0,0
`30,`586,District - South Goa,`24,`241,`2410,Manufacture of basic iron and steel,0,0,0,0,0,0,0,0,0,2,0,2,2,0,2,0,0,0
`30,`586,District - South Goa,`25,`000,`0000,"Manufacture of fabricated metal products, except machinery and equipment",2,2,0,0,0,0,2,2,0,6,6,0,0,0,0,6,6,0
`30,`586,District - South Goa,`25,`259,`0000,Manufacture of other fabricated metal products; metalworking service,2,2,0,0,0,0,2,2,0,6,6,0,0,0,0,6,6,0
`30,`586,District - South Goa,`25,`259,`2593,"Manufacture of cutlery, hand tools and general hardware",2,2,0,0,0,0,2,2,0,6,6,0,0,0,0,6,6,0
`30,`586,District - South Goa,`26,`000,`0000,"Manufacture of computer, electronic and optical products",12,10,2,6,6,0,6,4,2,0,0,0,0,0,0,0,0,0
`30,`586,District - South Goa,`26,`261,`0000,Manufacture of electronic components,2,0,2,0,0,0,2,0,2,0,0,0,0,0,0,0,0,0
`30,`586,District - South Goa,`26,`261,`2610,Manufacture of electronic components,2,0,2,0,0,0,2,0,2,0,0,0,0,0,0,0,0,0
`30,`586,District - South Goa,`26,`263,`0000,Manufacture of communication equipment,2,2,0,0,0,0,2,2,0,0,0,0,0,0,0,0,0,0
`30,`586,District - South Goa,`26,`263,`2630,Manufacture of communication equipment,2,2,0,0,0,0,2,2,0,0,0,0,0,0,0,0,0,0
`30,`586,District - South Goa,`26,`265,`0000,"Manufacture of measuring, testing, navigating and control equipment;",8,8,0,6,6,0,2,2,0,0,0,0,0,0,0,0,0,0
`30,`586,District - South Goa,`26,`265,`2652,Manufacture of watches and clocks,8,8,0,6,6,0,2,2,0,0,0,0,0,0,0,0,0,0
`30,`586,District - South Goa,`27,`000,`0000,Manufacture of electrical equipment,6,0,6,0,0,0,6,0,6,0,0,0,0,0,0,0,0,0
`30,`586,District - South Goa,`27,`273,`0000,Manufacture of wiring and wiring devices,6,0,6,0,0,0,6,0,6,0,0,0,0,0,0,0,0,0
`30,`586,District - South Goa,`27,`273,`2732,Manufacture of other electronic and electric wires and cables,6,0,6,0,0,0,6,0,6,0,0,0,0,0,0,0,0,0
`30,`586,District - South Goa,`30,`000,`0000,Manufacture of other transport equipment,44,42,2,18,18,0,26,24,2,0,0,0,0,0,0,0,0,0
`30,`586,District - South Goa,`30,`301,`0000,Building of ships and boats,38,36,2,12,12,0,26,24,2,0,0,0,0,0,0,0,0,0
`30,`586,District - South Goa,`30,`301,`3011,Building of ships and floating structures,38,36,2,12,12,0,26,24,2,0,0,0,0,0,0,0,0,0
`30,`586,District - South Goa,`30,`309,`0000,Manufacture of transport equipment n.e.c.,6,6,0,6,6,0,0,0,0,0,0,0,0,0,0,0,0,0
`30,`586,District - South Goa,`30,`309,`3099,Manufacture of other transport equipment n.e.c.,6,6,0,6,6,0,0,0,0,0,0,0,0,0,0,0,0,0
`30,`586,District - South Goa,`31,`000,`0000,Manufacture of furniture,38,38,0,12,12,0,26,26,0,6,6,0,0,0,0,6,6,0
`30,`586,District - South Goa,`31,`310,`0000,Manufacture of furniture,38,38,0,12,12,0,26,26,0,6,6,0,0,0,0,6,6,0
`30,`586,District - South Goa,`31,`310,`3100,Manufacture of furniture,38,38,0,12,12,0,26,26,0,6,6,0,0,0,0,6,6,0
`30,`586,District - South Goa,`32,`000,`0000,Other manufacturing,18,16,2,2,0,2,16,16,0,8,2,6,2,2,0,6,0,6
`30,`586,District - South Goa,`32,`329,`0000,Other manufacturing n.e.c.,18,16,2,2,0,2,16,16,0,8,2,6,2,2,0,6,0,6
`30,`586,District - South Goa,`32,`329,`3290,Other manufacturing n.e.c.,18,16,2,2,0,2,16,16,0,8,2,6,2,2,0,6,0,6
`30,`586,District - South Goa,`35,`000,`0000,"Electricity, gas, steam and air conditioning supply",38,36,2,0,0,0,38,36,2,2,2,0,2,2,0,0,0,0
`30,`586,District - South Goa,`35,`351,`0000,"Electric power generation, transmission and distribution",38,36,2,0,0,0,38,36,2,0,0,0,0,0,0,0,0,0
`30,`586,District - South Goa,`35,`351,`3510,"Electric power generation, transmission and distribution",38,36,2,0,0,0,38,36,2,0,0,0,0,0,0,0,0,0
`30,`586,District - South Goa,`35,`352,`0000,Manufacture of gas; distribution of gaseous fuels through mains,0,0,0,0,0,0,0,0,0,2,2,0,2,2,0,0,0,0
`30,`586,District - South Goa,`35,`352,`3520,Manufacture of gas; distribution of gaseous fuels through mains,0,0,0,0,0,0,0,0,0,2,2,0,2,2,0,0,0,0
`30,`586,District - South Goa,`41,`000,`0000,Construction of buildings,136,112,24,8,8,0,128,104,24,24,14,10,8,0,8,16,14,2
`30,`586,District - South Goa,`41,`410,`0000,Construction of buildings,136,112,24,8,8,0,128,104,24,24,14,10,8,0,8,16,14,2
`30,`586,District - South Goa,`41,`410,`4100,Construction of buildings,136,112,24,8,8,0,128,104,24,24,14,10,8,0,8,16,14,2
`30,`586,District - South Goa,`42,`000,`0000,Civil engineering,12,12,0,0,0,0,12,12,0,34,22,12,22,12,10,12,10,2
`30,`586,District - South Goa,`42,`421,`0000,Construction of roads and railways,0,0,0,0,0,0,0,0,0,28,16,12,22,12,10,6,4,2
`30,`586,District - South Goa,`42,`421,`4210,Construction roads and railways,0,0,0,0,0,0,0,0,0,28,16,12,22,12,10,6,4,2
`30,`586,District - South Goa,`42,`422,`0000,Construction of utility projects,6,6,0,0,0,0,6,6,0,0,0,0,0,0,0,0,0,0
`30,`586,District - South Goa,`42,`422,`4220,Construction of utility projects,6,6,0,0,0,0,6,6,0,0,0,0,0,0,0,0,0,0
`30,`586,District - South Goa,`42,`429,`0000,Construction of other civil engineering projects,6,6,0,0,0,0,6,6,0,6,6,0,0,0,0,6,6,0
`30,`586,District - South Goa,`42,`429,`4290,Construction of other civil engineering projects,6,6,0,0,0,0,6,6,0,6,6,0,0,0,0,6,6,0
`30,`586,District - South Goa,`43,`000,`0000,Specialized construction activities,102,80,22,6,0,6,96,80,16,28,20,8,10,8,2,18,12,6
`30,`586,District - South Goa,`43,`431,`0000,Demolition and site preparation,0,0,0,0,0,0,0,0,0,4,2,2,4,2,2,0,0,0
`30,`586,District - South Goa,`43,`431,`4312,Site preparation,0,0,0,0,0,0,0,0,0,4,2,2,4,2,2,0,0,0
`30,`586,District - South Goa,`43,`432,`0000,"Electrical, plumbing and other construction installation activities",24,24,0,0,0,0,24,24,0,0,0,0,0,0,0,0,0,0
`30,`586,District - South Goa,`43,`432,`4321,Electrical installation,6,6,0,0,0,0,6,6,0,0,0,0,0,0,0,0,0,0
`30,`586,District - South Goa,`43,`432,`4322,"Plumbing, heat and air-conditioning installation",18,18,0,0,0,0,18,18,0,0,0,0,0,0,0,0,0,0
`30,`586,District - South Goa,`43,`433,`0000,Building completion and finishing,78,56,22,6,0,6,72,56,16,24,18,6,6,6,0,18,12,6
`30,`586,District - South Goa,`43,`433,`4330,Building completion and finishing,78,56,22,6,0,6,72,56,16,24,18,6,6,6,0,18,12,6
`30,`586,District - South Goa,`45,`000,`0000,Wholesale and retail trade and repair of motor vehicles and motorcycles,20,18,2,0,0,0,20,18,2,2,2,0,0,0,0,2,2,0
`30,`586,District - South Goa,`45,`452,`0000,Maintenance and repair of motor vehicles,6,6,0,0,0,0,6,6,0,0,0,0,0,0,0,0,0,0
`30,`586,District - South Goa,`45,`452,`4520,Maintenance and repair of motor vehicles,6,6,0,0,0,0,6,6,0,0,0,0,0,0,0,0,0,0
`30,`586,District - South Goa,`45,`454,`0000,"Sale, maintenance and repair of motorcycles and related parts and",14,12,2,0,0,0,14,12,2,2,2,0,0,0,0,2,2,0
`30,`586,District - South Goa,`45,`454,`4540,"Sale, maintenance and repair of motorcycles and related parts and",14,12,2,0,0,0,14,12,2,2,2,0,0,0,0,2,2,0
`30,`586,District - South Goa,`46,`000,`0000,"Wholesale trade, except of motor vehicles and motorcycles",42,30,12,2,2,0,40,28,12,18,18,0,0,0,0,18,18,0
`30,`586,District - South Goa,`46,`461,`0000,Wholesale on a fee or contract basis,2,2,0,2,2,0,0,0,0,0,0,0,0,0,0,0,0,0
`30,`586,District - South Goa,`46,`461,`4610,Wholesale on a fee or contract basis,2,2,0,2,2,0,0,0,0,0,0,0,0,0,0,0,0,0
`30,`586,District - South Goa,`46,`463,`0000,"Wholesale of food, beverages and tobacco",12,6,6,0,0,0,12,6,6,0,0,0,0,0,0,0,0,0
`30,`586,District - South Goa,`46,`463,`4630,"Wholesale of food, beverages and tobacco",12,6,6,0,0,0,12,6,6,0,0,0,0,0,0,0,0,0
`30,`586,District - South Goa,`46,`464,`0000,Wholesale of household goods,0,0,0,0,0,0,0,0,0,6,6,0,0,0,0,6,6,0
`30,`586,District - South Goa,`46,`464,`4641,"Wholesale of textiles, clothing and footwear",0,0,0,0,0,0,0,0,0,6,6,0,0,0,0,6,6,0
`30,`586,District - South Goa,`46,`465,`0000,"Wholesale of machinery, equipment and supplies",2,2,0,0,0,0,2,2,0,0,0,0,0,0,0,0,0,0
`30,`586,District - South Goa,`46,`465,`4659,Wholesale of other machinery and equipment,2,2,0,0,0,0,2,2,0,0,0,0,0,0,0,0,0,0
`30,`586,District - South Goa,`46,`466,`0000,Other specialized wholesale,18,12,6,0,0,0,18,12,6,12,12,0,0,0,0,12,12,0
`30,`586,District - South Goa,`46,`466,`4663,"Wholesale of construction materials, hardware, plumbing and heating",6,6,0,0,0,0,6,6,0,0,0,0,0,0,0,0,0,0
`30,`586,District - South Goa,`46,`466,`4669,Wholesale of waste and scrap and other products n.e.c.,12,6,6,0,0,0,12,6,6,12,12,0,0,0,0,12,12,0
`30,`586,District - South Goa,`46,`469,`0000,Non-specialized wholesale trade,8,8,0,0,0,0,8,8,0,0,0,0,0,0,0,0,0,0
`30,`586,District - South Goa,`46,`469,`4690,Non-specialized wholesale trade,8,8,0,0,0,0,8,8,0,0,0,0,0,0,0,0,0,0
`30,`586,District - South Goa,`47,`000,`0000,"Retail trade, except of motor vehicles and motorcycles",164,138,26,4,4,0,160,134,26,48,26,22,8,6,2,40,20,20
`30,`586,District - South Goa,`47,`471,`0000,Retail sale in non-specialized stores,0,0,0,0,0,0,0,0,0,6,6,0,0,0,0,6,6,0
`30,`586,District - South Goa,`47,`471,`4719,Other retail sale in non-specialized stores,0,0,0,0,0,0,0,0,0,6,6,0,0,0,0,6,6,0
`30,`586,District - South Goa,`47,`472,`0000,"Retail sale of food, beverages and tobacco in specialized stores",60,46,14,2,2,0,58,44,14,8,2,6,2,2,0,6,0,6
`30,`586,District - South Goa,`47,`472,`4721,Retail sale of food in specialized stores,58,44,14,0,0,0,58,44,14,8,2,6,2,2,0,6,0,6
`30,`586,District - South Goa,`47,`472,`4722,Retail sale of beverages in specialized stores,2,2,0,2,2,0,0,0,0,0,0,0,0,0,0,0,0,0
`30,`586,District - South Goa,`47,`474,`0000,Retail sale of information and communications equipment in specialized,4,4,0,0,0,0,4,4,0,0,0,0,0,0,0,0,0,0
`30,`586,District - South Goa,`47,`474,`4741,"Retail sale of computers, peripheral units, software and",4,4,0,0,0,0,4,4,0,0,0,0,0,0,0,0,0,0
`30,`586,District - South Goa,`47,`475,`0000,Retail sale of other household equipment in specialized stores,18,12,6,0,0,0,18,12,6,8,0,8,0,0,0,8,0,8
`30,`586,District - South Goa,`47,`475,`4751,Retail sale of textiles in specialized stores,4,0,4,0,0,0,4,0,4,6,0,6,0,0,0,6,0,6
`30,`586,District - South Goa,`47,`475,`4752,"Retail sale of hardware, paints and glass in specialized stores",12,12,0,0,0,0,12,12,0,0,0,0,0,0,0,0,0,0
`30,`586,District - South Goa,`47,`475,`4759,"Retail sale of electrical household appliances, furniture, lighting",2,0,2,0,0,0,2,0,2,2,0,2,0,0,0,2,0,2
`30,`586,District - South Goa,`47,`476,`0000,Retail sale of cultural and recreation goods in specialized stores,6,6,0,0,0,0,6,6,0,0,0,0,0,0,0,0,0,0
`30,`586,District - South Goa,`47,`476,`4761,"Retail sale of books, newspapers and stationary in specialized stores",6,6,0,0,0,0,6,6,0,0,0,0,0,0,0,0,0,0
`30,`586,District - South Goa,`47,`477,`0000,Retail sale of other goods in specialized stores,54,48,6,2,2,0,52,46,6,14,12,2,0,0,0,14,12,2
`30,`586,District - South Goa,`47,`477,`4771,"Retail sale of clothing, footwear and leather articles in specialized",32,26,6,2,2,0,30,24,6,14,12,2,0,0,0,14,12,2
`30,`586,District - South Goa,`47,`477,`4773,Other retail sale of new goods in specialized stores,22,22,0,0,0,0,22,22,0,0,0,0,0,0,0,0,0,0
`30,`586,District - South Goa,`47,`478,`0000,Retail sale via stalls and markets,16,16,0,0,0,0,16,16,0,6,4,2,2,2,0,4,2,2
`30,`586,District - South Goa,`47,`478,`4781,"Retail sale via stalls and markets of food, beverages and tobacco",0,0,0,0,0,0,0,0,0,2,0,2,0,0,0,2,0,2
`30,`586,District - South Goa,`47,`478,`4782,"Retail sale via stalls and markets of textiles, clothing and footwear",0,0,0,0,0,0,0,0,0,2,2,0,0,0,0,2,2,0
`30,`586,District - South Goa,`47,`478,`4789,Retail sale via stalls and markets of other goods,16,16,0,0,0,0,16,16,0,2,2,0,2,2,0,0,0,0
`30,`586,District - South Goa,`47,`479,`0000,"Retail trade not in stores, stalls or markets",6,6,0,0,0,0,6,6,0,6,2,4,4,2,2,2,0,2
`30,`586,District - South Goa,`47,`479,`4799,"Other retail sale not in stores, stalls or markets",6,6,0,0,0,0,6,6,0,6,2,4,4,2,2,2,0,2
`30,`586,District - South Goa,`49,`000,`0000,Land transport and transport via pipelines,164,154,10,42,42,0,122,112,10,22,22,0,2,2,0,20,20,0
`30,`586,District - South Goa,`49,`491,`0000,Transport via railways,14,14,0,12,12,0,2,2,0,0,0,0,0,0,0,0,0,0
`30,`586,District - South Goa,`49,`491,`4911,Passenger rail transport,14,14,0,12,12,0,2,2,0,0,0,0,0,0,0,0,0,0
`30,`586,District - South Goa,`49,`492,`0000,Other land transport,150,140,10,30,30,0,120,110,10,22,22,0,2,2,0,20,20,0
`30,`586,District - South Goa,`49,`492,`4921,Urban or suburban passenger land transport,8,8,0,0,0,0,8,8,0,0,0,0,0,0,0,0,0,0
`30,`586,District - South Goa,`49,`492,`4922,Other passenger land transport,92,82,10,6,6,0,86,76,10,8,8,0,0,0,0,8,8,0
`30,`586,District - South Goa,`49,`492,`4923,Freight transport by road,50,50,0,24,24,0,26,26,0,14,14,0,2,2,0,12,12,0
`30,`586,District - South Goa,`50,`000,`0000,Water transport,94,90,4,6,6,0,88,84,4,6,6,0,0,0,0,6,6,0
`30,`586,District - South Goa,`50,`501,`0000,Sea and coastal water transport,76,72,4,0,0,0,76,72,4,6,6,0,0,0,0,6,6,0
`30,`586,District - South Goa,`50,`501,`5011,Sea and coastal passenger water transport,70,66,4,0,0,0,70,66,4,6,6,0,0,0,0,6,6,0
`30,`586,District - South Goa,`50,`501,`5012,Sea and coastal freight water transport,6,6,0,0,0,0,6,6,0,0,0,0,0,0,0,0,0,0
`30,`586,District - South Goa,`50,`502,`0000,Inland water transport,18,18,0,6,6,0,12,12,0,0,0,0,0,0,0,0,0,0
`30,`586,District - South Goa,`50,`502,`5021,Inland passenger water transport,18,18,0,6,6,0,12,12,0,0,0,0,0,0,0,0,0,0
`30,`586,District - South Goa,`52,`000,`0000,Warehousing and support activities for transportation,22,14,8,2,2,0,20,12,8,2,0,2,2,0,2,0,0,0
`30,`586,District - South Goa,`52,`521,`0000,Warehousing and storage,14,6,8,0,0,0,14,6,8,2,0,2,2,0,2,0,0,0
`30,`586,District - South Goa,`52,`521,`5210,Warehousing and storage,14,6,8,0,0,0,14,6,8,2,0,2,2,0,2,0,0,0
`30,`586,District - South Goa,`52,`522,`0000,Support activities for transportation,8,8,0,2,2,0,6,6,0,0,0,0,0,0,0,0,0,0
`30,`586,District - South Goa,`52,`522,`5221,Service activities incidental to land transportation,6,6,0,0,0,0,6,6,0,0,0,0,0,0,0,0,0,0
`30,`586,District - South Goa,`52,`522,`5229,Other transportation support activities,2,2,0,2,2,0,0,0,0,0,0,0,0,0,0,0,0,0
`30,`586,District - South Goa,`53,`000,`0000,Postal and courier activities,0,0,0,0,0,0,0,0,0,6,0,6,0,0,0,6,0,6
`30,`586,District - South Goa,`53,`532,`0000,Courier activities,0,0,0,0,0,0,0,0,0,6,0,6,0,0,0,6,0,6
`30,`586,District - South Goa,`53,`532,`5320,Courier activities,0,0,0,0,0,0,0,0,0,6,0,6,0,0,0,6,0,6
`30,`586,District - South Goa,`55,`000,`0000,Accommodation,22,22,0,16,16,0,6,6,0,6,6,0,0,0,0,6,6,0
`30,`586,District - South Goa,`55,`551,`0000,Short term accommodation activities,22,22,0,16,16,0,6,6,0,6,6,0,0,0,0,6,6,0
`30,`586,District - South Goa,`55,`551,`5510,Short term accommodation activities,22,22,0,16,16,0,6,6,0,6,6,0,0,0,0,6,6,0
`30,`586,District - South Goa,`56,`000,`0000,Food and beverage service activities,18,18,0,6,6,0,12,12,0,6,6,0,0,0,0,6,6,0
`30,`586,District - South Goa,`56,`561,`0000,Restaurants and mobile food service activities,6,6,0,0,0,0,6,6,0,0,0,0,0,0,0,0,0,0
`30,`586,District - South Goa,`56,`561,`5610,Restaurants and mobile food service activities,6,6,0,0,0,0,6,6,0,0,0,0,0,0,0,0,0,0
`30,`586,District - South Goa,`56,`563,`0000,Beverage serving activities,12,12,0,6,6,0,6,6,0,6,6,0,0,0,0,6,6,0
`30,`586,District - South Goa,`56,`563,`5630,Beverage serving activities,12,12,0,6,6,0,6,6,0,6,6,0,0,0,0,6,6,0
`30,`586,District - South Goa,`58,`000,`0000,Publishing activities,6,6,0,0,0,0,6,6,0,0,0,0,0,0,0,0,0,0
`30,`586,District - South Goa,`58,`581,`0000,"Publishing of books, periodicals and other publishing activities",6,6,0,0,0,0,6,6,0,0,0,0,0,0,0,0,0,0
`30,`586,District - South Goa,`58,`581,`5813,"Publishing of newspapers, journals and periodicals",6,6,0,0,0,0,6,6,0,0,0,0,0,0,0,0,0,0
`30,`586,District - South Goa,`61,`000,`0000,Telecommunications,20,20,0,0,0,0,20,20,0,0,0,0,0,0,0,0,0,0
`30,`586,District - South Goa,`61,`611,`0000,Wired telecommunications activities,12,12,0,0,0,0,12,12,0,0,0,0,0,0,0,0,0,0
`30,`586,District - South Goa,`61,`611,`6110,Wired telecommunications activities,12,12,0,0,0,0,12,12,0,0,0,0,0,0,0,0,0,0
`30,`586,District - South Goa,`61,`612,`0000,Wireless telecommunications activities,2,2,0,0,0,0,2,2,0,0,0,0,0,0,0,0,0,0
`30,`586,District - South Goa,`61,`612,`6120,Wireless telecommunications activities,2,2,0,0,0,0,2,2,0,0,0,0,0,0,0,0,0,0
`30,`586,District - South Goa,`61,`619,`0000,Other telecommunications activities,6,6,0,0,0,0,6,6,0,0,0,0,0,0,0,0,0,0
`30,`586,District - South Goa,`61,`619,`6190,Other telecommunications activities,6,6,0,0,0,0,6,6,0,0,0,0,0,0,0,0,0,0
`30,`586,District - South Goa,`63,`000,`0000,Information service activities,8,8,0,0,0,0,8,8,0,0,0,0,0,0,0,0,0,0
`30,`586,District - South Goa,`63,`631,`0000,"Data processing, hosting and related activities; web portals",2,2,0,0,0,0,2,2,0,0,0,0,0,0,0,0,0,0
`30,`586,District - South Goa,`63,`631,`6311,"Data processing, hosting and related activities",2,2,0,0,0,0,2,2,0,0,0,0,0,0,0,0,0,0
`30,`586,District - South Goa,`63,`639,`0000,Other information service activities,6,6,0,0,0,0,6,6,0,0,0,0,0,0,0,0,0,0
`30,`586,District - South Goa,`63,`639,`6399,Other information service activities n.e.c.,6,6,0,0,0,0,6,6,0,0,0,0,0,0,0,0,0,0
`30,`586,District - South Goa,`64,`000,`0000,"Financial service activities, except insurance and pension funding",52,32,20,0,0,0,52,32,20,0,0,0,0,0,0,0,0,0
`30,`586,District - South Goa,`64,`641,`0000,Monetary intermediation,52,32,20,0,0,0,52,32,20,0,0,0,0,0,0,0,0,0
`30,`586,District - South Goa,`64,`641,`6411,Central banking,24,18,6,0,0,0,24,18,6,0,0,0,0,0,0,0,0,0
`30,`586,District - South Goa,`64,`641,`6419,Other monetary intermediation,28,14,14,0,0,0,28,14,14,0,0,0,0,0,0,0,0,0
`30,`586,District - South Goa,`65,`000,`0000,"Insurance, reinsurance and pension funding, except compulsory social",20,12,8,0,0,0,20,12,8,0,0,0,0,0,0,0,0,0
`30,`586,District - South Goa,`65,`651,`0000,Insurance,20,12,8,0,0,0,20,12,8,0,0,0,0,0,0,0,0,0
`30,`586,District - South Goa,`65,`651,`6511,Life insurance,14,12,2,0,0,0,14,12,2,0,0,0,0,0,0,0,0,0
`30,`586,District - South Goa,`65,`651,`6512,Non-life insurance,6,0,6,0,0,0,6,0,6,0,0,0,0,0,0,0,0,0
`30,`586,District - South Goa,`74,`000,`0000,"Other professional, scientific and technical activities",6,6,0,0,0,0,6,6,0,0,0,0,0,0,0,0,0,0
`30,`586,District - South Goa,`74,`741,`0000,Specialized design activities,6,6,0,0,0,0,6,6,0,0,0,0,0,0,0,0,0,0
`30,`586,District - South Goa,`74,`741,`7410,Specialized design activities,6,6,0,0,0,0,6,6,0,0,0,0,0,0,0,0,0,0
`30,`586,District - South Goa,`77,`000,`0000,Rental and leasing activities,2,2,0,2,2,0,0,0,0,0,0,0,0,0,0,0,0,0
`30,`586,District - South Goa,`77,`771,`0000,Renting and leasing of motor vehicles,2,2,0,2,2,0,0,0,0,0,0,0,0,0,0,0,0,0
`30,`586,District - South Goa,`77,`771,`7710,Renting and leasing of motor vehicles,2,2,0,2,2,0,0,0,0,0,0,0,0,0,0,0,0,0
`30,`586,District - South Goa,`80,`000,`0000,Security and investigation activities,2,2,0,0,0,0,2,2,0,0,0,0,0,0,0,0,0,0
`30,`586,District - South Goa,`80,`801,`0000,Private security activities,2,2,0,0,0,0,2,2,0,0,0,0,0,0,0,0,0,0
`30,`586,District - South Goa,`80,`801,`8010,Private security activities,2,2,0,0,0,0,2,2,0,0,0,0,0,0,0,0,0,0
`30,`586,District - South Goa,`81,`000,`0000,Services to buildings and landscape activities,2,2,0,0,0,0,2,2,0,0,0,0,0,0,0,0,0,0
`30,`586,District - South Goa,`81,`812,`0000,Cleaning activities,2,2,0,0,0,0,2,2,0,0,0,0,0,0,0,0,0,0
`30,`586,District - South Goa,`81,`812,`8129,Other building and industrial cleaning activities,2,2,0,0,0,0,2,2,0,0,0,0,0,0,0,0,0,0
`30,`586,District - South Goa,`82,`000,`0000,"Office administrative, office support and other business support activities",76,50,26,6,6,0,70,44,26,6,0,6,0,0,0,6,0,6
`30,`586,District - South Goa,`82,`821,`0000,Office administrative and support activities,8,8,0,0,0,0,8,8,0,0,0,0,0,0,0,0,0,0
`30,`586,District - South Goa,`82,`821,`8211,Combined office administrative service activities,2,2,0,0,0,0,2,2,0,0,0,0,0,0,0,0,0,0
`30,`586,District - South Goa,`82,`821,`8219,"Photocopying, document preparation and other specialized office",6,6,0,0,0,0,6,6,0,0,0,0,0,0,0,0,0,0
`30,`586,District - South Goa,`82,`829,`0000,Business support service activities n.e.c.,68,42,26,6,6,0,62,36,26,6,0,6,0,0,0,6,0,6
`30,`586,District - South Goa,`82,`829,`8299,Other business support service activities n.e.c.,68,42,26,6,6,0,62,36,26,6,0,6,0,0,0,6,0,6
`30,`586,District - South Goa,`84,`000,`0000,Public administration and defence; compulsory social security,440,298,142,44,42,2,396,256,140,30,12,18,0,0,0,30,12,18
`30,`586,District - South Goa,`84,`841,`0000,Administration of the State and the economic and social policy of the,402,272,130,44,42,2,358,230,128,30,12,18,0,0,0,30,12,18
`30,`586,District - South Goa,`84,`841,`8411,General public administration activities,402,272,130,44,42,2,358,230,128,30,12,18,0,0,0,30,12,18
`30,`586,District - South Goa,`84,`842,`0000,Provision of services to the community as a whole,38,26,12,0,0,0,38,26,12,0,0,0,0,0,0,0,0,0
`30,`586,District - South Goa,`84,`842,`8422,Defence activities,12,12,0,0,0,0,12,12,0,0,0,0,0,0,0,0,0,0
`30,`586,District - South Goa,`84,`842,`8423,Public order and safety activities,26,14,12,0,0,0,26,14,12,0,0,0,0,0,0,0,0,0
`30,`586,District - South Goa,`85,`000,`0000,Education,64,28,36,20,14,6,44,14,30,0,0,0,0,0,0,0,0,0
`30,`586,District - South Goa,`85,`851,`0000,Primary education,32,6,26,12,6,6,20,0,20,0,0,0,0,0,0,0,0,0
`30,`586,District - South Goa,`85,`851,`8510,Primary education,32,6,26,12,6,6,20,0,20,0,0,0,0,0,0,0,0,0
`30,`586,District - South Goa,`85,`852,`0000,Secondary education,2,0,2,0,0,0,2,0,2,0,0,0,0,0,0,0,0,0
`30,`586,District - South Goa,`85,`852,`8521,General secondary education,2,0,2,0,0,0,2,0,2,0,0,0,0,0,0,0,0,0
`30,`586,District - South Goa,`85,`853,`0000,Higher education,8,2,6,0,0,0,8,2,6,0,0,0,0,0,0,0,0,0
`30,`586,District - South Goa,`85,`853,`8530,Higher education,8,2,6,0,0,0,8,2,6,0,0,0,0,0,0,0,0,0
`30,`586,District - South Goa,`85,`854,`0000,Other education,14,14,0,8,8,0,6,6,0,0,0,0,0,0,0,0,0,0
`30,`586,District - South Goa,`85,`854,`8549,Other education n.e.c.,14,14,0,8,8,0,6,6,0,0,0,0,0,0,0,0,0,0
`30,`586,District - South Goa,`85,`855,`0000,Educational support services,8,6,2,0,0,0,8,6,2,0,0,0,0,0,0,0,0,0
`30,`586,District - South Goa,`85,`855,`8550,Educational support services,8,6,2,0,0,0,8,6,2,0,0,0,0,0,0,0,0,0
`30,`586,District - South Goa,`86,`000,`0000,Human health activities,56,8,48,8,0,8,48,8,40,8,6,2,0,0,0,8,6,2
`30,`586,District - South Goa,`86,`861,`0000,Hospital activities,32,6,26,0,0,0,32,6,26,0,0,0,0,0,0,0,0,0
`30,`586,District - South Goa,`86,`861,`8610,Hospital activities,32,6,26,0,0,0,32,6,26,0,0,0,0,0,0,0,0,0
`30,`586,District - South Goa,`86,`862,`0000,Medical and dental practice activities,8,0,8,0,0,0,8,0,8,0,0,0,0,0,0,0,0,0
`30,`586,District - South Goa,`86,`862,`8620,Medical and dental practice activities,8,0,8,0,0,0,8,0,8,0,0,0,0,0,0,0,0,0
`30,`586,District - South Goa,`86,`869,`0000,Other human health activities,16,2,14,8,0,8,8,2,6,8,6,2,0,0,0,8,6,2
`30,`586,District - South Goa,`86,`869,`8690,Other human health activities,16,2,14,8,0,8,8,2,6,8,6,2,0,0,0,8,6,2
`30,`586,District - South Goa,`87,`000,`0000,Residential care activities,6,0,6,0,0,0,6,0,6,0,0,0,0,0,0,0,0,0
`30,`586,District - South Goa,`87,`873,`0000,Residential care activities for the elderly and disabled,6,0,6,0,0,0,6,0,6,0,0,0,0,0,0,0,0,0
`30,`586,District - South Goa,`87,`873,`8730,Residential care activities for the elderly and disabled,6,0,6,0,0,0,6,0,6,0,0,0,0,0,0,0,0,0
`30,`586,District - South Goa,`88,`000,`0000,Social work activities without accommodation,8,0,8,0,0,0,8,0,8,6,0,6,0,0,0,6,0,6
`30,`586,District - South Goa,`88,`889,`0000,Other social work activities without accommodation n.e.c.,8,0,8,0,0,0,8,0,8,6,0,6,0,0,0,6,0,6
`30,`586,District - South Goa,`88,`889,`8890,Other social work activities without accommodation n.e.c.,8,0,8,0,0,0,8,0,8,6,0,6,0,0,0,6,0,6
`30,`586,District - South Goa,`90,`000,`0000,"Creative, arts and entertainment activities",36,26,10,6,6,0,30,20,10,0,0,0,0,0,0,0,0,0
`30,`586,District - South Goa,`90,`900,`0000,"Creative, arts and entertainment activities",36,26,10,6,6,0,30,20,10,0,0,0,0,0,0,0,0,0
`30,`586,District - South Goa,`90,`900,`9000,"Dramatic arts, music and other arts activities",36,26,10,6,6,0,30,20,10,0,0,0,0,0,0,0,0,0
`30,`586,District - South Goa,`91,`000,`0000,"Libraries, archives, museums and other cultural activities",2,0,2,0,0,0,2,0,2,0,0,0,0,0,0,0,0,0
`30,`586,District - South Goa,`91,`910,`0000,"Libraries, archives, museums and other cultural activities",2,0,2,0,0,0,2,0,2,0,0,0,0,0,0,0,0,0
`30,`586,District - South Goa,`91,`910,`9103,Botanical and zoological gardens and nature reserves activities,2,0,2,0,0,0,2,0,2,0,0,0,0,0,0,0,0,0
`30,`586,District - South Goa,`92,`000,`0000,Gambling and betting activities,6,6,0,0,0,0,6,6,0,0,0,0,0,0,0,0,0,0
`30,`586,District - South Goa,`92,`920,`0000,Gambling and betting activities,6,6,0,0,0,0,6,6,0,0,0,0,0,0,0,0,0,0
`30,`586,District - South Goa,`92,`920,`9200,Gambling and betting activities,6,6,0,0,0,0,6,6,0,0,0,0,0,0,0,0,0,0
`30,`586,District - South Goa,`93,`000,`0000,Sports activities and amusement and recreation activities,16,14,2,0,0,0,16,14,2,0,0,0,0,0,0,0,0,0
`30,`586,District - South Goa,`93,`931,`0000,Sports activities,2,0,2,0,0,0,2,0,2,0,0,0,0,0,0,0,0,0
`30,`586,District - South Goa,`93,`931,`9319,Other sports activities,2,0,2,0,0,0,2,0,2,0,0,0,0,0,0,0,0,0
`30,`586,District - South Goa,`93,`932,`0000,Other amusement and recreation activities,14,14,0,0,0,0,14,14,0,0,0,0,0,0,0,0,0,0
`30,`586,District - South Goa,`93,`932,`9329,Other amusement and recreation activities n.e.c.,14,14,0,0,0,0,14,14,0,0,0,0,0,0,0,0,0,0
`30,`586,District - South Goa,`95,`000,`0000,Repair of computers and personal and household goods,32,26,6,0,0,0,32,26,6,6,6,0,0,0,0,6,6,0
`30,`586,District - South Goa,`95,`951,`0000,Repair of computers and communication equipment,6,6,0,0,0,0,6,6,0,0,0,0,0,0,0,0,0,0
`30,`586,District - South Goa,`95,`951,`9512,Repair of communication equipment,6,6,0,0,0,0,6,6,0,0,0,0,0,0,0,0,0,0
`30,`586,District - South Goa,`95,`952,`0000,Repair of personal and household goods,26,20,6,0,0,0,26,20,6,6,6,0,0,0,0,6,6,0
`30,`586,District - South Goa,`95,`952,`9523,Repair of footwear and leather goods,26,20,6,0,0,0,26,20,6,0,0,0,0,0,0,0,0,0
`30,`586,District - South Goa,`95,`952,`9529,"Repair of personal and household goods, n.e.c.",0,0,0,0,0,0,0,0,0,6,6,0,0,0,0,6,6,0
`30,`586,District - South Goa,`96,`000,`0000,Other personal service activities,78,2,76,10,0,10,68,2,66,16,0,16,2,0,2,14,0,14
`30,`586,District - South Goa,`96,`960,`0000,Other personal service activities,78,2,76,10,0,10,68,2,66,16,0,16,2,0,2,14,0,14
`30,`586,District - South Goa,`96,`960,`9602,Hairdressing and other beauty treatment,6,0,6,0,0,0,6,0,6,0,0,0,0,0,0,0,0,0
`30,`586,District - South Goa,`96,`960,`9609,Other personal service activities n.e.c.,72,2,70,10,0,10,62,2,60,16,0,16,2,0,2,14,0,14
`30,`586,District - South Goa,`99,`000,`0000,Activities of extraterritorial organizations and bodies,116,58,58,30,16,14,86,42,44,114,34,80,26,6,20,88,28,60
`30,`586,District - South Goa,`99,`991,`0000,Blank,104,58,46,30,16,14,74,42,32,108,28,80,26,6,20,82,22,60
`30,`586,District - South Goa,`99,`991,`9910,Blank,104,58,46,30,16,14,74,42,32,108,28,80,26,6,20,82,22,60
`30,`586,District - South Goa,`99,`992,`0000,Incomplete description/ Wrongly Classifed,12,0,12,0,0,0,12,0,12,6,6,0,0,0,0,6,6,0
`30,`586,District - South Goa,`99,`992,`9920,Incomplete description/ Wrongly Classifed,12,0,12,0,0,0,12,0,12,6,6,0,0,0,0,6,6,0
